1.0
1.0
1.0
1.0
1.0
1.0
1.0
1.0
1.0
1.0
1.0
0.9374967447086815
0.9836715676648683
0.9850800399583719
0.9857930429667792
0.9865512661038004
0.9857697060263759
0.9859582608607961
0.9867476172010736
0.9879615651662756
0.9882903381470154
0.9888198812392843
0.9892784570682371
0.989801352741155
0.990178066371527
0.9904240192786289
0.9905729514412989
0.9900422568060485
0.9651949296653741
0.9590192991963074
0.9133529202265385
0.7631133888214522
0.6286694592620401
0.6340931603568183
0.6608808029708741
0.6702682067150517
0.6750802925106085
0.6862653460379953
0.6926954470527622
0.6971779358441198
0.7064912064138597
0.7114689242400769
0.7153715670049415
0.7239291549373582
0.7285621233677976
0.7321106493487297
0.7393803559206918
0.7439012821765901
0.7470871944891755
0.7533159765066588
0.7571551223106372
0.7596631979907962
0.7659106096088191
0.7693758249982797
0.7787237369793547
0.7953403827807812
0.7795207772462459
0.8009801478273049
0.8037008449165269
0.8102772649450015
0.8135485006452724
0.8187730827221411
0.821759685110979
0.8269302154376367
0.829477306790008
0.8342664636280565
0.8370585082866425
0.8413131114544778
0.8438099068460791
0.8478321699439348
0.8503276574363247
0.8542102494103802
0.8567934111310945
0.8606975875389609
0.8499963698184778
1.0
1.0
1.0
1.0
1.0
1.0
1.0
1.0
1.0
1.0
