20.9054 1.802 51.4273 8 195072
20.9058 1.862 62.2127 10 185856
20.906 1.85 62.6162 10 184320
20.9061 1.84 62.9565 10 179712
21.1007 14.78 52.512 0 96768
21.1061 25.102 31.3804 0 97280
21.1678 33.389 23.592 0 97792
21.1804 40.019 19.6835 0 98304
21.2417 45.383 17.6122 0 98816
21.3049 49.704 16.0811 0 99328
21.3671 53.131 15.0439 0 99840
21.38 55.902 14.5054 0 100352
21.4415 58.15 13.9446 0 100864
21.5057 60.008 13.7059 0 101376
21.5687 61.524 13.3682 0 101888
21.5798 62.737 13.1097 0 102400
21.6435 63.708 13.0917 0 102912
21.707 64.604 12.9102 0 103424
21.7704 65.261 12.7802 0 103936
21.7812 65.817 12.8482 0 104448
21.8399 65.21 12.9678 0 104960
21.8894 62.682 13.4908 0 105472
21.9391 60.69 14.1245 0 105984
21.9478 59.096 14.5055 0 106496
21.9977 57.85 14.8179 0 107008
22.0477 56.914 15.2651 0 107520
22.0972 56.166 15.4684 0 108032
22.1059 55.537 15.6436 0 108544
22.1566 55.153 15.9626 0 109056
22.2063 54.877 16.0429 0 109568
22.2162 54.716 16.3018 0 110080
22.2662 54.587 16.3403 0 110592
22.318 54.604 16.3352 0 111104
22.3692 54.708 16.5159 0 111616
22.3795 54.851 16.4728 0 112128
22.4313 55.025 16.4208 0 112640
22.4853 55.405 16.5172 0 113152
22.5394 56.01 16.3388 0 113664
22.549 56.493 16.1991 0 114176
22.6064 57.331 16.1644 0 114688
22.6653 58.421 15.8628 0 115200
22.7242 59.294 15.6292 0 115712
22.7338 60.022 15.6327 0 116224
22.7936 60.664 15.4672 0 116736
22.8533 61.178 15.3373 0 117248
22.9137 61.679 15.4005 0 117760
22.9236 62.08 15.301 0 118272
22.9843 62.431 15.4006 0 118784
23.0444 62.772 15.3169 0 119296
23.1048 63.074 15.2436 0 119808
23.115 63.317 15.368 0 120320
23.176 63.57 15.3068 0 120832
23.236 63.773 15.2581 0 121344
23.2473 63.996 15.386 0 121856
23.3077 64.174 15.3433 0 122368
23.3688 64.316 15.3094 0 122880
23.4297 64.52 15.4405 0 123392
23.4405 64.684 15.4014 0 123904
23.5025 64.874 15.3563 0 124416
23.565 65.027 15.4983 0 124928
23.6266 65.209 15.455 0 125440
23.6374 65.355 15.4205 0 125952
23.6999 65.501 15.563 0 126464
23.7627 65.709 15.5137 0 126976
23.8248 65.874 15.6507 0 127488
23.8356 66.007 15.6192 0 128000
23.8983 66.143 15.5871 0 128512
23.9615 66.373 15.7076 0 129024
24.0241 66.526 15.6715 0 129536
24.0347 66.648 15.6428 0 130048
24.0982 66.777 15.786 0 130560
24.1608 66.939 15.7478 0 131072
24.1725 67.069 15.7173 0 131584
24.2365 67.233 15.8513 0 132096
24.3014 67.425 15.8061 0 132608
24.3648 67.518 15.7844 0 133120
24.4295 67.742 15.9032 0 133632
24.4408 67.862 15.875 0 134144
24.5057 68.018 15.8386 0 134656
24.5703 68.233 15.9585 0 135168
24.582 68.404 15.9186 0 135680
24.6469 68.512 16.0626 0 136192
24.7119 68.628 16.0354 0 136704
24.7764 68.781 15.9998 0 137216
24.7881 68.933 16.1325 0 137728
24.8533 69.085 16.097 0 138240
24.9187 69.266 16.055 0 138752
24.9839 69.382 16.1951 0 139264
24.995 69.474 16.1736 0 139776
25.0616 69.578 16.1495 0 140288
25.1284 69.751 16.2755 0 140800
25.1947 69.949 16.2294 0 141312
25.207 70.108 16.1926 0 141824
25.2738 70.265 16.3213 0 142336
25.3407 70.391 16.2921 0 142848
25.4072 70.552 16.4191 0 143360
25.4197 70.68 16.3894 0 143872
25.4869 70.843 16.3517 0 144384
25.5542 71.003 16.478 0 144896
25.6215 71.192 16.4342 0 145408
25.6335 71.343 16.3994 0 145920
25.7014 71.493 16.527 0 146432
25.7687 71.674 16.4853 0 146944
25.7815 71.848 16.4454 0 147456
25.8489 71.988 16.5743 0 147968
25.917 72.129 16.5419 0 148480
25.9847 72.303 16.5021 0 148992
25.997 72.472 16.6235 0 149504
26.0657 72.607 16.5926 0 150016
26.1352 72.715 16.5679 0 150528
26.2042 72.891 16.6868 0 151040
26.2171 73.033 16.6544 0 151552
26.2871 73.206 16.7733 0 152064
26.3571 73.404 16.728 0 152576
26.4258 73.503 16.7055 0 153088
26.4397 73.612 16.8381 0 153600
26.5089 73.729 16.8114 0 154112
26.5794 73.883 16.7764 0 154624
26.6492 74.096 16.8845 0 155136
26.6623 74.297 16.8388 0 155648
26.7326 74.427 16.8094 0 156160
26.8031 74.532 16.9411 0 156672
26.8731 74.675 16.9087 0 157184
26.8861 74.79 16.8827 0 157696
26.957 74.972 16.9962 0 158208
27.0281 75.178 16.9496 0 158720
27.0984 75.282 16.9262 0 159232
27.1117 75.456 17.0407 0 159744
27.1829 75.595 17.0094 0 160256
27.254 75.796 17.1171 0 160768
27.2673 75.957 17.0808 0 161280
27.3392 76.116 17.0451 0 161792
27.4124 76.273 17.1619 0 162304
27.4846 76.399 17.1336 0 162816
27.5567 76.59 17.0909 0 163328
27.5716 76.742 17.208 0 163840
27.6447 76.924 17.1673 0 164352
27.7173 77.07 17.1348 0 164864
27.7907 77.217 17.2522 0 165376
27.8048 77.334 17.2261 0 165888
27.8778 77.458 17.1985 0 166400
27.9517 77.677 17.2991 0 166912
28.025 77.822 17.2669 0 167424
28.0388 77.939 17.241 0 167936
28.113 78.122 17.3489 0 168448
28.1866 78.268 17.3165 0 168960
28.2607 78.536 17.4049 0 169472
28.2748 78.69 17.3708 0 169984
28.3492 78.843 17.3371 0 170496
28.4232 78.995 17.4504 0 171008
28.4373 79.117 17.4235 0 171520
28.5114 79.215 17.402 0 172032
28.5862 79.353 17.5177 0 172544
28.6604 79.524 17.48 0 173056
28.6745 79.66 17.4502 0 173568
28.7493 79.8 17.5647 0 174080
28.8241 79.971 17.5272 0 174592
28.8998 80.108 17.4972 0 175104
28.9154 80.248 17.611 0 175616
28.9917 80.42 17.5733 0 176128
29.0683 80.557 17.5435 0 176640
29.1452 80.758 17.6432 0 177152
29.1605 80.918 17.6083 0 177664
29.2374 81.076 17.7169 0 178176
29.3145 81.232 17.6829 0 178688
29.3912 81.358 17.6555 0 179200
29.4069 81.548 17.7564 0 179712
29.4836 81.7 17.7234 0 180224
29.5613 81.882 17.684 0 180736
29.6389 82.058 17.7872 0 181248
29.6542 82.258 17.744 0 181760
29.7313 82.358 17.7224 0 182272
29.8099 82.529 17.8261 0 182784
29.8875 82.725 17.7838 0 183296
29.9028 82.882 17.7502 0 183808
