12.1184 55.423 33.6507 0 232960
12.1349 55.483 33.8231 0 233472
12.1836 55.561 33.7756 0 233984
12.233 55.594 33.7556 0 234496
12.2832 55.68 33.9115 0 235008
12.3336 55.779 33.8513 0 235520
12.3575 55.918 33.9743 0 236032
12.4065 55.969 33.9434 0 236544
12.4559 56.04 33.9004 0 237056
12.5067 56.157 34.036 0 237568
12.5573 56.281 33.961 0 238080
12.5801 56.38 33.9014 0 238592
12.63 56.489 34.041 0 239104
12.6798 56.546 34.0067 0 239616
12.7304 56.622 33.9611 0 240128
12.7552 56.773 34.0748 0 240640
12.804 56.893 34.0029 0 241152
12.8541 56.99 33.945 0 241664
12.9048 57.067 34.1022 0 242176
12.9557 57.159 34.0473 0 242688
12.9784 57.262 33.9861 0 243200
13.0287 57.375 34.1211 0 243712
13.0797 57.495 34.0498 0 244224
13.131 57.622 34.1758 0 244736
13.1542 57.723 34.116 0 245248
13.2037 57.774 34.0859 0 245760
13.2546 57.874 34.2272 0 246272
13.306 57.985 34.1617 0 246784
13.3294 58.073 34.1099 0 247296
13.3796 58.234 34.2145 0 247808
13.4302 58.303 34.174 0 248320
13.4817 58.388 34.1243 0 248832
13.5058 58.546 34.23 0 249344
13.5553 58.642 34.174 0 249856
13.6066 58.75 34.1112 0 250368
13.6585 58.835 34.2588 0 250880
13.6818 58.934 34.2012 0 251392
13.732 59.013 34.1555 0 251904
13.7834 59.106 34.2977 0 252416
13.8353 59.211 34.2369 0 252928
13.8588 59.324 34.3669 0 253440
13.9094 59.445 34.297 0 253952
13.9607 59.512 34.2584 0 254464
14.0129 59.626 34.3871 0 254976
14.0357 59.716 34.3353 0 255488
14.0865 59.819 34.2762 0 256000
14.1389 59.961 34.3882 0 256512
14.1634 60.105 34.3058 0 257024
14.2134 60.16 34.2745 0 257536
14.2649 60.264 34.4075 0 258048
14.3172 60.377 34.3431 0 258560
14.3404 60.468 34.2915 0 259072
14.3918 60.601 34.4074 0 259584
14.4435 60.677 34.3643 0 260096
14.4692 60.767 34.3134 0 260608
14.519 60.87 34.4456 0 261120
14.5704 60.982 34.3823 0 261632
14.6236 61.102 34.5044 0 262144
14.6517 61.228 34.4334 0 262656
14.7054 61.329 34.3767 0 263168
14.7607 61.469 34.4868 0 263680
14.8158 61.612 34.4068 0 264192
14.8717 61.696 34.36 0 264704
14.9261 66.84 31.8889 0 265216
14.9539 65.939 32.3247 0 265728
15.0088 65.187 32.6976 0 266240
15.0649 64.646 33.1504 0 266752
15.121 64.244 33.3578 0 267264
15.1499 63.922 33.5259 0 267776
15.2035 63.724 33.8118 0 268288
15.2588 63.566 33.8959 0 268800
15.3142 63.439 33.9637 0 269312
15.371 63.398 34.1684 0 269824
15.3995 63.365 34.1862 0 270336
15.454 63.399 34.3506 0 270848
15.5096 63.396 34.3522 0 271360
15.5656 63.424 34.337 0 271872
15.6227 63.506 34.4751 0 272384
15.6494 63.602 34.4231 0 272896
15.7049 63.678 34.382 0 273408
15.7613 63.77 34.514 0 273920
15.818 63.843 34.4746 0 274432
15.8469 63.931 34.4271 0 274944
15.901 64.062 34.5375 0 275456
15.9572 64.167 34.481 0 275968
16.0137 64.22 34.4526 0 276480
16.0712 64.323 34.5775 0 276992
16.0979 64.406 34.5329 0 277504
16.1537 64.502 34.4815 0 278016
16.2107 64.639 34.5877 0 278528
16.2678 64.718 34.5454 0 279040
16.2953 64.842 34.658 0 279552
16.3507 64.911 34.6212 0 280064
16.4072 65.026 34.56 0 280576
16.4653 65.148 34.6731 0 281088
16.4934 65.276 34.6051 0 281600
16.5484 65.378 34.5511 0 282112
16.6052 65.46 34.6848 0 282624
16.6627 65.555 34.6345 0 283136
16.6911 65.662 34.5781 0 283648
16.7462 65.777 34.6937 0 284160
16.8033 65.869 34.6453 0 284672
16.8611 65.973 34.5906 0 285184
16.8898 66.116 34.691 0 285696
16.9446 66.17 34.6627 0 286208
17.0018 66.274 34.7831 0 286720
17.0598 66.387 34.7239 0 287232
17.0872 66.477 34.6769 0 287744
17.1439 66.64 34.7659 0 288256
17.2009 66.739 34.7143 0 288768
17.2588 66.789 34.6883 0 289280
17.2862 66.919 34.7941 0 289792
17.3425 67.053 34.7245 0 290304
17.3999 67.131 34.6842 0 290816
17.4589 67.252 34.794 0 291328
17.4853 67.35 34.7434 0 291840
17.5421 67.398 34.7187 0 292352
17.6004 67.466 34.8554 0 292864
17.6563 67.581 34.7961 0 293376
17.6842 67.673 34.7487 0 293888
17.742 67.776 34.8669 0 294400
17.8005 67.889 34.8088 0 294912
17.8284 68.009 34.9177 0 295424
17.8849 68.076 34.8834 0 295936
17.9427 68.159 34.8409 0 296448
18.0019 68.285 34.9462 0 296960
18.028 68.386 34.8946 0 297472
18.0851 68.467 34.8533 0 297984
18.1444 68.592 34.9587 0 298496
18.172 68.692 34.9078 0 299008
18.2288 68.772 34.8672 0 299520
18.2912 68.866 34.9878 0 300032
18.3542 68.971 34.9346 0 300544
18.4175 69.085 34.8769 0 301056
18.4498 69.237 34.9677 0 301568
18.5107 69.328 34.9218 0 302080
18.5732 69.401 34.885 0 302592
18.6366 69.519 34.9924 0 303104
18.7 69.614 34.9447 0 303616
18.7638 69.75 35.0426 0 304128
18.7948 69.858 34.9885 0 304640
18.857 69.945 34.9449 0 305152
18.9196 70.045 35.0604 0 305664
18.9836 70.155 35.0055 0 306176
19.0474 70.272 34.9472 0 306688
19.079 70.427 35.0347 0 307200
19.1411 70.52 34.9885 0 307712
19.2041 70.595 34.9514 0 308224
19.2678 70.715 35.0559 0 308736
19.332 70.811 35.0083 0 309248
19.3639 70.917 34.956 0 309760
19.4259 71.033 35.062 0 310272
19.4893 71.095 35.0314 0 310784
19.5528 71.175 34.9921 0 311296
19.6174 71.299 35.0937 0 311808
19.6496 71.398 35.045 0 312320
19.7119 71.538 35.1384 0 312832
19.7753 71.619 35.0986 0 313344
19.8394 71.715 35.0516 0 313856
19.9043 71.851 35.1465 0 314368
19.9352 71.96 35.0933 0 314880
19.9985 72.077 35.0363 0 315392
20.0622 72.172 35.1507 0 315904
20.1266 72.278 35.0991 0 316416
20.1921 72.483 34.9999 0 316928
20.2238 72.766 35.023 0 317440
20.2882 73.082 34.8715 0 317952
20.3527 73.366 34.7365 0 318464
20.4195 73.712 34.7306 0 318976
20.4543 74.17 34.5162 0 319488
20.5209 74.807 34.2223 0 320000
20.5913 75.736 33.9554 0 320512
20.6565 76.6 33.5724 0 321024
20.7315 77.922 33.1515 0 321536
20.7747 79.671 32.2783 49 322048
20.8512 81.07 31.4355 217 322560
22.7099 77.412 8.23025 0 79360
22.7659 84.97 7.63451 0 79872
22.7734 80.623 8.04614 0 80384
22.834 77.175 8.40562 0 80896
22.8951 74.417 8.87281 0 81408
22.9026 72.24 9.1402 0 81920
22.9631 70.529 9.36194 0 82432
23.0244 69.28 9.69792 0 82944
23.0857 68.251 9.84413 0 83456
23.0932 67.458 9.95986 0 83968
23.1549 66.823 10.2279 0 84480
23.2164 66.376 10.2967 0 84992
23.2787 66.108 10.5137 0 85504
23.2868 65.894 10.5478 0 86016
23.3482 65.722 10.5755 0 86528
23.4106 65.615 10.7692 0 87040
23.4731 65.619 10.7686 0 87552
23.481 65.593 10.7729 0 88064
23.5438 65.632 10.943 0 88576
23.6072 65.723 10.9278 0 89088
23.6688 65.766 10.9207 0 89600
23.6779 65.83 11.086 0 90112
23.7407 65.912 11.0722 0 90624
23.8043 66.007 11.0563 0 91136
23.813 66.113 11.2138 0 91648
23.8761 66.228 11.1943 0 92160
23.9397 66.38 11.1687 0 92672
24.0043 66.532 11.3173 0 93184
24.0124 66.593 11.3069 0 93696
24.0764 66.762 11.4518 0 94208
24.1404 66.928 11.4234 0 94720
24.2051 67.09 11.3958 0 95232
24.214 67.28 11.5358 0 95744
24.2783 67.402 11.5149 0 96256
24.3433 67.5 11.4982 0 96768
24.4087 67.698 11.6357 0 97280
24.4171 67.856 11.6086 0 97792
24.4824 68.013 11.5818 0 98304
24.5479 68.139 11.7304 0 98816
24.6119 68.299 11.7029 0 99328
24.6218 68.428 11.6808 0 99840
24.6882 68.56 11.8273 0 100352
24.7543 68.727 11.7986 0 100864
24.764 68.92 11.9336 0 101376
24.8294 69.044 11.9122 0 101888
24.8958 69.174 11.8898 0 102400
24.9629 69.398 12.0183 0 102912
24.9718 69.547 11.9926 0 103424
25.0383 69.696 11.9669 0 103936
25.1048 69.815 12.1125 0 104448
25.172 70.001 12.0803 0 104960
25.1813 70.12 12.0598 0 105472
25.249 70.304 12.193 0 105984
25.3166 70.422 12.1726 0 106496
25.3844 70.577 12.1458 0 107008
25.394 70.7 12.2885 0 107520
25.4614 70.799 12.2714 0 108032
25.5295 70.938 12.2473 0 108544
25.5976 71.17 12.3702 0 109056
25.6071 71.325 12.3433 0 109568
25.6757 71.479 12.4787 0 110080
25.7439 71.602 12.4573 0 110592
25.7543 71.701 12.4401 0 111104
25.8226 71.84 12.5773 0 111616
25.892 72.011 12.5474 0 112128
25.9614 72.208 12.5132 0 112640
25.9721 72.426 12.6355 0 113152
26.0404 72.51 12.6208 0 113664
26.1098 72.668 12.5934 0 114176
26.1798 72.854 12.7202 0 114688
26.1897 73.002 12.6944 0 115200
26.2594 73.151 12.6686 0 115712
26.3294 73.301 12.8007 0 116224
26.3993 73.45 12.7747 0 116736
26.4101 73.54 12.7591 0 117248
26.481 73.732 12.883 0 117760
26.5519 73.915 12.8511 0 118272
26.6231 74.092 12.9767 0 118784
26.6334 74.233 12.9521 0 119296
26.7042 74.376 12.9272 0 119808
26.7757 74.521 13.0575 0 120320
26.8464 75.027 12.9694 0 120832
26.8575 75.072 12.9616 0 121344
26.9292 75.197 13.0941 0 121856
27.0008 75.298 13.0766 0 122368
27.0112 75.378 13.0627 0 122880
27.0827 75.473 13.1997 0 123392
27.1551 75.639 13.1708 0 123904
27.2275 75.771 13.1478 0 124416
27.2392 75.937 13.2716 0 124928
27.3113 76.04 13.2537 0 125440
27.3843 76.182 13.229 0 125952
27.4574 76.356 13.3505 0 126464
27.4684 76.465 13.3315 0 126976
27.5417 76.643 13.4517 0 127488
27.6148 76.815 13.4215 0 128000
27.6883 76.982 13.3924 0 128512
27.6997 77.177 13.5087 0 129024
27.7727 77.302 13.4868 0 129536
27.8464 77.432 13.4642 0 130048
27.92 77.627 13.5796 0 130560
27.9313 77.752 13.5578 0 131072
28.0057 77.882 13.5351 0 131584
28.0812 78.077 13.6497 0 132096
28.1555 78.262 13.6174 0 132608
28.1676 78.381 13.5968 0 133120
28.2425 78.506 13.7227 0 133632
28.3176 78.635 13.7002 0 134144
28.3905 78.769 13.6769 0 134656
28.4046 78.907 13.7997 0 135168
28.4798 79.076 13.7702 0 135680
28.556 79.242 13.8876 0 136192
28.6287 79.435 13.8538 0 136704
28.6426 79.529 13.8375 0 137216
28.7188 79.695 13.954 0 137728
28.7947 79.887 13.9205 0 138240
28.8064 80.041 13.8937 0 138752
28.8825 80.224 14.0064 0 139264
28.9587 80.341 13.986 0 139776
29.0357 80.494 13.9594 0 140288
29.0486 80.647 14.0766 0 140800
29.1255 80.799 14.0501 0 141312
29.203 80.981 14.0185 0 141824
29.2805 81.096 14.1415 0 142336
29.2932 81.189 14.1253 0 142848
29.3705 81.353 14.2392 0 143360
29.4486 81.574 14.2006 0 143872
29.5269 81.781 14.1647 0 144384
29.5395 81.977 14.2721 0 144896
29.6173 82.103 14.2502 0 145408
29.6951 82.235 14.2273 0 145920
29.7741 82.46 14.329 0 146432
29.7861 82.61 14.303 0 146944
29.8645 82.73 14.2822 0 147456
29.9438 82.916 14.3899 0 147968
29.9561 83.065 14.3641 0 148480
30.0213 80.542 14.814 0 148992
30.0813 77.382 15.5687 0 149504
30.1414 74.883 16.0882 0 150016
30.1549 72.883 16.5297 0 150528
30.2157 71.344 17.0487 0 151040
30.2764 70.083 17.3554 0 151552
30.3378 69.134 17.7612 0 152064
30.3946 77.086 15.929 0 152576
30.412 74.766 16.4233 0 153088
30.4732 72.971 16.986 0 153600
30.5341 71.505 17.3343 0 154112
30.5912 70.362 17.6159 0 154624
30.6086 69.507 17.9992 0 155136
30.6695 68.793 18.186 0 155648
30.731 68.252 18.3302 0 156160
30.7446 67.879 18.6016 0 156672
30.8057 67.581 18.6836 0 157184
30.867 67.312 18.7583 0 157696
30.9284 67.157 18.974 0 158208
30.9419 67.034 19.0089 0 158720
31.0032 66.964 19.0287 0 159232
31.0652 66.969 19.2003 0 159744
31.1262 66.973 19.1991 0 160256
31.14 66.976 19.3712 0 160768
31.2018 67.009 19.3617 0 161280
31.2646 67.065 19.3455 0 161792
31.327 67.17 19.4877 0 162304
31.3421 67.224 19.4721 0 162816
31.4047 67.297 19.451 0 163328
31.4681 67.355 19.6062 0 163840
31.5312 67.462 19.5751 0 164352
31.5453 67.548 19.5502 0 164864
31.6088 67.646 19.6931 0 165376
31.6721 67.755 19.6614 0 165888
31.735 67.842 19.6362 0 166400
31.7499 67.912 19.7865 0 166912
31.8131 67.998 19.7615 0 167424
31.8762 68.096 19.7331 0 167936
31.9402 68.265 19.8539 0 168448
31.9544 68.37 19.8234 0 168960
32.0178 68.455 19.968 0 169472
32.0816 68.552 19.9398 0 169984
32.1449 68.66 19.9084 0 170496
32.1598 68.776 20.0433 0 171008
32.2236 68.899 20.0075 0 171520
32.2876 68.968 19.9875 0 172032
32.3018 69.083 20.1219 0 172544
32.3655 69.175 20.0951 0 173056
32.4298 69.278 20.0652 0 173568
32.4938 69.391 20.1995 0 174080
32.5079 69.481 20.1733 0 174592
32.5728 69.584 20.1435 0 175104
32.6384 69.665 20.2863 0 175616
32.7041 69.761 20.2584 0 176128
32.7194 69.837 20.2364 0 176640
32.7852 69.958 20.367 0 177152
32.8508 70.085 20.3301 0 177664
32.9169 70.187 20.4656 0 178176
32.9322 70.268 20.442 0 178688
32.9979 70.393 20.4057 0 179200
33.0637 70.524 20.532 0 179712
33.1299 70.658 20.4931 0 180224
33.1901 70.765 20.4621 0 180736
33.2113 70.851 20.6008 0 181248
33.2772 70.95 20.572 0 181760
33.3433 71.059 20.5405 0 182272
33.407 71.236 20.652 0 182784
33.425 71.348 20.6196 0 183296
33.4913 71.407 20.6026 0 183808
33.5578 71.515 20.7334 0 184320
33.5734 71.601 20.7085 0 184832
33.6392 71.7 20.6799 0 185344
33.7064 71.839 20.8012 0 185856
33.7724 71.92 20.7778 0 186368
33.7884 72.015 20.9112 0 186880
33.8549 72.122 20.8802 0 187392
33.9213 72.237 20.8469 0 187904
33.9884 72.419 20.9545 0 188416
34.0038 72.534 20.9213 0 188928
34.0704 72.597 20.9031 0 189440
34.1376 72.707 21.0308 0 189952
34.1529 72.795 21.0054 0 190464
34.2208 72.895 20.9766 0 190976
34.2897 73.036 21.0947 0 191488
34.3582 73.118 21.071 0 192000
34.4258 73.244 21.0348 0 192512
34.4437 73.345 21.1638 0 193024
34.5128 73.455 21.1321 0 193536
34.582 73.634 21.238 0 194048
34.6505 73.717 21.2141 0 194560
34.6673 73.783 21.1951 0 195072
34.7363 73.896 21.3195 0 195584
34.8054 73.987 21.2933 0 196096
34.8745 74.089 21.2639 0 196608
34.892 74.261 21.3707 0 197120
34.9605 74.369 21.3396 0 197632
35.0293 74.425 21.3236 0 198144
35.0992 74.53 21.449 0 198656
35.1163 74.614 21.4248 0 199168
35.1852 74.711 21.397 0 199680
35.2546 74.849 21.5123 0 200192
35.324 74.929 21.4894 0 200704
35.3414 74.993 21.471 0 201216
35.4107 75.104 21.5935 0 201728
35.4798 75.194 21.5677 0 202240
35.5498 75.325 21.684 0 202752
35.5666 75.43 21.6538 0 203264
35.6363 75.514 21.6297 0 203776
35.7061 75.641 21.7465 0 204288
35.7755 75.713 21.7258 0 204800
35.7926 75.801 21.7006 0 205312
35.8625 75.901 21.8246 0 205824
35.9322 76.011 21.7931 0 206336
36.001 76.099 21.7679 0 206848
36.0193 76.2 21.891 0 207360
36.0888 76.31 21.8595 0 207872
36.1588 76.368 21.8429 0 208384
36.1763 76.445 21.9724 0 208896
36.2461 76.536 21.9463 0 209408
36.317 76.639 21.9168 0 209920
36.3894 76.752 22.0354 0 210432
36.4083 76.842 22.0096 0 210944
36.4803 77.004 22.1138 0 211456
36.5518 77.074 22.0937 0 211968
36.6238 77.13 22.0776 0 212480
36.6964 77.264 22.1893 0 212992
36.7153 77.342 22.1669 0 213504
36.7874 77.434 22.1406 0 214016
36.86 77.568 22.2517 0 214528
36.9324 77.645 22.2296 0 215040
36.9513 77.707 22.2118 0 215552
37.0234 77.816 22.3296 0 216064
37.0953 77.904 22.3044 0 216576
37.168 78.004 22.2758 0 217088
37.2401 78.144 22.3841 0 217600
37.2596 78.226 22.3606 0 218112
37.3322 78.322 22.3332 0 218624
37.4049 78.398 22.4593 0 219136
37.4776 78.519 22.4247 0 219648
37.4968 78.647 22.5355 0 220160
37.5694 78.748 22.5066 0 220672
37.6418 78.83 22.4832 0 221184
37.715 78.985 22.5858 0 221696
37.7338 79.079 22.5589 0 222208
37.8068 79.124 22.5461 0 222720
37.8797 79.22 22.665 0 223232
37.9524 79.357 22.6259 0 223744
37.9716 79.437 22.6031 0 224256
38.045 79.561 22.7134 0 224768
38.1177 79.66 22.6852 0 225280
38.1871 79.739 22.6627 0 225792
38.21 79.803 22.7897 0 226304
38.2828 79.883 22.7669 0 226816
38.3564 79.978 22.7399 0 227328
38.3756 80.084 22.8544 0 227840
38.4486 80.168 22.8305 0 228352
38.5224 80.296 22.9383 0 228864
38.5957 80.368 22.9178 0 229376
38.6141 80.456 22.8927 0 229888
38.6879 80.556 23.0081 0 230400
38.761 80.636 22.9853 0 230912
38.831 80.731 22.9582 0 231424
38.8539 80.866 23.0631 0 231936
38.9273 80.974 23.0324 0 232448
39.0009 81.031 23.0162 0 232960
39.0228 81.106 23.1377 0 233472
39.0982 81.167 23.1203 0 233984
39.1741 81.245 23.0981 0 234496
39.2507 81.368 23.2056 0 235008
39.3268 81.496 23.1691 0 235520
39.3486 81.659 23.2647 0 236032
39.4245 81.759 23.2363 0 236544
39.5002 81.809 23.2221 0 237056
39.5769 81.909 23.3352 0 237568
39.6535 82.019 23.3039 0 238080
39.6746 82.107 23.2789 0 238592
39.7513 82.237 23.383 0 239104
39.8276 82.312 23.3616 0 239616
39.9042 82.371 23.3449 0 240128
39.9727 82.539 23.4377 0 240640
