20.9054 1.802 2 195072 173568
20.9058 1.862 2 185856 166400
20.906 1.85 2 184320 164864
20.9061 1.84 2 179712 163328
21.1007 14.78 2 96768 97280
21.1061 25.102 2 97280 97792
21.1678 33.389 2 97792 98304
21.1804 40.019 2 98304 98816
21.2417 45.383 2 98816 99328
21.3049 49.704 2 99328 99840
21.3671 53.131 2 99840 100352
21.38 55.902 2 100352 100864
21.4415 58.15 2 100864 101376
21.5057 60.008 2 101376 101888
21.5687 61.524 2 101888 102400
21.5798 62.737 2 102400 102912
21.6435 63.708 2 102912 103424
21.707 64.604 2 103424 103936
21.7704 65.261 2 103936 104448
21.7812 65.817 2 104448 104960
21.8399 65.21 2 104960 105472
21.8894 62.682 2 105472 105984
21.9391 60.69 2 105984 106496
21.9478 59.096 2 106496 107008
21.9977 57.85 2 107008 107520
22.0477 56.914 2 107520 108032
22.0972 56.166 2 108032 108544
22.1059 55.537 2 108544 109056
22.1566 55.153 2 109056 109568
22.2063 54.877 2 109568 110080
22.2162 54.716 2 110080 110592
22.2662 54.587 2 110592 111104
22.318 54.604 2 111104 111616
22.3692 54.708 2 111616 112128
22.3795 54.851 2 112128 112640
22.4313 55.025 2 112640 113152
22.4853 55.405 2 113152 113664
22.5394 56.01 2 113664 114176
22.549 56.493 2 114176 114688
22.6064 57.331 2 114688 115200
22.6653 58.421 2 115200 115712
22.7242 59.294 2 115712 116224
22.7338 60.022 2 116224 116736
22.7936 60.664 2 116736 117248
22.8533 61.178 2 117248 117760
22.9137 61.679 2 117760 118272
22.9236 62.08 2 118272 118784
22.9843 62.431 2 118784 119296
23.0444 62.772 2 119296 119808
23.1048 63.074 2 119808 120320
23.115 63.317 2 120320 120832
23.176 63.57 2 120832 121344
23.236 63.773 2 121344 121856
23.2473 63.996 2 121856 122368
23.3077 64.174 2 122368 122880
23.3688 64.316 2 122880 123392
23.4297 64.52 2 123392 123904
23.4405 64.684 2 123904 124416
23.5025 64.874 2 124416 124928
23.565 65.027 2 124928 125440
23.6266 65.209 2 125440 125952
23.6374 65.355 2 125952 126464
23.6999 65.501 2 126464 126976
23.7627 65.709 2 126976 127488
23.8248 65.874 2 127488 128000
23.8356 66.007 2 128000 128512
23.8983 66.143 2 128512 129024
23.9615 66.373 2 129024 129536
24.0241 66.526 2 129536 130048
24.0347 66.648 2 130048 130560
24.0982 66.777 2 130560 131072
24.1608 66.939 2 131072 131584
24.1725 67.069 2 131584 132096
24.2365 67.233 2 132096 132608
24.3014 67.425 2 132608 133120
24.3648 67.518 2 133120 133632
24.4295 67.742 2 133632 134144
24.4408 67.862 2 134144 134656
24.5057 68.018 2 134656 135168
24.5703 68.233 2 135168 135680
24.582 68.404 2 135680 136192
24.6469 68.512 2 136192 136704
24.7119 68.628 2 136704 137216
24.7764 68.781 2 137216 137728
24.7881 68.933 2 137728 138240
24.8533 69.085 2 138240 138752
24.9187 69.266 2 138752 139264
24.9839 69.382 2 139264 139776
24.995 69.474 2 139776 140288
25.0616 69.578 2 140288 140800
25.1284 69.751 2 140800 141312
25.1947 69.949 2 141312 141824
25.207 70.108 2 141824 142336
25.2738 70.265 2 142336 142848
25.3407 70.391 2 142848 143360
25.4072 70.552 2 143360 143872
25.4197 70.68 2 143872 144384
25.4869 70.843 2 144384 144896
25.5542 71.003 2 144896 145408
25.6215 71.192 2 145408 145920
25.6335 71.343 2 145920 146432
25.7014 71.493 2 146432 146944
25.7687 71.674 2 146944 147456
25.7815 71.848 2 147456 147968
25.8489 71.988 2 147968 148480
25.917 72.129 2 148480 148992
25.9847 72.303 2 148992 149504
25.997 72.472 2 149504 150016
26.0657 72.607 2 150016 150528
26.1352 72.715 2 150528 151040
26.2042 72.891 2 151040 151552
26.2171 73.033 2 151552 152064
26.2871 73.206 2 152064 152576
26.3571 73.404 2 152576 153088
26.4258 73.503 2 153088 153600
26.4397 73.612 2 153600 154112
26.5089 73.729 2 154112 154624
26.5794 73.883 2 154624 155136
26.6492 74.096 2 155136 155648
26.6623 74.297 2 155648 156160
26.7326 74.427 2 156160 156672
26.8031 74.532 2 156672 157184
26.8731 74.675 2 157184 157696
26.8861 74.79 2 157696 158208
26.957 74.972 2 158208 158720
27.0281 75.178 2 158720 159232
27.0984 75.282 2 159232 159744
27.1117 75.456 2 159744 160256
27.1829 75.595 2 160256 160768
27.254 75.796 2 160768 161280
27.2673 75.957 2 161280 161792
27.3392 76.116 2 161792 162304
27.4124 76.273 2 162304 162816
27.4846 76.399 2 162816 163328
27.5567 76.59 2 163328 163840
27.5716 76.742 2 163840 164352
27.6447 76.924 2 164352 164864
27.7173 77.07 2 164864 165376
27.7907 77.217 2 165376 165888
27.8048 77.334 2 165888 166400
27.8778 77.458 2 166400 166912
27.9517 77.677 2 166912 167424
28.025 77.822 2 167424 167936
28.0388 77.939 2 167936 168448
28.113 78.122 2 168448 168960
28.1866 78.268 2 168960 169472
28.2607 78.536 2 169472 169984
28.2748 78.69 2 169984 170496
28.3492 78.843 2 170496 171008
28.4232 78.995 2 171008 171520
28.4373 79.117 2 171520 172032
28.5114 79.215 2 172032 172544
28.5862 79.353 2 172544 173056
28.6604 79.524 2 173056 173568
28.6745 79.66 2 173568 174080
28.7493 79.8 2 174080 174592
28.8241 79.971 2 174592 175104
28.8998 80.108 2 175104 175616
28.9154 80.248 2 175616 176128
28.9917 80.42 2 176128 176640
29.0683 80.557 2 176640 177152
29.1452 80.758 2 177152 177664
29.1605 80.918 2 177664 178176
29.2374 81.076 2 178176 178688
29.3145 81.232 2 178688 179200
29.3912 81.358 2 179200 179712
29.4069 81.548 2 179712 180224
29.4836 81.7 2 180224 180736
29.5613 81.882 2 180736 181248
29.6389 82.058 2 181248 181760
29.6542 82.258 2 181760 182272
29.7313 82.358 2 182272 182784
29.8099 82.529 2 182784 183296
29.8875 82.725 2 183296 183808
29.9028 82.882 2 183808 184320
