0.681453 27.486 77.1255 0 264704
0.691517 27.516 77.4624 0 265216
0.713446 27.54 77.3949 0 265728
0.735375 27.559 77.3416 0 266240
0.757605 27.605 77.6323 0 266752
0.779534 27.641 77.5312 0 267264
0.801463 27.67 77.4499 0 267776
0.823693 27.724 77.7169 0 268288
0.845922 27.766 77.5994 0 268800
0.867852 27.8 77.5045 0 269312
0.890081 27.858 77.7589 0 269824
0.91201 27.903 77.6335 0 270336
0.93424 27.97 77.8617 0 270848
0.956169 28.024 77.7117 0 271360
0.978098 28.066 77.5954 0 271872
1.00063 28.13 77.8306 0 272384
1.02256 28.182 77.687 0 272896
1.04449 28.223 77.5742 0 273408
1.06672 28.286 77.8109 0 273920
1.08865 28.336 77.6736 0 274432
1.11057 28.376 77.5641 0 274944
1.1328 28.439 77.7996 0 275456
1.15503 28.488 77.6658 0 275968
1.17696 28.528 77.5569 0 276480
1.19919 28.59 77.7939 0 276992
1.22112 28.64 77.6581 0 277504
1.24305 28.679 77.5525 0 278016
1.26528 28.741 77.7882 0 278528
1.28721 28.791 77.6532 0 279040
1.30974 28.86 77.8689 0 279552
1.33167 28.916 77.7181 0 280064
1.3536 28.96 77.6 0 280576
1.37583 29.026 77.8226 0 281088
1.39776 29.078 77.6835 0 281600
1.41969 29.12 77.5714 0 282112
1.44192 29.184 77.7982 0 282624
1.46415 29.235 77.6625 0 283136
1.48607 29.276 77.5538 0 283648
1.5083 29.338 77.7847 0 284160
1.53023 29.388 77.6524 0 284672
1.55216 29.429 77.5442 0 285184
1.57439 29.491 77.774 0 285696
1.59632 29.54 77.645 0 286208
1.61885 29.61 77.8526 0 286720
1.64078 29.666 77.7057 0 287232
1.66271 29.711 77.588 0 287744
1.68494 29.776 77.8076 0 288256
1.70687 29.829 77.6694 0 288768
1.7288 29.871 77.5602 0 289280
1.75103 29.935 77.7813 0 289792
1.77326 29.986 77.649 0 290304
1.79519 30.027 77.543 0 290816
1.81742 30.089 77.7682 0 291328
1.83935 30.139 77.6392 0 291840
1.86127 30.179 77.5363 0 292352
1.8835 30.242 77.7578 0 292864
1.90543 30.291 77.632 0 293376
1.92766 30.331 77.5297 0 293888
1.94989 30.393 77.7526 0 294400
1.97182 30.442 77.6275 0 294912
1.99405 30.512 77.8291 0 295424
2.01598 30.568 77.6865 0 295936
2.03791 30.612 77.5748 0 296448
2.06014 30.678 77.7855 0 296960
2.08237 30.731 77.6514 0 297472
2.1043 30.773 77.5454 0 297984
2.12653 30.836 77.7626 0 298496
2.14846 30.887 77.6342 0 299008
2.17039 30.928 77.5313 0 299520
2.19622 30.991 77.7475 0 300032
2.22175 31.041 77.6222 0 300544
2.24759 31.081 77.5223 0 301056
2.27342 31.143 77.74 0 301568
2.29896 31.193 77.6154 0 302080
2.32479 31.232 77.5184 0 302592
2.35063 31.294 77.735 0 303104
2.37616 31.344 77.611 0 303616
2.40229 31.413 77.8093 0 304128
2.42783 31.469 77.6709 0 304640
2.45336 31.513 77.5624 0 305152
2.4795 31.579 77.7671 0 305664
2.50503 31.632 77.6368 0 306176
2.53057 31.674 77.5339 0 306688
2.5567 31.737 77.745 0 307200
2.58223 31.788 77.6202 0 307712
2.60777 31.829 77.5202 0 308224
2.6339 31.892 77.7303 0 308736
2.65944 31.942 77.6087 0 309248
2.68497 31.982 77.5116 0 309760
2.71111 32.044 77.7231 0 310272
2.73664 32.094 77.602 0 310784
2.76217 32.133 77.5079 0 311296
2.78831 32.195 77.7184 0 311808
2.81384 32.245 77.5979 0 312320
2.83968 32.314 77.7907 0 312832
2.86551 32.37 77.6561 0 313344
2.89105 32.415 77.5483 0 313856
2.91688 32.48 77.7498 0 314368
2.94271 32.533 77.6231 0 314880
2.96825 32.575 77.523 0 315392
2.99408 32.639 77.7259 0 315904
3.01992 32.69 77.6046 0 316416
3.04545 32.73 77.5098 0 316928
3.07129 32.793 77.7141 0 317440
3.09712 32.843 77.5958 0 317952
3.12265 32.883 77.5014 0 318464
3.14849 32.945 77.7072 0 318976
3.17432 32.995 77.5895 0 319488
3.19986 33.035 77.4955 0 320000
3.22569 33.097 77.7003 0 320512
3.25153 33.146 77.5855 0 321024
3.27736 33.216 77.7707 0 321536
3.30289 33.271 77.6422 0 322048
3.32873 33.316 77.5373 0 322560
3.35456 33.382 77.731 0 323072
3.3801 33.434 77.6101 0 323584
3.40593 33.476 77.5127 0 324096
3.43177 33.54 77.7102 0 324608
3.4573 33.591 77.5922 0 325120
3.48313 33.632 77.4976 0 325632
3.50897 33.694 77.6988 0 326144
3.5345 33.744 77.5837 0 326656
3.56034 33.784 77.4918 0 327168
3.58617 33.846 77.6921 0 327680
3.61171 33.896 77.5775 0 328192
3.63784 33.966 77.7587 0 328704
3.66337 34.022 77.6307 0 329216
3.68891 34.066 77.5304 0 329728
3.71504 34.132 77.7199 0 330240
3.74058 34.185 77.5994 0 330752
3.76611 34.227 77.5042 0 331264
3.79225 34.291 77.6974 0 331776
3.81778 34.342 77.582 0 332288
3.84331 34.382 77.4917 0 332800
3.86945 34.445 77.6863 0 333312
3.89498 34.495 77.5737 0 333824
3.92052 34.535 77.4838 0 334336
3.94665 34.597 77.6798 0 334848
3.97219 34.647 77.5677 0 335360
3.99772 34.687 77.4782 0 335872
4.02385 34.749 77.6734 0 336384
4.04939 34.798 77.564 0 336896
4.07522 34.868 77.7405 0 337408
4.10106 34.924 77.6159 0 337920
4.12659 34.968 77.5182 0 338432
4.15243 35.034 77.7028 0 338944
4.17826 35.086 77.5876 0 339456
4.20379 35.128 77.4949 0 339968
4.22963 35.192 77.6831 0 340480
4.25546 35.243 77.5707 0 340992
4.281 35.284 77.4806 0 341504
4.30683 35.346 77.6724 0 342016
4.33267 35.396 77.5627 0 342528
4.3582 35.437 77.4729 0 343040
4.38403 35.499 77.6639 0 343552
4.40987 35.548 77.5569 0 344064
4.4354 35.588 77.4697 0 344576
4.46124 35.65 77.6599 0 345088
4.48707 35.699 77.5533 0 345600
4.51291 35.769 77.7254 0 346112
4.53844 35.825 77.6039 0 346624
4.56427 35.869 77.5087 0 347136
4.59011 35.935 77.6887 0 347648
4.61564 35.988 77.5743 0 348160
4.64148 36.03 77.4839 0 348672
4.66731 36.093 77.6696 0 349184
4.69525 36.144 77.56 0 349696
4.72619 36.185 77.4721 0 350208
4.75713 36.248 77.657 0 350720
4.78807 36.298 77.5501 0 351232
4.81871 36.338 77.4647 0 351744
4.84965 36.4 77.651 0 352256
4.88059 36.45 77.5445 0 352768
4.91124 36.489 77.4616 0 353280
4.94248 36.551 77.6471 0 353792
4.97312 36.601 77.5411 0 354304
5.00406 36.67 77.711 0 354816
5.035 36.726 77.5926 0 355328
5.06564 36.77 77.4997 0 355840
5.09688 36.836 77.6753 0 356352
5.12752 36.889 77.5637 0 356864
5.15816 36.931 77.4755 0 357376
5.18941 36.994 77.6567 0 357888
5.22005 37.045 77.5498 0 358400
5.25099 37.086 77.4641 0 358912
5.28193 37.149 77.6445 0 359424
5.31257 37.199 77.5401 0 359936
5.34351 37.239 77.4569 0 360448
5.37445 37.301 77.6387 0 360960
5.40539 37.351 77.5347 0 361472
5.43603 37.39 77.4539 0 361984
5.46698 37.452 77.6349 0 362496
5.49792 37.502 77.5314 0 363008
5.52886 37.571 77.6974 0 363520
5.5598 37.627 77.5817 0 364032
5.59044 37.672 77.4891 0 364544
5.62138 37.737 77.6626 0 365056
5.65232 37.79 77.5536 0 365568
5.68296 37.832 77.4675 0 366080
5.7142 37.896 77.6424 0 366592
5.74485 37.947 77.538 0 367104
5.77549 37.987 77.4564 0 367616
5.80673 38.05 77.6326 0 368128
5.83737 38.1 77.5307 0 368640
5.86831 38.14 77.4494 0 369152
5.89925 38.202 77.6269 0 369664
5.92989 38.252 77.5255 0 370176
5.96083 38.292 77.4445 0 370688
5.99177 38.354 77.6213 0 371200
6.02272 38.403 77.5223 0 371712
6.05366 38.473 77.6823 0 372224
6.0843 38.528 77.5714 0 372736
6.11524 38.573 77.4809 0 373248
6.14618 38.639 77.6484 0 373760
6.17712 38.691 77.544 0 374272
6.20776 38.733 77.4599 0 374784
6.2387 38.797 77.6307 0 375296
6.26964 38.848 77.5288 0 375808
6.30029 38.889 77.4471 0 376320
6.33153 38.951 77.6212 0 376832
6.36217 39.001 77.5217 0 377344
6.39281 39.041 77.4423 0 377856
6.42405 39.103 77.6157 0 378368
6.45469 39.153 77.5166 0 378880
6.48593 39.223 77.6736 0 379392
6.51657 39.279 77.5629 0 379904
6.54721 39.323 77.4761 0 380416
6.57846 39.389 77.6404 0 380928
6.6091 39.442 77.536 0 381440
6.64004 39.484 77.4536 0 381952
6.67098 39.548 77.6211 0 382464
6.70162 39.599 77.5211 0 382976
6.73256 39.639 77.4429 0 383488
6.7635 39.702 77.6118 0 384000
6.79444 39.752 77.5142 0 384512
6.82508 39.792 77.4363 0 385024
6.85603 39.854 77.6065 0 385536
6.88697 39.904 77.5092 0 386048
6.91761 39.944 77.4316 0 386560
6.94885 40.006 77.6012 0 387072
6.97949 40.055 77.5062 0 387584
7.01043 40.125 77.6597 0 388096
7.04137 40.181 77.5515 0 388608
7.07201 40.225 77.4667 0 389120
7.10325 40.291 77.6273 0 389632
7.1339 40.343 77.5272 0 390144
7.16454 40.385 77.4466 0 390656
7.19578 40.449 77.6104 0 391168
7.22642 40.5 77.5127 0 391680
7.25721 40.511 77.2057 98 392192
7.32442 36.56 42.7746 0 194560
7.33377 33.371 46.8622 0 195072
7.34957 30.819 51.1186 0 195584
7.36489 28.777 54.7459 0 196096
7.3807 27.144 58.0395 0 196608
7.39635 25.837 61.4238 0 197120
7.41171 24.792 64.0129 0 197632
7.42703 23.956 66.2468 0 198144
7.44265 23.31 68.5797 0 198656
7.45827 22.794 70.1321 0 199168
7.47359 22.38 71.4295 0 199680
7.48921 22.08 72.9246 0 200192
7.50453 21.839 73.7294 0 200704
7.51985 21.647 74.3833 0 201216
7.53577 21.523 75.3501 0 201728
7.55109 21.424 75.6983 0 202240
7.56671 21.375 76.4138 0 202752
7.58203 21.335 76.557 0 203264
7.59735 21.304 76.6684 0 203776
7.61327 21.309 77.194 0 204288
7.62859 21.312 77.1832 0 204800
7.64391 21.316 77.1687 0 205312
7.65954 21.348 77.5957 0 205824
7.67486 21.374 77.5013 0 206336
7.69048 21.395 77.4252 0 206848
7.7061 21.442 77.7957 0 207360
7.72142 21.479 77.6617 0 207872
7.73674 21.509 77.5534 0 208384
7.75236 21.563 77.8964 0 208896
7.76798 21.606 77.7414 0 209408
7.7842 21.64 77.6192 0 209920
7.80132 21.698 77.9456 0 210432
7.81845 21.744 77.7807 0 210944
7.83587 21.811 78.0729 0 211456
7.85299 21.865 77.8801 0 211968
7.87012 21.908 77.7272 0 212480
7.88754 21.972 78.028 0 212992
7.90466 22.023 77.8473 0 213504
7.92178 22.064 77.7027 0 214016
7.93921 22.127 78.005 0 214528
7.95603 22.178 77.8256 0 215040
7.97315 22.218 77.6855 0 215552
7.99058 22.28 77.9892 0 216064
8.0077 22.33 77.8146 0 216576
8.02482 22.37 77.6755 0 217088
8.04225 22.432 77.9772 0 217600
8.05937 22.482 77.8038 0 218112
8.07649 22.521 77.669 0 218624
8.09391 22.583 77.9687 0 219136
8.11074 22.632 77.7999 0 219648
8.12816 22.702 78.0703 0 220160
8.14528 22.758 77.8782 0 220672
8.16241 22.802 77.7279 0 221184
8.17983 22.868 78.0101 0 221696
8.19695 22.92 77.8332 0 222208
8.21407 22.962 77.6908 0 222720
8.2315 23.026 77.9779 0 223232
8.24862 23.077 77.8056 0 223744
8.26544 23.118 77.6676 0 224256
8.28287 23.18 77.9596 0 224768
8.29999 23.23 77.7918 0 225280
8.31711 23.27 77.6581 0 225792
8.33453 23.332 77.9482 0 226304
8.35166 23.382 77.7815 0 226816
8.36878 23.422 77.6487 0 227328
8.3862 23.484 77.937 0 227840
8.40333 23.533 77.7747 0 228352
8.42045 23.603 78.0348 0 228864
8.43757 23.659 77.8501 0 229376
8.45469 23.703 77.7056 0 229888
8.47212 23.769 77.9772 0 230400
8.48924 23.821 77.807 0 230912
8.50636 23.863 77.67 0 231424
8.52379 23.927 77.9464 0 231936
8.54091 23.978 77.7806 0 232448
8.55803 24.019 77.6479 0 232960
8.57726 24.081 77.929 0 233472
8.59648 24.131 77.7675 0 233984
8.61571 24.172 77.6356 0 234496
8.63523 24.234 77.915 0 235008
8.65446 24.283 77.7578 0 235520
8.67399 24.353 78.0099 0 236032
8.69321 24.409 77.831 0 236544
8.71244 24.454 77.6877 0 237056
8.73196 24.519 77.9542 0 237568
8.75119 24.572 77.7861 0 238080
8.77041 24.614 77.6534 0 238592
8.78994 24.678 77.9214 0 239104
8.80917 24.729 77.7607 0 239616
8.82839 24.77 77.632 0 240128
8.84792 24.832 77.9046 0 240640
8.86714 24.882 77.7481 0 241152
8.88637 24.922 77.6233 0 241664
8.9059 24.985 77.8912 0 242176
8.92512 25.034 77.7388 0 242688
8.94435 25.074 77.6147 0 243200
8.96387 25.136 77.8842 0 243712
8.9831 25.185 77.7326 0 244224
9.00262 25.255 77.9758 0 244736
9.02185 25.311 77.8033 0 245248
9.04108 25.355 77.6683 0 245760
9.0606 25.421 77.9223 0 246272
9.07983 25.474 77.7602 0 246784
9.09905 25.516 77.6322 0 247296
9.11858 25.579 77.8939 0 247808
9.1378 25.63 77.7389 0 248320
9.15703 25.671 77.6147 0 248832
9.17656 25.734 77.8749 0 249344
9.19578 25.784 77.7239 0 249856
9.21501 25.824 77.6035 0 250368
9.23453 25.886 77.8651 0 250880
9.25376 25.936 77.715 0 251392
9.27298 25.975 77.5983 0 251904
9.29251 26.037 77.8584 0 252416
9.31174 26.087 77.7092 0 252928
9.33126 26.156 77.9471 0 253440
9.35049 26.212 77.7806 0 253952
9.36971 26.256 77.6502 0 254464
9.38924 26.322 77.8956 0 254976
9.40846 26.375 77.7391 0 255488
9.42769 26.417 77.6155 0 256000
9.44722 26.48 77.8683 0 256512
9.46644 26.531 77.7186 0 257024
9.48567 26.572 77.5987 0 257536
9.50519 26.635 77.85 0 258048
9.52442 26.685 77.7042 0 258560
9.54364 26.725 77.5879 0 259072
9.56317 26.787 77.8407 0 259584
9.5824 26.837 77.6957 0 260096
9.60162 26.876 77.583 0 260608
9.62115 26.938 77.8344 0 261120
9.64037 26.988 77.6902 0 261632
9.6602 27.057 77.9202 0 262144
9.68213 27.113 77.7593 0 262656
9.70436 27.158 77.6305 0 263168
9.72659 27.223 77.8706 0 263680
9.74852 27.276 77.7193 0 264192
9.77045 27.318 77.5998 0 264704
9.79268 27.382 77.8415 0 265216
9.81461 27.433 77.6968 0 265728
9.83653 27.473 77.5837 0 266240
9.85906 27.536 77.8268 0 266752
9.88099 27.586 77.6858 0 267264
9.90292 27.626 77.5733 0 267776
9.92515 27.688 77.818 0 268288
9.94708 27.738 77.6777 0 268800
9.96901 27.778 77.5658 0 269312
9.99124 27.84 77.8092 0 269824
10.0135 27.89 77.6697 0 270336
10.0363 28.082 77.5512 0 270848
10.059 28.384 76.726 0 271360
10.0823 28.715 75.8416 0 271872
10.1063 29.07 75.3139 0 272384
10.1309 29.655 73.8282 0 272896
10.1551 30.332 72.1804 0 273408
10.1795 30.785 71.4946 0 273920
10.2077 31.597 69.6572 0 274432
10.2391 32.877 66.9453 0 274944
10.2744 34.803 63.5734 0 275456
10.2996 36.554 60.5281 0 275968
10.3403 39.216 56.4194 0 276480
10.3941 43.449 51.1894 0 276992
10.457 48.818 45.5596 0 277504
10.5022 54.945 40.4792 0 278016
10.5656 61.319 36.4603 0 278528
10.6452 66.388 33.6764 0 279040
10.696 65.517 34.301 0 279552
10.7232 65 34.5738 0 280064
10.7631 61.673 36.4389 0 280576
10.8004 58.14 38.8524 0 281088
10.8363 55.314 40.8374 0 281600
10.8653 53.053 42.5778 0 282112
10.8959 51.274 44.281 0 282624
10.9326 49.851 45.545 0 283136
10.9688 48.712 46.61 0 283648
10.9997 47.831 47.7106 0 284160
11.0284 47.127 48.4234 0 284672
11.065 46.563 49.0099 0 285184
11.1018 46.202 49.6436 0 285696
11.1302 45.854 50.0203 0 286208
11.1609 45.605 50.5474 0 286720
11.1975 45.406 50.769 0 287232
11.2328 45.246 50.9485 0 287744
11.2594 45.479 50.9422 0 288256
11.2933 45.335 51.104 0 288768
11.33 45.22 51.234 0 289280
11.3647 45.158 51.5608 0 289792
11.3889 45.108 51.618 0 290304
11.4255 45.068 51.6638 0 290816
11.4625 45.067 51.922 0 291328
11.4957 45.065 51.9243 0 291840
11.5213 45.064 51.9254 0 292352
11.5583 45.093 52.1489 0 292864
11.5928 44.696 52.6121 0 293376
11.6148 42.365 55.507 0 293888
11.6373 40.08 58.9605 0 294400
11.6597 38.283 61.7281 0 294912
11.6827 36.874 64.4009 0 295424
11.7046 35.748 66.4295 0 295936
11.7274 34.936 67.9734 0 296448
11.751 34.408 69.3532 0 296960
11.7729 33.985 70.2164 0 297472
11.7967 33.736 70.7346 0 297984
11.8216 33.748 71.0527 0 298496
11.8477 33.998 70.5303 0 299008
11.8698 34.227 70.0584 0 299520
11.9019 34.892 69.0551 0 300032
11.9369 36.054 66.8295 0 300544
11.9764 37.885 63.5996 0 301056
12.0135 39.801 60.829 0 301568
12.0493 42.354 57.1624 0 302080
12.0989 44.968 53.8395 0 302592
12.149 47.089 51.6605 0 303104
12.1987 48.816 49.8328 0 303616
12.2468 50.288 48.6045 0 304128
12.2747 51.435 47.5206 0 304640
12.3248 52.383 46.6606 0 305152
12.3749 53.141 46.2131 0 305664
12.4251 53.748 45.6912 0 306176
12.4751 54.263 45.2575 0 306688
12.5109 54.766 45.0534 0 307200
12.5514 55.137 44.7502 0 307712
12.6017 55.465 44.4856 0 308224
12.6522 55.727 44.4843 0 308736
12.7028 55.967 44.2935 0 309248
12.7431 56.188 44.1193 0 309760
12.7791 56.396 44.162 0 310272
12.83 56.592 44.009 0 310784
12.8805 56.719 43.9105 0 311296
12.9314 56.88 43.9899 0 311808
12.972 57.039 43.8672 0 312320
13.0083 57.197 43.9486 0 312832
13.0591 57.323 43.852 0 313344
13.1103 57.454 43.752 0 313856
13.1614 57.558 43.8742 0 314368
13.1943 58.183 43.4029 0 314880
13.2381 58.171 43.4119 0 315392
13.2895 58.223 43.5721 0 315904
13.3407 58.294 43.519 0 316416
13.3904 58.35 43.4772 0 316928
13.4179 58.396 43.6413 0 317440
13.4691 58.462 43.5921 0 317952
13.5208 58.545 43.5303 0 318464
13.5726 58.672 43.6335 0 318976
13.6147 58.773 43.5585 0 319488
13.6498 58.824 43.5207 0 320000
13.7016 58.925 43.6427 0 320512
13.7533 59.036 43.5607 0 321024
13.8044 59.214 43.6254 0 321536
13.8313 59.327 43.5423 0 322048
13.8829 59.388 43.4975 0 322560
13.9354 59.496 43.6133 0 323072
13.9873 59.613 43.5277 0 323584
14.0202 59.706 43.4599 0 324096
14.0656 59.841 43.5554 0 324608
14.1175 59.919 43.4987 0 325120
14.1697 60.011 43.432 0 325632
14.214 60.355 43.3764 0 326144
14.2481 60.42 43.3298 0 326656
14.3005 60.502 43.271 0 327168
14.3534 60.568 43.4151 0 327680
14.4004 60.65 43.3564 0 328192
14.4315 60.716 43.5001 0 328704
14.4842 60.799 43.4407 0 329216
14.5368 60.896 43.3715 0 329728
14.586 61.063 43.4426 0 330240
14.6156 61.167 43.3687 0 330752
14.6682 61.22 43.3312 0 331264
14.7212 61.322 43.448 0 331776
14.7711 61.524 43.3054 0 332288
14.7999 61.596 43.2548 0 332800
14.8532 61.713 43.3605 0 333312
14.9064 61.777 43.3155 0 333824
14.9542 61.858 43.2588 0 334336
14.9853 61.953 43.3795 0 334848
15.0387 62.059 43.3054 0 335360
15.0919 62.144 43.2461 0 335872
15.1356 62.302 43.3224 0 336384
15.1713 62.398 43.2557 0 336896
15.2248 62.475 43.3879 0 337408
15.2781 62.567 43.3241 0 337920
15.3148 62.67 43.2528 0 338432
15.3577 62.783 43.3595 0 338944
15.4114 62.903 43.2768 0 339456
15.4651 62.969 43.2314 0 339968
15.4913 63.052 43.3582 0 340480
15.5446 63.148 43.2923 0 340992
15.5987 63.256 43.2184 0 341504
15.6493 63.401 43.3023 0 342016
15.6783 63.488 43.2429 0 342528
15.7325 63.587 43.1756 0 343040
15.7866 63.667 43.3033 0 343552
15.8231 63.79 43.2198 0 344064
15.8663 63.859 43.1731 0 344576
15.9207 63.975 43.2759 0 345088
15.9739 64.097 43.1935 0 345600
16.0011 64.225 43.2878 0 346112
16.0551 64.297 43.2393 0 346624
16.1093 64.385 43.1802 0 347136
16.1522 64.545 43.2527 0 347648
16.1899 64.643 43.1871 0 348160
16.2444 64.752 43.1144 0 348672
16.2989 64.899 43.1952 0 349184
16.3276 64.956 43.1573 0 349696
16.3872 65.032 43.1069 0 350208
16.4473 65.153 43.2046 0 350720
16.5071 65.25 43.1404 0 351232
16.5673 65.357 43.0698 0 351744
16.6274 65.473 43.1704 0 352256
16.6764 65.596 43.0895 0 352768
16.7183 65.664 43.0448 0 353280
16.7786 65.779 43.1457 0 353792
16.8392 65.901 43.0658 0 354304
16.8996 65.998 43.178 0 354816
16.9601 66.106 43.1075 0 355328
17.0146 66.223 43.0313 0 355840
17.0517 66.346 43.1262 0 356352
17.1122 66.474 43.0431 0 356864
17.1726 66.547 42.9959 0 357376
17.2337 66.666 43.0929 0 357888
17.2944 66.79 43.0129 0 358400
17.3492 66.92 42.9293 0 358912
17.3868 67.054 43.0163 0 359424
17.4472 67.131 42.967 0 359936
17.5083 67.223 42.9082 0 360448
17.5696 67.356 42.9954 0 360960
17.6307 67.493 42.9082 0 361472
17.6809 67.602 42.839 0 361984
17.7229 67.69 42.9544 0 362496
17.7844 67.79 42.891 0 363008
17.846 67.93 42.9732 0 363520
17.9074 68.072 42.8835 0 364032
17.9675 68.186 42.8118 0 364544
18.0005 68.337 42.8868 0 365056
18.0616 68.428 42.8297 0 365568
18.1232 68.531 42.7653 0 366080
18.1853 68.673 42.8456 0 366592
18.2471 68.757 42.7933 0 367104
18.2949 68.854 42.733 0 367616
18.34 68.931 42.8533 0 368128
18.4017 69.023 42.7962 0 368640
18.4636 69.127 42.7318 0 369152
18.5262 69.27 42.8108 0 369664
18.5804 69.385 42.7398 0 370176
18.619 69.446 42.7023 0 370688
18.6814 69.555 42.8019 0 371200
18.7436 69.673 42.7294 0 371712
18.8063 69.797 42.8195 0 372224
18.8618 70.076 42.649 0 372736
18.8996 70.15 42.604 0 373248
18.9621 70.209 42.7332 0 373760
19.0244 70.286 42.6864 0 374272
19.0872 70.377 42.6312 0 374784
19.142 70.691 42.6057 0 375296
19.1811 70.761 42.5636 0 375808
19.2436 70.788 42.5473 0 376320
19.3064 70.839 42.6802 0 376832
19.3693 70.91 42.6375 0 377344
19.4159 70.997 42.5852 0 377856
19.4633 71.097 42.6883 0 378368
19.5262 71.206 42.6229 0 378880
19.5893 71.294 42.7328 0 379392
19.652 71.454 42.6371 0 379904
19.6835 71.522 42.5966 0 380416
19.7469 71.637 42.6899 0 380928
19.8101 71.759 42.6173 0 381440
19.8732 71.826 42.5776 0 381952
19.9292 71.94 42.6711 0 382464
19.9675 72.001 42.635 0 382976
20.0311 72.08 42.5882 0 383488
20.0948 72.205 42.6749 0 384000
20.1586 72.484 42.5107 0 384512
20.1901 72.678 42.3972 0 385024
20.2543 72.862 42.4491 0 385536
20.3195 73.159 42.2768 0 386048
20.385 73.517 42.0709 0 386560
20.4392 74.104 41.894 0 387072
20.4827 74.513 41.664 0 387584
20.5508 75.111 41.4865 0 388096
20.6212 76.07 40.9635 0 388608
20.6908 77.498 40.2087 0 389120
20.7259 78.671 39.7565 0 389632
20.8028 80.3 38.9499 0 390144
20.8683 79.32 39.4312 0 390656
20.9215 75.982 41.3159 0 391168
20.9521 73.312 42.8206 0 391680
21.0084 71.928 43.6445 0 392192
21.0654 70.85 44.4721 0 392704
21.1215 69.957 45.0398 0 393216
21.1525 69.243 45.5042 0 393728
21.2091 68.732 46.0111 0 394240
21.2656 68.354 46.2655 0 394752
21.3225 68.081 46.451 0 395264
21.354 68.012 46.6685 0 395776
21.4102 67.808 46.8089 0 396288
21.4671 67.704 47.0519 0 396800
21.5239 67.651 47.0887 0 397312
21.5555 67.609 47.118 0 397824
21.6121 67.635 47.2711 0 398336
21.6692 67.626 47.2774 0 398848
21.7261 67.649 47.2614 0 399360
21.757 67.697 47.399 0 399872
21.8144 67.766 47.3507 0 400384
21.8628 66.078 48.5603 0 400896
21.905 63.406 50.7894 0 401408
21.9356 61.269 52.5609 0 401920
21.9772 59.559 54.0699 0 402432
22.0196 58.251 55.4829 0 402944
22.0615 57.235 56.4678 0 403456
22.0924 56.422 57.2815 0 403968
22.1345 55.772 58.1568 0 404480
22.1767 55.342 58.6087 0 404992
22.2198 55.088 59.0892 0 405504
22.2509 54.884 59.3088 0 406016
22.2934 54.752 59.4518 0 406528
22.3367 54.736 59.6808 0 407040
22.379 55.054 59.3361 0 407552
22.4128 55.158 59.2242 0 408064
22.4553 55.301 59.2805 0 408576
22.5007 55.626 58.9342 0 409088
22.5354 56.156 58.3779 0 409600
22.5782 56.64 58.0836 0 410112
22.6271 57.448 57.2667 0 410624
22.6779 58.515 56.2224 0 411136
22.7173 59.369 55.6088 0 411648
22.7599 60.082 54.9489 0 412160
22.811 60.712 54.3787 0 412672
22.8604 62.328 53.1547 0 413184
22.8969 62.539 52.9753 0 413696
22.9453 62.798 52.9413 0 414208
22.9966 63.005 52.7674 0 414720
23.0358 63.201 52.6037 0 415232
23.0795 63.418 52.6064 0 415744
23.1312 63.591 52.4633 0 416256
23.1835 63.79 52.2996 0 416768
23.2216 64.009 52.3016 0 417280
23.2664 64.155 52.1826 0 417792
23.3188 64.301 52.0641 0 418304
23.3586 64.478 52.1009 0 418816
23.4022 64.59 52.0105 0 419328
23.4621 64.739 51.8908 0 419840
23.5229 64.949 51.9014 0 420352
23.5835 65.116 51.7683 0 420864
23.6443 65.281 51.8149 0 421376
23.7039 65.772 51.4281 0 421888
23.7529 65.865 51.3555 0 422400
23.814 65.97 51.4493 0 422912
23.8657 66.084 51.3606 0 423424
23.927 66.235 51.2435 0 423936
23.9886 66.385 51.3022 0 424448
24.0501 66.566 51.1627 0 424960
24.1117 66.711 51.0515 0 425472
24.1739 66.917 51.0674 0 425984
24.2223 67.111 50.9198 0 426496
24.2843 67.267 50.8017 0 427008
24.3367 67.452 50.8341 0 427520
24.3989 67.599 50.7236 0 428032
24.4614 67.778 50.5896 0 428544
24.5242 67.95 50.6321 0 429056
24.5869 68.148 50.4849 0 429568
24.6404 68.487 50.4042 0 430080
24.6988 68.638 50.2933 0 430592
24.7525 68.819 50.161 0 431104
24.815 68.964 50.2235 0 431616
24.8782 69.109 50.1182 0 432128
24.9417 69.286 49.9901 0 432640
25.0056 69.457 50.0338 0 433152
25.0691 69.655 49.8916 0 433664
25.1184 69.782 49.8008 0 434176
25.1787 70.005 49.8076 0 434688
25.2358 70.182 49.682 0 435200
25.2998 70.295 49.6022 0 435712
25.3644 70.475 49.6398 0 436224
25.4287 70.619 49.5386 0 436736
25.49 70.824 49.3952 0 437248
25.5431 70.958 49.4652 0 437760
25.5969 71.095 49.3699 0 438272
25.6618 71.295 49.3939 0 438784
25.7267 71.455 49.2833 0 439296
25.7919 71.644 49.1533 0 439808
25.8573 71.824 49.1914 0 440320
25.9074 71.998 49.0725 0 440832
25.973 72.198 48.9365 0 441344
26.0271 72.358 48.9884 0 441856
26.0929 72.546 48.8615 0 442368
26.1586 72.696 48.7606 0 442880
26.225 72.906 48.7791 0 443392
26.279 73.135 48.6263 0 443904
26.3417 73.287 48.5255 0 444416
26.3963 73.47 48.5623 0 444928
26.4626 73.615 48.4666 0 445440
26.5292 73.762 48.3701 0 445952
26.596 73.909 48.4306 0 446464
26.6526 74.087 48.3142 0 446976
26.7141 74.29 48.3381 0 447488
26.7688 74.482 48.2135 0 448000
26.8357 74.605 48.134 0 448512
26.9033 74.794 48.1673 0 449024
26.9706 74.945 48.0702 0 449536
27.0221 75.096 47.9736 0 450048
27.0896 75.247 48.0313 0 450560
27.1446 75.398 47.9351 0 451072
27.2124 75.579 47.8203 0 451584
27.2806 75.753 47.8633 0 452096
27.3488 75.953 47.7373 0 452608
27.4002 76.083 47.6557 0 453120
27.4672 76.547 47.5182 0 453632
27.5243 76.678 47.437 0 454144
27.5928 76.783 47.3722 0 454656
27.6618 76.957 47.4156 0 455168
27.73 77.096 47.3301 0 455680
27.7828 77.267 47.3753 0 456192
27.8385 77.435 47.2725 0 456704
27.9076 77.568 47.1914 0 457216
27.9773 77.766 47.2202 0 457728
28.0467 77.923 47.1251 0 458240
28.0988 78.079 47.0309 0 458752
28.1563 78.325 47.0311 0 459264
28.2248 78.461 46.9496 0 459776
28.2945 78.569 46.8851 0 460288
28.3648 78.747 46.9262 0 460800
28.417 78.858 46.8601 0 461312
28.4852 79.038 46.7534 0 461824
28.5438 79.211 46.7975 0 462336
28.6141 79.35 46.7156 0 462848
28.6847 79.522 46.6145 0 463360
28.7379 79.689 46.6622 0 463872
28.8083 79.852 46.5669 0 464384
28.8652 80.043 46.6006 0 464896
28.9361 80.196 46.5116 0 465408
29.0073 80.378 46.4063 0 465920
29.0608 80.554 46.4487 0 466432
29.1318 80.785 46.3159 0 466944
29.1888 80.94 46.2272 0 467456
29.2606 81.093 46.2829 0 467968
29.3324 81.276 46.1787 0 468480
29.3855 81.393 46.1123 0 468992
29.4522 81.606 46.1339 0 469504
29.515 81.777 46.0374 0 470016
29.5871 81.913 45.961 0 470528
29.6598 82.113 45.9901 0 471040
29.7133 82.242 45.9179 0 471552
29.7716 82.406 45.9671 0 472064
29.8435 82.567 45.8775 0 472576
29.9163 82.755 45.7733 0 473088
29.9766 80.354 47.2852 0 473600
30.0304 78.403 48.4618 0 474112
30.0688 75.641 50.2314 0 474624
30.1229 73.46 51.8804 0 475136
30.1768 71.745 53.1206 0 475648
30.2309 70.403 54.1331 0 476160
30.283 69.691 54.8524 0 476672
30.3239 68.82 55.5466 0 477184
30.3779 68.094 56.1389 0 477696
30.4324 67.572 56.744 0 478208
30.4868 67.186 57.07 0 478720
30.5253 66.877 57.3337 0 479232
30.5801 66.689 57.669 0 479744
30.6345 66.509 57.8251 0 480256
30.6893 66.424 58.0735 0 480768
30.7377 66.417 58.0796 0 481280
30.7824 66.381 58.1111 0 481792
30.8375 66.413 58.2575 0 482304
30.8922 66.408 58.2619 0 482816
30.947 66.434 58.2391 0 483328
30.9858 66.485 58.3687 0 483840
31.0408 66.555 58.3073 0 484352
31.0959 66.642 58.2311 0 484864
31.1512 66.711 58.3446 0 485376
31.1899 66.767 58.2956 0 485888
31.2447 66.841 58.2311 0 486400
31.3003 66.961 58.2997 0 486912
31.3556 67.057 58.2163 0 487424
31.3955 67.163 58.1244 0 487936
31.4498 67.278 58.1972 0 488448
31.505 67.341 58.1428 0 488960
31.5608 67.451 58.2197 0 489472
31.6163 67.598 58.0931 0 489984
31.6548 67.687 58.0167 0 490496
31.7108 67.818 58.0754 0 491008
31.7664 67.892 58.0121 0 491520
31.8221 67.982 57.9353 0 492032
31.8609 68.084 58.0187 0 492544
31.9167 68.195 57.9242 0 493056
31.9728 68.314 57.8233 0 493568
32.0289 68.41 57.9115 0 494080
32.0674 68.486 57.8473 0 494592
32.1234 68.577 57.7705 0 495104
32.1799 68.71 57.8273 0 495616
32.2362 68.846 57.713 0 496128
32.2747 68.955 57.6218 0 496640
32.3311 69.043 57.7161 0 497152
32.3875 69.143 57.6327 0 497664
32.4442 69.283 57.6834 0 498176
32.4827 69.395 57.5903 0 498688
32.5393 69.514 57.4917 0 499200
32.5961 69.61 57.5789 0 499712
32.6527 69.716 57.4913 0 500224
32.6912 69.802 57.4205 0 500736
32.7482 69.93 57.481 0 501248
32.805 70.033 57.3965 0 501760
32.8612 70.145 57.3048 0 502272
32.9007 70.265 57.3718 0 502784
32.9575 70.33 57.3188 0 503296
33.0144 70.413 57.2512 0 503808
33.0548 70.539 57.3132 0 504320
33.1102 70.64 57.2313 0 504832
33.1674 70.751 57.1415 0 505344
33.2248 70.84 57.2332 0 505856
33.2636 70.911 57.1759 0 506368
33.3208 71.027 57.2456 0 506880
33.3782 71.151 57.1458 0 507392
33.4357 71.28 57.0424 0 507904
33.4745 71.413 57.0984 0 508416
33.5318 71.489 57.0377 0 508928
33.5894 71.581 56.9644 0 509440
33.6473 71.714 57.0203 0 509952
33.6858 71.82 56.9361 0 510464
33.7436 71.935 56.8451 0 510976
33.8016 72.027 56.9333 0 511488
33.8406 72.101 56.8749 0 512000
33.8979 72.19 56.8048 0 512512
33.9561 72.321 56.862 0 513024
34.0143 72.456 56.7561 0 513536
34.053 72.595 56.807 0 514048
34.111 72.675 56.7445 0 514560
34.1691 72.769 56.6712 0 515072
34.2277 72.935 56.701 0 515584
34.2662 73.037 56.6218 0 516096
34.3244 73.119 56.5583 0 516608
34.3832 73.245 56.6192 0 517120
34.4219 73.346 56.5412 0 517632
34.4799 73.396 56.5027 0 518144
34.5386 73.496 56.5834 0 518656
34.5972 73.607 56.4981 0 519168
34.6356 73.695 56.4306 0 519680
34.6947 73.826 56.4874 0 520192
34.7533 73.9 56.4309 0 520704
34.792 73.96 56.3851 0 521216
34.8507 74.068 56.4593 0 521728
34.9096 74.184 56.371 0 522240
34.9689 74.337 56.4108 0 522752
35.0074 74.459 56.3183 0 523264
35.0663 74.527 56.267 0 523776
35.1283 74.642 56.3355 0 524288
35.2004 74.763 56.2443 0 524800
35.2722 74.861 56.1707 0 525312
35.3447 74.999 56.2218 0 525824
35.4134 75.589 55.7829 0 526336
35.4685 75.552 55.8102 0 526848
35.5408 75.581 55.9421 0 527360
35.6129 75.635 55.9022 0 527872
35.6851 75.708 55.8483 0 528384
35.7578 75.767 55.9577 0 528896
35.8303 75.844 55.9008 0 529408
35.9027 75.935 55.8339 0 529920
35.9759 76.068 55.8885 0 530432
36.0486 76.145 55.832 0 530944
36.1214 76.266 55.8953 0 531456
36.1944 76.393 55.8024 0 531968
36.2676 76.525 55.7061 0 532480
36.3406 76.631 55.7802 0 532992
36.4137 76.745 55.6974 0 533504
36.487 76.866 55.6097 0 534016
36.5393 77.024 55.646 0 534528
36.6121 77.15 55.5552 0 535040
36.6851 77.22 55.5048 0 535552
36.7584 77.307 55.5922 0 536064
36.8319 77.406 55.5211 0 536576
36.9055 77.515 55.443 0 537088
36.9792 77.663 55.4865 0 537600
37.0528 77.751 55.4237 0 538112
37.1266 77.852 55.3518 0 538624
37.2005 77.992 55.401 0 539136
37.2745 78.135 55.2996 0 539648
37.3487 78.249 55.367 0 540160
37.4225 78.4 55.2604 0 540672
37.4744 78.491 55.1963 0 541184
37.5486 78.624 55.2503 0 541696
37.6224 78.76 55.1549 0 542208
37.6966 78.839 55.0996 0 542720
37.7712 78.962 55.1605 0 543232
37.8454 79.091 55.0705 0 543744
37.9199 79.194 54.9989 0 544256
37.9949 79.336 55.0465 0 544768
38.0691 79.42 54.9883 0 545280
38.1437 79.517 54.9212 0 545792
38.2188 79.655 54.9715 0 546304
38.2715 79.765 54.8957 0 546816
38.3451 79.884 54.8139 0 547328
38.4199 79.978 54.8943 0 547840
38.4946 80.084 54.8216 0 548352
38.57 80.229 54.8669 0 548864
38.6452 80.374 54.768 0 549376
38.72 80.461 54.7087 0 549888
38.7956 80.59 54.7649 0 550400
38.871 80.724 54.674 0 550912
38.9462 80.861 54.5814 0 551424
39.0117 81.12 54.5499 0 551936
39.0736 81.178 54.5109 0 552448
39.1486 81.254 54.4599 0 552960
39.2246 81.375 54.5213 0 553472
39.3004 81.502 54.4364 0 553984
39.3758 81.573 54.389 0 554496
39.4518 81.66 54.4729 0 555008
39.5277 81.76 54.4063 0 555520
39.6034 81.87 54.3332 0 556032
39.6798 82.018 54.3764 0 556544
39.7318 82.136 54.2982 0 557056
39.8075 82.291 54.3367 0 557568
39.8833 82.385 54.2747 0 558080
39.9596 82.49 54.2056 0 558592
40.0113 77.678 57.7127 0 559104
40.0627 73.769 60.7709 0 559616
40.1141 70.642 63.4609 0 560128
40.1654 68.17 65.9321 0 560640
40.2168 66.191 67.9034 0 561152
40.2682 64.608 69.5671 0 561664
40.3195 63.372 71.1067 0 562176
40.3709 62.383 72.234 0 562688
40.4223 61.592 73.1617 0 563200
40.4736 60.989 74.075 0 563712
40.525 60.507 74.6651 0 564224
40.5767 60.151 75.2996 0 564736
40.6277 59.866 75.658 0 565248
40.6791 59.639 75.946 0 565760
40.7308 59.486 76.3361 0 566272
40.7819 59.365 76.4917 0 566784
40.8332 59.267 76.6182 0 567296
40.8849 59.22 76.8746 0 567808
40.936 59.181 76.9252 0 568320
40.9873 59.151 76.9642 0 568832
41.039 59.156 77.1536 0 569344
41.0901 59.161 77.147 0 569856
41.1414 59.164 77.1431 0 570368
41.1931 59.197 77.2958 0 570880
41.2442 59.223 77.2619 0 571392
41.2955 59.244 77.2345 0 571904
41.3472 59.291 77.3686 0 572416
41.3983 59.329 77.3191 0 572928
41.4499 59.389 77.436 0 573440
41.5013 59.437 77.3735 0 573952
41.5524 59.475 77.3241 0 574464
41.604 59.536 77.4394 0 574976
41.6554 59.585 77.3757 0 575488
41.7065 59.624 77.3251 0 576000
41.7582 59.685 77.4402 0 576512
41.8095 59.734 77.3766 0 577024
41.8606 59.773 77.3262 0 577536
41.9123 59.834 77.4409 0 578048
41.9636 59.883 77.3776 0 578560
42.0147 59.922 77.3272 0 579072
42.0664 59.984 77.4404 0 579584
42.1177 60.033 77.3772 0 580096
42.1688 60.072 77.3269 0 580608
42.2205 60.134 77.4399 0 581120
42.2718 60.183 77.3768 0 581632
42.3232 60.252 77.4804 0 582144
42.3746 60.308 77.4085 0 582656
42.4259 60.352 77.3521 0 583168
42.4773 60.418 77.4593 0 583680
42.5287 60.47 77.3927 0 584192
42.58 60.512 77.339 0 584704
42.6314 60.576 77.4485 0 585216
42.6828 60.627 77.3833 0 585728
42.7342 60.668 77.331 0 586240
42.7855 60.73 77.4428 0 586752
42.8369 60.78 77.3791 0 587264
42.8883 60.82 77.3282 0 587776
42.9396 60.883 77.4385 0 588288
42.991 60.932 77.3762 0 588800
43.0424 60.972 77.3255 0 589312
43.0937 61.034 77.4367 0 589824
43.1451 61.083 77.3746 0 590336
43.1968 61.153 77.4754 0 590848
43.2478 61.209 77.4046 0 591360
43.2992 61.253 77.349 0 591872
43.3509 61.319 77.4546 0 592384
43.4019 61.371 77.389 0 592896
43.4533 61.413 77.3361 0 593408
43.505 61.477 77.444 0 593920
43.556 61.528 77.3798 0 594432
43.6074 61.569 77.3283 0 594944
43.6591 61.631 77.4384 0 595456
43.7102 61.681 77.3757 0 595968
43.7615 61.722 77.3243 0 596480
43.8132 61.784 77.4342 0 596992
43.8643 61.833 77.3728 0 597504
43.9156 61.873 77.3228 0 598016
43.9673 61.935 77.4324 0 598528
44.0184 61.984 77.3712 0 599040
44.07 62.054 77.4706 0 599552
44.1214 62.11 77.4007 0 600064
44.1725 62.154 77.3459 0 600576
44.2241 62.22 77.4501 0 601088
44.2755 62.273 77.3842 0 601600
44.3266 62.315 77.332 0 602112
44.3782 62.378 77.4396 0 602624
44.4296 62.429 77.3763 0 603136
44.4807 62.47 77.3256 0 603648
44.5323 62.533 77.4329 0 604160
44.5837 62.583 77.371 0 604672
44.6348 62.623 77.3216 0 605184
44.6865 62.685 77.4299 0 605696
44.7378 62.735 77.3682 0 606208
44.7892 62.804 77.4677 0 606720
44.8406 62.86 77.3987 0 607232
44.8919 62.905 77.3433 0 607744
44.9433 62.971 77.4462 0 608256
44.9947 63.023 77.3823 0 608768
45.046 63.065 77.3308 0 609280
45.0974 63.129 77.4359 0 609792
45.1488 63.18 77.3733 0 610304
45.2001 63.221 77.3232 0 610816
45.2515 63.283 77.4305 0 611328
45.3029 63.334 77.3681 0 611840
45.3542 63.374 77.3193 0 612352
45.4056 63.436 77.4263 0 612864
45.457 63.486 77.3653 0 613376
45.5083 63.525 77.3178 0 613888
45.5597 63.587 77.4246 0 614400
45.6111 63.637 77.3638 0 614912
45.6628 63.706 77.4618 0 615424
45.7138 63.762 77.3938 0 615936
45.7652 63.806 77.3404 0 616448
45.8169 63.872 77.4419 0 616960
45.8679 63.925 77.3777 0 617472
45.9193 63.967 77.3269 0 617984
45.971 64.03 77.4317 0 618496
46.022 64.081 77.3701 0 619008
46.0734 64.122 77.3206 0 619520
46.1251 64.185 77.4252 0 620032
46.1761 64.235 77.3649 0 620544
46.2275 64.275 77.3168 0 621056
46.2792 64.337 77.4223 0 621568
46.3302 64.387 77.3622 0 622080
46.3816 64.426 77.3154 0 622592
46.4333 64.488 77.4207 0 623104
46.4843 64.538 77.3607 0 623616
46.536 64.607 77.4574 0 624128
46.5874 64.663 77.3903 0 624640
46.6385 64.708 77.3365 0 625152
46.6901 64.773 77.4377 0 625664
46.7415 64.826 77.3744 0 626176
46.7926 64.868 77.3243 0 626688
46.8442 64.932 77.4265 0 627200
46.8956 64.983 77.3657 0 627712
46.9467 65.023 77.3181 0 628224
46.9983 65.086 77.4213 0 628736
47.0497 65.136 77.3618 0 629248
47.1008 65.176 77.3143 0 629760
47.1524 65.238 77.4184 0 630272
47.2038 65.288 77.3591 0 630784
47.2549 65.328 77.3118 0 631296
47.3065 65.39 77.4156 0 631808
47.3579 65.439 77.3577 0 632320
47.4093 65.509 77.4518 0 632832
47.4606 65.564 77.3869 0 633344
47.512 65.609 77.3338 0 633856
47.5634 65.675 77.4324 0 634368
47.6148 65.727 77.3712 0 634880
47.6661 65.769 77.3218 0 635392
47.7175 65.833 77.4226 0 635904
47.7689 65.884 77.3626 0 636416
47.8202 65.925 77.3145 0 636928
47.8716 65.987 77.4174 0 637440
47.923 66.037 77.3588 0 637952
47.9743 66.077 77.312 0 638464
48.0257 66.139 77.4147 0 638976
48.0771 66.189 77.3562 0 639488
48.1284 66.229 77.3095 0 640000
48.1798 66.291 77.4119 0 640512
48.2312 66.34 77.3547 0 641024
48.2828 66.41 77.4476 0 641536
48.3339 66.466 77.3824 0 642048
48.3853 66.51 77.3312 0 642560
48.4369 66.576 77.4285 0 643072
48.488 66.628 77.3681 0 643584
48.5394 66.67 77.3193 0 644096
48.5911 66.734 77.4188 0 644608
48.6421 66.785 77.3596 0 645120
48.6935 66.826 77.3122 0 645632
48.7452 66.888 77.4137 0 646144
48.7962 66.938 77.3559 0 646656
48.8476 66.979 77.3085 0 647168
48.8993 67.041 77.4098 0 647680
48.9503 67.09 77.3533 0 648192
49.0017 67.13 77.3072 0 648704
49.0534 67.192 77.4083 0 649216
49.1044 67.241 77.3519 0 649728
49.1561 67.311 77.4435 0 650240
49.2075 67.367 77.3791 0 650752
49.2585 67.411 77.3286 0 651264
49.3102 67.477 77.4247 0 651776
49.3616 67.53 77.3639 0 652288
49.4126 67.572 77.3158 0 652800
49.4643 67.635 77.4151 0 653312
49.5157 67.686 77.3567 0 653824
49.5668 67.727 77.3099 0 654336
49.6184 67.79 77.4089 0 654848
49.6698 67.84 77.3519 0 655360
49.7209 67.88 77.3063 0 655872
49.7725 67.942 77.4063 0 656384
49.8239 67.992 77.3493 0 656896
49.8753 68.061 77.4411 0 657408
49.9266 68.117 77.3775 0 657920
