0.0 72
20.1452 72.125
20.2177 81.2344
20.2183 80.3301
20.2189 79.4138
20.2915 78.7371
20.2919 78.145
20.2925 77.6268
20.2928 77.1735
20.3657 85.9018
20.3661 84.5391
20.3666 83.3467
20.367 82.4283
20.3673 81.4998
20.3676 80.6873
20.4403 89.1014
20.4409 87.3387
20.4412 85.7964
20.4415 84.4468
20.4421 83.391
20.4424 82.3421
20.4427 81.4243
20.443 80.7463
20.4435 80.153
20.5162 88.7589
20.5166 87.164
20.5172 85.8935
20.5175 84.7818
20.5178 83.6841
20.5183 82.8486
20.5187 82.1175
20.519 81.4778
20.5193 80.9181
20.5196 80.4283
20.5202 80.1248
20.5205 79.7342
20.521 79.3924
20.5217 79.2184
20.5938 78.9411
20.5941 78.8234
20.5947 78.7205
20.595 78.6304
20.5953 78.5516
20.5956 78.4827
20.5962 78.5473
20.5965 78.6039
20.5968 78.5284
20.5971 78.5874
20.5974 78.639
20.5977 78.5591
20.5982 78.6142
20.5986 78.6624
20.5989 78.7046
20.5995 78.7415
20.5998 78.7739
20.6003 78.9271
20.6009 79.0612
20.6015 79.3036
20.6021 79.5156
20.6737 79.5762
20.6742 79.7542
20.6746 79.7849
20.6749 79.8118
20.6752 79.9603
20.6755 79.9653
20.676 79.9696
20.6764 80.0984
20.6767 80.2111
20.677 80.3097
20.6773 80.396
20.6776 80.4715
20.6779 80.5376
20.6782 80.7204
20.6785 80.7553
20.6791 80.9109
20.6794 81.047
20.6799 81.1662
20.6803 81.2704
20.6806 81.3616
20.6809 81.4414
20.6812 81.6362
20.6818 81.8067
20.6824 81.9559
20.6827 82.0864
20.6833 82.3256
20.6836 82.4099
20.6842 82.6086
20.6847 82.7826
20.6853 82.9347
20.6859 82.9429
20.7566 91.825
20.7569 90.7219
20.7574 89.7567
20.7578 88.9121
20.7581 88.2981
20.7584 87.7608
20.7587 87.2907
20.759 86.8794
20.7595 86.5194
20.7599 86.2045
20.7602 86.054
20.7606 85.7972
20.7609 85.5726
20.7612 85.501
20.7615 85.3134
20.7618 85.1492
20.7621 85.1305
20.7627 85.1142
20.763 85.0999
20.7633 85.2125
20.7636 85.1859
20.764 85.2877
20.7645 85.3767
20.7648 85.3296
20.7651 85.4134
20.7654 85.4867
20.766 85.5509
20.7663 85.732
20.7666 85.7655
20.7672 85.9198
20.7675 86.0549
20.7678 86.173
20.7684 86.2764
20.7687 86.3668
20.769 86.446
20.7696 86.5152
20.7699 86.5758
20.7703 86.7538
20.7708 86.7846
20.7712 86.9365
20.7717 87.0695
20.7721 87.1858
20.7726 87.2876
20.7735 87.5016
20.9785 84.6889
20.9788 82.2278
20.9791 80.1993
20.9794 78.4244
20.9798 76.8714
20.9806 75.6374
20.981 74.6828
20.9818 73.8474
20.9824 73.2415
20.9827 72.5863
20.983 72.013
20.9836 71.6364
20.9839 71.1818
20.9842 70.9091
20.9846 70.5455
20.9851 70.2273
20.9854 69.8239
20.9859 69.4709
20.9863 69.162
20.9866 68.8918
20.9871 68.7803
20.9875 68.5578
20.988 68.363
20.9884 68.1927
20.989 68.0436
20.9908 68.0381
20.9911 67.9084
20.9917 67.6698
21.0425 67.5861
21.0429 67.3878
21.0434 67.3393
21.0437 67.1719
21.044 67.0254
21.0446 67.0223
21.0449 66.8945
21.0452 66.9077
21.0455 66.7942
21.0459 66.6949
21.0467 66.7331
21.0471 66.7664
21.0479 66.6706
21.0485 66.7118
21.0488 66.6228
21.0491 66.67
21.0497 66.7112
21.05 66.6223
21.0503 66.6695
21.0507 66.5858
21.0512 66.6376
21.0515 66.5579
21.0519 66.4882
21.0524 66.5521
21.0527 66.4831
21.0531 66.5477
21.0536 66.4793
21.054 66.5444
21.0545 66.6013
21.0551 66.6512
21.0569 66.6948
21.0572 66.7329
21.0578 66.6413
21.1086 72.9361
21.109 72.1941
21.1095 71.5449
21.1098 70.8517
21.1101 70.3703
21.1107 69.949
21.111 69.4554
21.1113 69.1484
21.1116 68.7549
21.112 68.5355
21.1128 68.3436
21.1132 68.1756
21.114 67.9037
21.1146 67.7907
21.1149 67.5669
21.1152 67.496
21.1158 67.309
21.1161 67.2704
21.1164 67.2366
21.1168 67.082
21.1173 67.0718
21.1176 66.9378
21.118 66.9456
21.1185 66.9524
21.1188 66.8333
21.1192 66.8542
21.1197 66.7474
21.1201 66.779
21.1206 66.6816
21.1212 66.7214
21.123 66.7562
21.1233 66.7867
21.1239 66.6884
21.1748 72.9773
21.1753 72.2301
21.1757 71.4514
21.176 70.895
21.1763 70.4081
21.1769 69.8571
21.1772 69.4999
21.1775 69.1874
21.1778 68.789
21.1783 68.5654
21.1787 68.2447
21.1793 68.0891
21.1799 67.828
21.1805 67.7245
21.1811 67.6339
21.1814 67.5547
21.1817 67.3603
21.1823 67.3153
21.1826 67.1509
21.1829 67.007
21.1834 67.0061
21.1838 66.8804
21.1841 66.8953
21.1846 66.7834
21.185 66.8105
21.1853 66.8342
21.1858 66.7299
21.1862 66.7637
21.1868 66.6682
21.1871 66.7097
21.1877 66.621
21.1895 66.6683
21.19 66.5848
21.1904 66.6367
21.2415 66.6821
21.2419 66.5969
21.2424 66.6472
21.2427 66.5663
21.243 66.4955
21.2436 66.5586
21.2439 66.4888
21.2442 66.5527
21.2445 66.6086
21.2449 66.5325
21.2454 66.591
21.246 66.5171
21.2466 66.5774
21.2472 66.6303
21.2478 66.5515
21.2481 66.6075
21.2484 66.6566
21.249 66.6995
21.2493 66.7371
21.2496 66.7699
21.2501 66.7987
21.2505 66.8239
21.2508 66.7209
21.2513 66.7558
21.2517 66.6613
21.252 66.7036
21.2525 66.7407
21.2529 66.6481
21.2535 66.6921
21.2538 66.6056
21.2544 66.6549
21.2562 66.698
21.2567 66.7358
21.2571 66.7688
21.3083 66.7977
21.3088 66.823
21.3092 66.8451
21.3095 66.8645
21.3098 66.8814
21.3104 66.8962
21.3107 66.9092
21.311 66.9206
21.3113 66.9305
21.3118 66.9392
21.3122 67.0718
21.3128 67.0628
21.3133 67.18
21.314 67.2825
21.3146 67.2472
21.3149 67.2163
21.3152 67.1892
21.3158 67.1656
21.3161 67.1449
21.3164 67.1268
21.3169 67.1109
21.3173 67.0971
21.3176 67.0849
21.3181 67.1993
21.3185 67.1744
21.3188 67.1526
21.3193 67.1335
21.3197 67.1168
21.3202 67.2272
21.3206 67.1988
21.3212 67.299
21.323 67.5116
21.3233 67.4476
21.324 67.3917
21.375 73.7177
21.3755 72.878
21.3759 72.1433
21.3762 71.5004
21.3765 70.9378
21.3771 70.5706
21.3774 70.1243
21.3777 69.7337
21.378 69.392
21.3785 69.093
21.3789 68.8314
21.3795 68.6025
21.38 68.4022
21.3807 68.2269
21.3813 68.0735
21.3816 67.9393
21.3819 67.8219
21.3825 67.7192
21.3828 67.6293
21.3831 67.5506
21.3836 67.4818
21.384 67.5466
21.3843 67.4782
21.3848 67.4185
21.3852 67.3662
21.3855 67.3204
21.386 67.2803
21.3864 67.2453
21.3869 67.2146
21.3873 67.1878
21.3879 67.1643
21.3897 67.2688
21.39 67.2352
21.3906 67.2058
21.4419 73.5551
21.4423 72.7357
21.4428 72.0187
21.4431 71.5164
21.4434 70.9518
21.444 70.4579
21.4443 70.0256
21.4446 69.6474
21.4449 69.3165
21.4453 69.0269
21.4458 68.7736
21.4464 68.6769
21.4468 68.4673
21.4476 68.4088
21.4479 68.2327
21.4485 68.0786
21.4488 67.9438
21.4491 67.9508
21.4497 67.832
21.45 67.728
21.4503 67.637
21.4507 67.5574
21.4512 67.4877
21.4515 67.4267
21.4519 67.3734
21.4524 67.3267
21.4527 67.2859
21.4531 67.3751
21.4536 67.3282
21.4542 67.4122
21.4545 67.3607
21.4551 67.4406
21.4569 67.3855
21.4573 67.3373
21.4578 67.2952
21.5091 67.3833
21.5096 67.3354
21.51 67.4184
21.5103 67.3661
21.5106 67.3204
21.5113 67.4053
21.5116 67.3547
21.5119 67.3103
21.5122 67.3965
21.5126 67.347
21.5131 67.4286
21.5137 67.375
21.5141 67.4531
21.5149 67.3965
21.5152 67.4719
21.5158 67.4129
21.5161 67.4863
21.5164 67.4255
21.517 67.3723
21.5173 67.4508
21.5176 67.3944
21.518 67.4701
21.5185 67.4114
21.5188 67.36
21.5192 67.44
21.5197 67.385
21.52 67.3368
21.5204 67.2947
21.5209 67.2579
21.5215 67.2257
21.5218 67.1974
21.5224 67.1728
21.5242 67.2762
21.5246 67.2416
21.5251 67.3364
21.5766 67.2944
21.577 67.3826
21.5775 67.3348
21.5778 67.2929
21.5781 67.3813
21.5787 67.3336
21.579 67.2919
21.5793 67.3804
21.5796 67.3329
21.58 67.4163
21.5805 67.3642
21.5811 67.4437
21.5815 67.3882
21.5823 67.4647
21.5826 67.4066
21.5832 67.4808
21.5835 67.4207
21.5838 67.3681
21.5844 67.4471
21.5847 67.5162
21.585 67.4517
21.5854 67.5202
21.5859 67.4552
21.5862 67.5233
21.5867 67.5829
21.5871 67.635
21.5874 67.6806
21.5879 67.7206
21.5883 67.7555
21.5888 67.7861
21.5892 67.8128
21.5898 67.8362
21.5916 67.9817
21.5919 67.859
21.5925 67.8766
21.6439 74.142
21.6443 73.3743
21.6448 72.5775
21.6451 72.0053
21.6454 71.5046
21.646 70.9416
21.6463 70.5739
21.6466 70.2521
21.6469 69.8456
21.6473 69.6149
21.6478 69.288
21.6484 69.127
21.6488 68.8612
21.6496 68.7535
21.6499 68.5343
21.6505 68.4675
21.6508 68.2841
21.6511 68.2486
21.6517 68.2175
21.652 68.0653
21.6523 68.0572
21.6527 68.05
21.6532 68.0438
21.6535 68.0383
21.6539 67.9085
21.6544 67.9199
21.6547 67.8049
21.6551 67.8293
21.6556 67.8507
21.656 67.8693
21.6565 67.8857
21.6571 67.9
21.6589 68.0375
21.6592 68.0328
21.6598 68.0287
21.7113 74.4001
21.7118 73.6001
21.7122 72.9001
21.7125 72.2876
21.7128 71.6266
21.7134 71.1733
21.7137 70.7766
21.714 70.4295
21.7143 70.1259
21.7148 69.8601
21.7152 69.6276
21.7158 69.4242
21.7163 69.2461
21.717 69.2154
21.7173 69.0634
21.7179 68.9305
21.7182 68.8142
21.7185 68.7124
21.7191 68.6234
21.7194 68.5454
21.7197 68.4773
21.72 68.4176
21.7205 68.3654
21.7209 68.1947
21.7212 68.1704
21.7217 68.1491
21.7221 68.1305
21.7224 68.1141
21.7229 67.9749
21.7233 67.978
21.7239 67.8558
21.7242 67.8738
21.7248 67.7646
21.7266 67.794
21.7271 67.8197
21.7275 67.8423
21.7792 67.862
21.7797 67.8792
21.7801 67.8943
21.7804 67.9075
21.7807 67.9191
21.7813 67.9292
21.7816 67.9381
21.7819 67.8208
21.7822 67.8432
21.7827 67.8628
21.7831 67.8799
21.7837 67.895
21.7842 67.9081
21.7849 67.7946
21.7852 67.8203
21.7858 67.8427
21.7861 67.8624
21.7864 67.8796
21.787 67.8946
21.7873 67.9078
21.7876 67.9193
21.7879 67.8044
21.7884 67.8289
21.7888 67.8503
21.7891 67.869
21.7896 67.8853
21.79 67.8997
21.7903 67.9122
21.7908 67.9232
21.7912 67.9328
21.7918 67.9412
21.7921 67.9485
21.7927 67.955
21.7945 67.9606
21.795 67.8405
21.7954 67.8605
21.8436 67.3779
21.8439 66.9557
21.8442 66.5862
21.8445 66.2629
21.8448 65.9801
21.8451 65.7326
21.8454 65.516
21.8457 65.3265
21.846 65.1607
21.8465 65.0156
21.8469 64.7636
21.8472 64.6682
21.8477 64.4597
21.8481 64.4022
21.8484 64.2269
21.8487 64.0736
21.849 63.9394
21.8494 63.8219
21.8497 63.5942
21.85 63.3949
21.8503 63.3456
21.8506 63.3024
21.8509 63.1396
21.8512 63.1221
21.8515 63.1069
21.8518 62.9685
21.8521 62.9724
21.8524 62.8509
21.8527 62.7445
21.853 62.6515
21.8534 62.57
21.8539 62.4988
21.8542 62.4364
21.8548 62.3819
21.8551 62.2091
21.8557 62.058
21.8961 66.9257
21.8964 65.185
21.8967 63.6619
21.897 62.2042
21.8973 61.0536
21.8976 60.0469
21.8979 59.0411
21.8982 58.2859
21.8985 57.6252
21.8989 56.922
21.8994 56.4318
21.8997 56.0028
21.9001 55.6275
21.9006 55.299
21.9009 54.8866
21.9012 54.6508
21.9015 54.4445
21.9018 54.1389
21.9021 53.9965
21.9024 53.872
21.9027 53.763
21.903 53.5426
21.9033 53.4748
21.9036 53.4154
21.9039 53.2385
21.9042 53.2087
21.9045 53.1826
21.9048 53.0348
21.9051 53.0304
21.9054 53.0266
21.9058 53.0233
21.9063 53.0204
21.9066 53.0178
21.9072 53.0156
21.9075 53.0137
21.9081 53.0119
21.9485 58.0105
21.9488 57.2591
21.9491 56.7268
21.9494 56.2609
21.9497 55.8533
21.95 55.3716
21.9503 55.0752
21.9506 54.8158
21.9509 54.4638
21.9513 54.2808
21.9518 54.1207
21.9521 53.9806
21.9525 53.8581
21.953 53.6258
21.9533 53.5476
21.9536 53.4791
21.9539 53.2942
21.9542 53.2575
21.9545 53.2253
21.9548 53.0721
21.9551 53.0631
21.9554 53.0552
21.9557 53.0483
21.956 52.9173
21.9563 52.9276
21.9566 52.9367
21.9569 52.8196
21.9572 52.8421
21.9575 52.8619
21.9578 52.7541
21.9582 52.7849
21.9587 52.8118
21.959 52.7103
21.9593 52.7465
21.9599 52.6532
21.9603 52.6965
21.9608 52.6095
22.0014 52.6583
22.0017 52.701
22.002 52.6134
22.0023 52.6617
22.0026 52.704
22.0029 52.741
22.0032 52.7734
22.0035 52.8017
22.0038 52.8265
22.0042 52.8482
22.0047 52.8672
22.005 52.7588
22.0054 52.7889
22.0059 52.8153
22.0062 52.8384
22.0065 52.8586
22.0068 52.8763
22.0071 52.8917
22.0074 52.9053
22.0077 52.9171
22.008 52.8025
22.0083 52.8272
22.0086 52.8488
22.0089 52.8677
22.0092 52.8842
22.0095 52.8987
22.0098 52.9113
22.0101 52.9224
22.0104 52.9321
22.0107 52.9406
22.0111 52.948
22.0116 52.9545
22.0119 52.9602
22.0122 52.9652
22.0128 52.9695
22.0132 52.9733
22.0137 52.9767
22.0544 52.9796
22.0547 52.9821
22.055 52.9844
22.0553 52.9863
22.0556 52.988
22.0559 52.9895
22.0562 52.9908
22.0565 52.992
22.0568 52.993
22.0572 52.9939
22.0577 52.9946
22.058 52.9953
22.0584 52.9959
22.0589 52.9964
22.0592 52.9968
22.0595 52.9972
22.0598 52.9976
22.0601 52.9979
22.0604 52.9982
22.0607 52.9984
22.061 52.9986
22.0613 52.9988
22.0616 52.9989
22.0619 52.999
22.0622 52.9992
22.0625 52.9993
22.0628 52.9994
22.0631 52.9994
22.0634 52.9995
22.0637 52.9996
22.0641 52.9996
22.0646 52.9997
22.0649 52.9997
22.0652 53.1247
22.0658 53.1092
22.0661 53.2205
22.0667 53.1929
22.1072 58.2938
22.1075 57.6321
22.1078 57.0531
22.1081 56.6714
22.1084 56.2125
22.1087 55.811
22.109 55.5846
22.1093 55.2615
22.1096 54.9788
22.1101 54.8565
22.1105 54.6244
22.1108 54.4214
22.1113 54.3687
22.1117 54.1976
22.112 54.1729
22.1124 54.0263
22.1127 53.898
22.113 53.7858
22.1133 53.6875
22.1136 53.6016
22.1139 53.5264
22.1142 53.5856
22.1145 53.5124
22.1148 53.4483
22.1151 53.5173
22.1154 53.4526
22.1157 53.3961
22.116 53.3465
22.1163 53.3032
22.1166 53.2653
22.117 53.3572
22.1175 53.3125
22.1178 53.2734
22.1181 53.3643
22.1187 53.3187
22.119 53.2789
22.1196 53.244
22.1604 58.3385
22.1607 57.6712
22.161 57.2123
22.1613 56.8108
22.1616 56.3344
22.1619 55.9176
22.1622 55.6779
22.1625 55.3432
22.1628 55.0503
22.1633 54.919
22.1639 54.6791
22.1642 54.5942
22.1646 54.5199
22.1651 54.455
22.1654 54.3981
22.1657 54.2233
22.166 54.0704
22.1663 54.0616
22.1666 54.0539
22.1669 53.9222
22.1672 53.9319
22.1675 53.9404
22.1678 53.8229
22.1681 53.845
22.1684 53.8644
22.1687 53.7563
22.169 53.6618
22.1693 53.7041
22.1696 53.7411
22.1699 53.6484
22.1703 53.6924
22.1708 53.6058
22.1711 53.6551
22.1714 53.6982
22.1718 53.6109
22.1723 53.6596
22.1727 53.7021
22.1732 53.7394
22.2142 53.7719
22.2145 53.8004
22.2148 53.7004
22.2151 53.7378
22.2154 53.7706
22.2157 53.7993
22.216 53.6994
22.2163 53.7369
22.2166 53.7698
22.2172 53.7986
22.2178 53.8238
22.2181 53.8458
22.2185 53.8651
22.219 53.7569
22.2193 53.7873
22.2196 53.8139
22.2199 53.8372
22.2202 53.8575
22.2205 53.8753
22.2208 53.8909
22.2211 53.9045
22.2214 53.9165
22.2217 53.9269
22.222 53.8111
22.2223 53.8347
22.2226 53.8553
22.2229 53.8734
22.2232 53.8892
22.2235 53.9031
22.2238 53.9152
22.2242 53.9258
22.2247 53.9351
22.225 53.9432
22.2253 53.9503
22.2258 53.9565
22.2262 53.9619
22.2267 53.9667
22.2271 53.9709
22.2681 53.9745
22.2684 53.9777
22.2687 53.9805
22.269 53.9829
22.2693 53.9851
22.2696 53.9869
22.2699 53.9886
22.2702 53.99
22.2705 53.9912
22.2711 53.9923
22.2717 53.9933
22.272 53.9941
22.2725 53.9949
22.2729 53.9955
22.2732 53.9961
22.2735 53.9966
22.2738 53.997
22.2741 53.9974
22.2744 53.9977
22.2747 53.998
22.275 53.9982
22.2753 53.9985
22.2756 53.9986
22.2759 53.9988
22.2762 53.999
22.2765 53.9991
22.2768 53.9992
22.2771 53.9993
22.2774 53.9994
22.2777 53.9995
22.2782 53.9995
22.2786 53.9996
22.2789 53.8746
22.2792 53.8903
22.2797 53.904
22.2801 53.916
22.2806 53.9265
22.281 53.9357
22.3226 59.0687
22.3229 58.4351
22.3232 58.0058
22.3235 57.63
22.3238 57.1763
22.3241 56.9042
22.3244 56.6662
22.3247 56.4579
22.325 56.2757
22.3255 56.1162
22.3261 55.9767
22.3265 55.8546
22.3268 55.6228
22.3274 55.5449
22.3277 55.4768
22.328 55.4172
22.3283 55.3651
22.3286 55.3194
22.3289 55.1545
22.3292 55.1352
22.3295 55.1183
22.3298 54.9785
22.3301 54.9812
22.3304 54.9835
22.3307 54.9856
22.331 54.9874
22.3313 54.989
22.3316 54.9904
22.3319 54.8666
22.3322 54.8832
22.3325 54.8978
22.3331 54.9106
22.3334 54.9218
22.3337 54.9316
22.334 54.9401
22.3346 54.9476
22.3349 54.8291
22.3355 54.8505
22.3775 59.9942
22.3778 59.3699
22.3781 58.9487
22.3784 58.4551
22.3787 58.0232
22.379 57.6453
22.3793 57.3146
22.3796 57.0253
22.3799 56.7721
22.3803 56.5506
22.3809 56.3568
22.3814 56.1872
22.3817 56.0388
22.3823 56.0339
22.3826 55.9047
22.3829 55.7916
22.3832 55.6927
22.3835 55.6061
22.3838 55.5303
22.3841 55.589
22.3844 55.5154
22.3847 55.451
22.385 55.3946
22.3853 55.3453
22.3856 55.3021
22.3859 55.2644
22.3862 55.2313
22.3865 55.2024
22.3868 55.1771
22.3871 55.28
22.3874 55.245
22.388 55.2143
22.3883 55.1875
22.3886 55.1641
22.3889 55.1436
22.3895 55.1256
22.3898 55.1099
22.3904 55.2212
22.4329 60.4435
22.4332 59.8881
22.4335 59.4021
22.4338 58.8518
22.4341 58.4953
22.4344 58.1834
22.4347 57.9105
22.435 57.5467
22.4353 57.3534
22.4357 57.1842
22.4362 57.0362
22.4368 56.9066
22.4371 56.7933
22.4375 56.6941
22.438 56.4824
22.4383 56.4221
22.4386 56.3693
22.4389 56.1982
22.4392 56.1734
22.4395 56.1517
22.4398 56.0077
22.4401 56.0068
22.4404 56.0059
22.4407 56.0052
22.441 55.8795
22.4413 55.8946
22.4416 55.9078
22.4419 55.7943
22.4422 55.82
22.4425 55.8425
22.4428 55.7372
22.4432 55.77
22.4437 55.7988
22.444 55.6989
22.4443 55.7366
22.4447 55.7695
22.4452 55.7983
22.4456 55.8235
22.4461 55.8456
22.4897 55.9899
22.49 55.9911
22.4903 56.1173
22.4906 56.2276
22.4909 56.1991
22.4912 56.2993
22.4915 56.3868
22.4918 56.4635
22.4921 56.5306
22.4925 56.5892
22.493 56.5156
22.4936 56.5761
22.4939 56.5041
22.4943 56.5661
22.4948 56.6203
22.4951 56.6678
22.4954 56.7093
22.4957 56.7457
22.496 56.6524
22.4963 56.6959
22.4966 56.7339
22.4969 56.6422
22.4972 56.6869
22.4975 56.726
22.4978 56.7603
22.4981 56.7902
22.4984 56.8165
22.4987 56.8394
22.499 56.7345
22.4993 56.7677
22.4996 56.7967
22.5 56.8221
22.5005 56.8444
22.5008 56.8638
22.5011 56.8808
22.5015 56.8957
22.502 56.7838
22.5024 56.8108
22.5029 56.7094
22.5479 56.8708
22.5482 57.1369
22.5485 57.2448
22.5488 57.3392
22.5491 57.5468
22.5494 57.6035
22.5497 57.653
22.55 57.8214
22.5503 57.9687
22.5506 57.9726
22.5512 58.101
22.5517 58.2134
22.5521 58.3117
22.5524 58.3978
22.553 58.473
22.5533 58.5389
22.5536 58.4716
22.5539 58.4126
22.5542 58.486
22.5545 58.5503
22.5548 58.4815
22.5551 58.5463
22.5554 58.603
22.5557 58.5276
22.556 58.5867
22.5563 58.6383
22.5566 58.5586
22.5569 58.4887
22.5572 58.5526
22.5575 58.6086
22.5578 58.5325
22.5581 58.5909
22.5587 58.5171
22.559 58.5774
22.5593 58.6303
22.5596 58.5515
22.5602 58.6075
22.5605 58.6566
22.5611 58.6995
22.6083 64.6121
22.6086 64.1606
22.6089 63.6405
22.6092 63.3104
22.6095 63.0216
22.6098 62.6439
22.6101 62.4384
22.6104 62.2586
22.6107 61.9763
22.611 61.8543
22.6116 61.7475
22.6121 61.654
22.6125 61.5723
22.6128 61.3758
22.6134 61.3288
22.6137 61.1627
22.614 61.1423
22.6143 61.1246
22.6146 61.109
22.6149 60.9704
22.6152 60.9741
22.6155 60.9773
22.6158 60.8551
22.6161 60.8732
22.6164 60.8891
22.6167 60.778
22.617 60.8057
22.6173 60.83
22.6176 60.8512
22.6179 60.7448
22.6182 60.7767
22.6185 60.8046
22.6191 60.8291
22.6194 60.8504
22.6197 60.7441
22.62 60.7761
22.6206 60.8041
22.6209 60.7036
22.6215 60.7406
22.6708 66.7731
22.6711 66.3014
22.6714 65.8887
22.6717 65.5277
22.672 65.0867
22.6723 64.8259
22.6726 64.5976
22.6729 64.2729
22.6732 64.1138
22.6735 63.9746
22.6741 63.8528
22.6744 63.7462
22.675 63.5279
22.6753 63.4619
22.6758 63.4042
22.6762 63.3536
22.6765 63.3094
22.6768 63.1458
22.6771 63.1275
22.6774 63.1116
22.6777 63.0976
22.678 63.0854
22.6783 63.0748
22.6786 63.0654
22.6789 62.9322
22.6792 62.9407
22.6795 62.9481
22.6798 62.8296
22.6801 62.8509
22.6804 62.8695
22.6807 62.8858
22.681 62.9001
22.6815 62.9126
22.6819 62.7985
22.6822 62.8237
22.6825 62.8457
22.683 62.74
22.6834 62.7725
22.6839 62.801
22.6843 62.8258
22.7336 62.8476
22.7339 62.7417
22.7342 62.7739
22.7345 62.8022
22.7348 62.8269
22.7351 62.8486
22.7354 62.8675
22.7357 62.8841
22.736 62.7735
22.7363 62.8019
22.7369 62.7016
22.7372 62.7389
22.7378 62.7716
22.7381 62.8001
22.7385 62.8251
22.739 62.722
22.7393 62.7567
22.7396 62.7871
22.7399 62.6887
22.7402 62.7276
22.7405 62.7617
22.7408 62.6665
22.7411 62.7082
22.7414 62.7446
22.7417 62.7766
22.742 62.6795
22.7423 62.7196
22.7426 62.7546
22.7429 62.6603
22.7432 62.7027
22.7435 62.7399
22.7438 62.6474
22.7442 62.6915
22.7447 62.7301
22.745 62.6388
22.7453 62.6839
22.7457 62.7235
22.7462 62.758
22.7466 62.7883
22.7471 62.8147
22.7967 62.8379
22.797 62.8582
22.7973 62.8759
22.7976 62.8914
22.7979 62.905
22.7982 62.9168
22.7985 62.9272
22.7988 62.9363
22.7991 63.0693
22.7994 63.0606
22.8 63.0531
22.8003 63.0464
22.8009 63.0406
22.8012 63.0355
22.8015 63.0311
22.8021 63.1522
22.8024 63.2582
22.8027 63.2259
22.803 63.1977
22.8033 63.298
22.8036 63.2607
22.8039 63.2281
22.8042 63.3246
22.8045 63.284
22.8048 63.2485
22.8051 63.3425
22.8054 63.4247
22.8057 63.3716
22.806 63.3251
22.8063 63.4095
22.8066 63.3583
22.8069 63.3135
22.8072 63.3993
22.8078 63.3494
22.8081 63.4307
22.8084 63.5019
22.8087 63.4392
22.8093 63.5093
22.8096 63.4456
22.8102 63.5149
22.8597 69.5755
22.86 68.8786
22.8603 68.2688
22.8606 67.6102
22.8609 67.0339
22.8612 66.6547
22.8615 66.1978
22.8618 65.7981
22.8621 65.5733
22.8624 65.2517
22.8631 65.0952
22.8634 64.9583
22.864 64.7135
22.8643 64.6243
22.8646 64.4213
22.8652 64.3686
22.8655 64.1975
22.8658 64.0479
22.8661 64.0419
22.8664 64.0366
22.8667 63.9071
22.867 63.7937
22.8673 63.8195
22.8676 63.717
22.8679 63.6274
22.8682 63.674
22.8685 63.5897
22.8688 63.516
22.8691 63.5765
22.8694 63.6294
22.8697 63.5508
22.87 63.4819
22.8703 63.5467
22.8709 63.4783
22.8712 63.5436
22.8715 63.4756
22.8718 63.4162
22.8724 63.4891
22.8727 63.428
22.8733 63.4995
22.9231 69.6871
22.9234 68.9762
22.9237 68.2292
22.924 67.7005
22.9243 67.2379
22.9246 66.8332
22.9249 66.3541
22.9252 66.0598
22.9255 65.8023
22.9258 65.452
22.9264 65.2705
22.9267 64.9867
22.9273 64.8634
22.9276 64.7554
22.9279 64.536
22.9285 64.469
22.9288 64.2854
22.9291 64.2497
22.9294 64.2185
22.9297 64.0662
22.93 64.0579
22.9303 64.0507
22.9306 64.0443
22.9309 63.9138
22.9312 63.9246
22.9315 63.934
22.9318 63.8172
22.9321 63.8401
22.9324 63.8601
22.9327 63.7526
22.933 63.7835
22.9333 63.8106
22.9336 63.8342
22.9342 63.855
22.9345 63.8731
22.9348 63.764
22.9351 63.7935
22.9356 63.8193
22.936 63.8419
22.9365 63.8616
22.9369 63.7539
22.9868 63.6597
22.9871 63.7022
22.9874 63.7394
22.9877 63.647
22.988 63.6911
22.9883 63.7297
22.9886 63.7635
22.9889 63.6681
22.9892 63.7096
22.9895 63.7459
22.9901 63.7776
22.9904 63.8054
22.991 63.8298
22.9913 63.851
22.9916 63.8697
22.9922 63.8859
22.9925 63.9002
22.9928 63.7877
22.9931 63.8142
22.9934 63.8374
22.9937 63.7328
22.994 63.7662
22.9943 63.7954
22.9946 63.821
22.9949 63.7183
22.9952 63.7536
22.9955 63.7844
22.9958 63.6863
22.9961 63.7255
22.9964 63.7598
22.9967 63.6649
22.997 63.7067
22.9973 63.7434
22.9979 63.6505
22.9982 63.6942
22.9985 63.7324
22.9988 63.6408
22.9993 63.6857
22.9997 63.6
23.0002 63.65
23.0006 63.6938
23.0508 63.732
23.0511 63.7655
23.0514 63.7948
23.0517 63.8205
23.052 63.8429
23.0523 63.8626
23.0526 63.8797
23.0529 63.8948
23.0532 63.9079
23.0535 63.9194
23.0541 63.9295
23.0544 63.9383
23.055 63.946
23.0553 63.9528
23.0556 63.9587
23.0562 63.9638
23.0565 63.9684
23.0568 63.9723
23.0571 63.9758
23.0574 63.9788
23.0577 63.9815
23.058 63.9838
23.0583 63.9858
23.0586 63.9876
23.0589 63.9891
23.0592 64.1155
23.0595 64.101
23.0598 64.0884
23.0601 64.2024
23.0604 64.1771
23.0607 64.1549
23.061 64.2606
23.0613 64.228
23.0618 64.1995
23.0622 64.2996
23.0625 64.2621
23.0628 64.2293
23.0631 64.3257
23.0637 64.285
23.064 64.3743
23.0646 64.3276
23.1148 70.5366
23.1151 69.8445
23.1154 69.114
23.1157 68.4747
23.116 67.9154
23.1163 67.426
23.1166 66.9977
23.1169 66.623
23.1172 66.4201
23.1175 66.1176
23.1181 65.9779
23.1184 65.7307
23.119 65.5143
23.1193 65.325
23.1196 65.1594
23.1202 65.1395
23.1205 64.997
23.1208 64.8724
23.1211 64.8884
23.1214 64.7773
23.1217 64.6802
23.122 64.5951
23.1223 64.5207
23.1226 64.4556
23.1229 64.3987
23.1232 64.4739
23.1235 64.4146
23.1238 64.3628
23.1241 64.4424
23.1244 64.3871
23.1247 64.3387
23.125 64.2964
23.1253 64.2594
23.1257 64.2269
23.1262 64.3236
23.1265 64.2831
23.1268 64.2477
23.1271 64.3418
23.1277 64.299
23.128 64.3867
23.1286 64.3383
23.1791 70.671
23.1794 69.9622
23.1797 69.2169
23.18 68.5648
23.1803 68.1192
23.1806 67.7293
23.1809 67.2631
23.1812 66.9802
23.1815 66.7327
23.1818 66.3911
23.1824 66.2172
23.1827 65.9401
23.1833 65.8226
23.1836 65.7197
23.1839 65.5048
23.1845 65.4417
23.1848 65.2615
23.1851 65.2288
23.1854 65.2002
23.1857 65.0502
23.186 64.9189
23.1863 64.929
23.1866 64.9379
23.1869 64.8207
23.1872 64.8431
23.1875 64.8627
23.1878 64.7549
23.1881 64.7855
23.1884 64.8123
23.1887 64.7108
23.189 64.6219
23.1893 64.6692
23.1896 64.7105
23.19 64.7467
23.1905 64.7784
23.1908 64.6811
23.1911 64.7209
23.1914 64.7558
23.1918 64.6613
23.1923 64.7037
23.1927 64.6157
23.1932 64.6638
23.2437 64.5808
23.244 64.5082
23.2443 64.5697
23.2446 64.6235
23.2449 64.5455
23.2452 64.6023
23.2455 64.652
23.2458 64.5705
23.2461 64.6242
23.2464 64.6712
23.247 64.5873
23.2473 64.6389
23.2479 64.559
23.2482 64.6141
23.2485 64.6624
23.2491 64.7046
23.2494 64.7415
23.2497 64.6488
23.25 64.5677
23.2503 64.6217
23.2506 64.669
23.2509 64.5854
23.2512 64.6372
23.2515 64.6826
23.2518 64.5972
23.2521 64.6476
23.2524 64.6916
23.2527 64.6052
23.253 64.5295
23.2533 64.5883
23.2536 64.6398
23.2539 64.5598
23.2542 64.6148
23.2546 64.538
23.2551 64.5957
23.2554 64.6463
23.2557 64.5655
23.256 64.4948
23.2564 64.558
23.2569 64.4882
23.2573 64.5522
23.2578 64.4832
23.3084 64.5478
23.3087 64.6043
23.309 64.5288
23.3093 64.5877
23.3096 64.6392
23.3099 64.5593
23.3102 64.6144
23.3105 64.6626
23.3108 64.5798
23.3111 64.6323
23.3117 64.6783
23.312 64.5935
23.3126 64.6443
23.3129 64.5638
23.3132 64.6183
23.3138 64.541
23.3141 64.5984
23.3144 64.6486
23.3147 64.6925
23.315 64.7309
23.3153 64.7646
23.3156 64.794
23.3159 64.6947
23.3162 64.7329
23.3165 64.7663
23.3168 64.6705
23.3171 64.7117
23.3174 64.7477
23.3177 64.7793
23.318 64.9319
23.3183 64.9404
23.3186 64.9478
23.3189 64.9543
23.3192 64.9601
23.3198 64.965
23.3201 64.9694
23.3204 64.9732
23.3207 64.9766
23.321 65.1045
23.3216 65.0914
23.3219 65.08
23.3225 65.07
23.3731 71.4363
23.3734 70.6317
23.3737 69.9278
23.374 69.4368
23.3743 68.8822
23.3746 68.3969
23.3749 67.9723
23.3752 67.6008
23.3755 67.2757
23.3758 66.9912
23.3764 66.7423
23.3767 66.5245
23.3773 66.459
23.3776 66.2766
23.3779 66.117
23.3785 65.9774
23.3788 65.8552
23.3791 65.7483
23.3794 65.6548
23.3797 65.5729
23.38 65.5013
23.3803 65.4386
23.3806 65.3838
23.3809 65.3358
23.3812 65.2939
23.3815 65.2571
23.3818 65.225
23.3821 65.1969
23.3824 65.1723
23.3827 65.1507
23.383 65.1319
23.3833 65.1154
23.3836 65.101
23.3839 65.0883
23.3845 65.0773
23.3848 65.0676
23.3851 65.0592
23.3854 65.0518
23.3857 65.0453
23.3863 65.0396
23.3866 65.0347
23.3872 65.1554
23.4382 71.5109
23.4385 70.6971
23.4388 69.9849
23.4391 69.4868
23.4394 68.926
23.4397 68.4352
23.44 68.0058
23.4403 67.7551
23.4406 67.4107
23.4409 67.1094
23.4415 66.9707
23.4418 66.7244
23.4424 66.6338
23.4427 66.4296
23.443 66.2509
23.4436 66.2195
23.4439 66.0671
23.4442 66.0587
23.4445 65.9264
23.4448 65.8106
23.4451 65.8342
23.4454 65.73
23.4457 65.6387
23.446 65.5589
23.4463 65.614
23.4466 65.5373
23.4469 65.4701
23.4472 65.5363
23.4475 65.4693
23.4478 65.4106
23.4481 65.4843
23.4484 65.4238
23.4487 65.3708
23.449 65.3244
23.4496 65.4089
23.4499 65.3578
23.4502 65.4381
23.4505 65.3833
23.4508 65.3354
23.4512 65.4185
23.4517 65.3662
23.4521 65.4454
23.4526 65.3897
23.5038 65.341
23.5041 65.4234
23.5044 65.4954
23.5047 65.4335
23.505 65.5043
23.5053 65.5663
23.5056 65.6205
23.5059 65.5429
23.5062 65.6001
23.5065 65.6501
23.5071 65.6938
23.5074 65.7321
23.508 65.7656
23.5083 65.7949
23.5086 65.8205
23.5092 65.8429
23.5095 65.8626
23.5098 65.7548
23.5101 65.7854
23.5104 65.8122
23.5107 65.7107
23.511 65.7469
23.5113 65.7785
23.5116 65.8062
23.5119 65.7054
23.5122 65.7422
23.5125 65.7745
23.5128 65.6777
23.5131 65.7179
23.5134 65.7532
23.5137 65.659
23.514 65.7017
23.5143 65.739
23.5146 65.7716
23.5152 65.8001
23.5155 65.8251
23.5158 65.722
23.5161 65.7567
23.5164 65.7871
23.5169 65.6887
23.5173 65.7277
23.5178 65.6367
23.5182 65.6821
23.5693 65.7218
23.5696 65.6316
23.5699 65.5527
23.5702 65.6086
23.5705 65.5325
23.5708 65.4659
23.5711 65.5327
23.5714 65.5911
23.5717 65.5172
23.572 65.4526
23.5726 65.396
23.5729 65.3465
23.5735 65.3032
23.5738 65.2653
23.5741 65.3571
23.5747 65.3125
23.575 65.2734
23.5753 65.3642
23.5756 65.3187
23.5759 65.2789
23.5762 65.369
23.5765 65.3229
23.5768 65.2825
23.5771 65.3722
23.5774 65.4507
23.5777 65.3943
23.578 65.4701
23.5783 65.5363
23.5786 65.4693
23.5789 65.4106
23.5792 65.4843
23.5795 65.4237
23.5798 65.3708
23.5801 65.4494
23.5807 65.3932
23.581 65.4691
23.5813 65.5355
23.5816 65.4685
23.5819 65.41
23.5824 65.4837
23.5828 65.5482
23.5831 65.6047
23.5837 65.6541
23.6349 71.9474
23.6354 71.2039
23.6357 70.5534
23.636 69.9843
23.6363 69.4862
23.6366 69.0505
23.6369 68.6691
23.6372 68.3355
23.6375 68.0436
23.6378 67.7881
23.6382 67.6896
23.6387 67.4784
23.6391 67.4186
23.6396 67.2413
23.6399 67.0861
23.6403 66.9504
23.6408 66.8316
23.6411 66.8526
23.6414 66.746
23.6417 66.6528
23.642 66.5712
23.6423 66.4998
23.6426 66.4373
23.6429 66.3826
23.6432 66.3348
23.6435 66.293
23.6438 66.2563
23.6441 66.2243
23.6444 66.1963
23.6447 66.1717
23.645 66.1503
23.6453 66.1315
23.6456 66.115
23.6459 66.1007
23.6463 66.0881
23.6468 66.0771
23.6471 66.0674
23.6474 66.059
23.6477 66.0516
23.648 66.0452
23.6486 66.0395
23.6489 66.0346
23.6493 66.0303
23.7007 72.4015
23.7012 71.7263
23.7015 71.0105
23.7018 70.3842
23.7021 69.9612
23.7024 69.466
23.7027 69.0328
23.703 68.6537
23.7033 68.322
23.7036 68.0317
23.704 67.9028
23.7045 67.6649
23.7049 67.4568
23.7054 67.2747
23.7057 67.1154
23.7061 67.1009
23.7066 66.9633
23.7069 66.8429
23.7072 66.7375
23.7075 66.6453
23.7078 66.5647
23.7081 66.6191
23.7084 66.5417
23.7087 66.474
23.709 66.4147
23.7093 66.3629
23.7096 66.3175
23.7099 66.2778
23.7102 66.2431
23.7105 66.2127
23.7108 66.1861
23.7111 66.2879
23.7114 66.2519
23.7117 66.2204
23.7121 66.3178
23.7126 66.2781
23.7129 66.2433
23.7132 66.2129
23.7135 66.1863
23.7138 66.163
23.7144 66.2676
23.7147 66.2342
23.7151 66.3299
23.7668 72.6637
23.7673 71.9557
23.7676 71.2113
23.7679 70.5598
23.7682 70.1149
23.7685 69.6005
23.7688 69.1504
23.7691 68.8816
23.7694 68.6464
23.7697 68.3156
23.77 68.0262
23.7706 67.7729
23.7709 67.5513
23.7715 67.4824
23.7718 67.2971
23.7721 67.2599
23.7727 67.1025
23.773 66.9646
23.7733 66.9691
23.7736 66.8479
23.7739 66.7419
23.7742 66.7742
23.7745 66.6774
23.7748 66.5927
23.7751 66.6436
23.7754 66.6882
23.7757 66.6022
23.776 66.5269
23.7763 66.586
23.7766 66.5128
23.7769 66.4487
23.7772 66.5176
23.7775 66.4529
23.7778 66.3963
23.7781 66.4717
23.7787 66.4128
23.779 66.3612
23.7793 66.441
23.7796 66.3859
23.7799 66.3377
23.7803 66.4205
23.7808 66.3679
23.7811 66.4469
23.7817 66.391
23.8332 66.4672
23.8336 66.4088
23.8339 66.3577
23.8342 66.438
23.8345 66.3832
23.8348 66.3353
23.8351 66.4184
23.8354 66.3661
23.8357 66.3203
23.836 66.4053
23.8363 66.4796
23.8369 66.4197
23.8372 66.4922
23.8378 66.4307
23.8381 66.5019
23.8384 66.4391
23.839 66.5092
23.8393 66.5706
23.8397 66.4993
23.84 66.4368
23.8403 66.5072
23.8406 66.4438
23.8409 66.3884
23.8412 66.4648
23.8415 66.4067
23.8418 66.3559
23.8421 66.4364
23.8424 66.5068
23.8427 66.4435
23.843 66.388
23.8433 66.4645
23.8436 66.4065
23.8439 66.3557
23.8442 66.4362
23.8445 66.3817
23.8451 66.459
23.8454 66.5266
23.8457 66.4608
23.846 66.4032
23.8463 66.4778
23.8467 66.4181
23.8472 66.4908
23.8475 66.4294
23.8481 66.5008
23.8997 66.4382
23.9002 66.5084
23.9005 66.5698
23.9008 66.4986
23.9011 66.5613
23.9014 66.6161
23.9017 66.6641
23.902 66.5811
23.9023 66.6335
23.9026 66.6793
23.9029 66.5944
23.9033 66.6451
23.9038 66.6894
23.9042 66.7283
23.9047 66.7622
23.905 66.6669
23.9054 66.7086
23.9059 66.62
23.9062 66.6675
23.9065 66.7091
23.9068 66.7454
23.9071 66.7773
23.9074 66.8051
23.9077 66.8295
23.908 66.7258
23.9083 66.7601
23.9086 66.79
23.9089 66.6913
23.9092 66.7299
23.9095 66.7636
23.9098 66.7932
23.9101 66.819
23.9104 66.8417
23.9107 66.8615
23.911 66.7538
23.9114 66.7845
23.9119 66.6865
23.9122 66.7257
23.9125 66.76
23.9128 66.79
23.9131 66.8162
23.9137 66.8392
23.914 66.7343
23.9144 66.7675
23.9664 73.1716
23.967 72.5251
23.9673 71.8345
23.9676 71.2302
23.9679 70.7014
23.9682 70.2387
23.9685 69.8339
23.9688 69.4796
23.9691 69.2947
23.9694 69.0079
23.9697 68.7569
23.97 68.6623
23.9706 68.4545
23.9709 68.2727
23.9715 68.1136
23.9718 67.9744
23.9721 67.9776
23.9727 67.8554
23.973 67.8735
23.9733 67.7643
23.9736 67.6687
23.9739 67.5852
23.9742 67.512
23.9745 67.448
23.9748 67.392
23.9751 67.468
23.9754 67.4095
23.9757 67.3583
23.976 67.4385
23.9763 67.3837
23.9766 67.3357
23.9769 67.2938
23.9772 67.2571
23.9775 67.2249
23.9778 67.1968
23.9781 67.2972
23.9787 67.2601
23.979 67.3525
23.9793 67.3085
23.9796 67.2699
23.9799 67.2362
23.9804 67.2067
23.9808 67.1808
23.9811 67.2832
24.0333 73.7478
24.0339 72.9043
24.0342 72.1663
24.0345 71.5205
24.0348 70.9554
24.0351 70.586
24.0354 70.1378
24.0357 69.7455
24.036 69.4023
24.0363 69.1021
24.0366 68.8393
24.0369 68.6094
24.0375 68.4082
24.0378 68.2322
24.0382 68.2032
24.0387 68.0528
24.039 67.9212
24.0394 67.806
24.0399 67.7053
24.0402 67.6171
24.0405 67.54
24.0408 67.4725
24.0411 67.5384
24.0414 67.4711
24.0417 67.4122
24.042 67.3607
24.0423 67.3156
24.0426 67.2762
24.0429 67.2416
24.0432 67.2114
24.0435 67.185
24.0438 67.1619
24.0441 67.2666
24.0444 67.2333
24.0447 67.2041
24.045 67.1786
24.0454 67.1563
24.0459 67.1368
24.0462 67.1197
24.0465 67.1047
24.0468 67.0916
24.0471 67.2052
24.0477 67.1795
24.048 67.1571
24.0484 67.1374
24.1005 67.1203
24.101 67.1052
24.1013 67.0921
24.1016 67.0806
24.1019 67.0705
24.1022 67.0617
24.1025 67.054
24.1028 67.0472
24.1031 67.1663
24.1034 67.1455
24.1037 67.1273
24.1042 67.2364
24.1046 67.2069
24.1049 67.181
24.1055 67.1584
24.1058 67.1386
24.1061 67.2463
24.1067 67.2155
24.107 67.3135
24.1073 67.2743
24.1076 67.2401
24.1079 67.21
24.1082 67.1838
24.1085 67.1608
24.1088 67.1407
24.1091 67.2481
24.1094 67.2171
24.1097 67.19
24.11 67.2912
24.1103 67.2548
24.1106 67.223
24.1109 67.1951
24.1112 67.1707
24.1115 67.1494
24.1118 67.1307
24.1121 67.2394
24.1127 67.2094
24.113 67.3083
24.1133 67.2697
24.1136 67.236
24.1139 67.2065
24.1144 67.1807
24.1148 67.1581
24.1151 67.2633
24.1157 67.2304
24.168 67.2016
24.1684 67.3014
24.1687 67.2637
24.169 67.3558
24.1693 67.4363
24.1696 67.3818
24.1699 67.334
24.1702 67.4173
24.1705 67.3651
24.1708 67.3195
24.1711 67.4045
24.1716 67.354
24.172 67.4347
24.1723 67.5054
24.1728 67.5672
24.1732 67.6213
24.1735 67.6686
24.174 67.5851
24.1744 67.6369
24.1747 67.5573
24.175 67.6127
24.1753 67.6611
24.1756 67.7034
24.1759 67.6155
24.1762 67.6636
24.1765 67.7056
24.1768 67.6174
24.1771 67.6652
24.1775 67.7071
24.1778 67.6187
24.1781 67.6664
24.1784 67.7081
24.1787 67.7446
24.179 67.6515
24.1793 67.6951
24.1796 67.7332
24.18 67.7665
24.1805 67.7957
24.1808 67.6962
24.1811 67.7342
24.1814 67.7674
24.1817 67.7965
24.1823 67.8219
24.1826 67.8442
24.183 67.8637
24.2354 74.3807
24.236 73.7081
24.2363 72.9946
24.2366 72.3703
24.2369 71.699
24.2372 71.2366
24.2375 70.832
24.2378 70.478
24.2381 70.1683
24.2384 69.8972
24.2387 69.6601
24.239 69.4526
24.2396 69.271
24.2399 68.9871
24.2402 68.8637
24.2408 68.7558
24.2411 68.6613
24.2414 68.5786
24.242 68.6313
24.2423 68.5524
24.2426 68.4833
24.2429 68.2979
24.2432 68.2607
24.2435 68.2281
24.2438 68.1996
24.2441 68.1746
24.2444 68.1528
24.2447 68.1337
24.245 68.117
24.2453 68.1024
24.2456 68.0896
24.2459 67.9534
24.2462 67.9592
24.2465 67.9643
24.2468 67.9688
24.2471 67.9727
24.2474 67.9761
24.248 67.9791
24.2483 67.9817
24.2486 67.984
24.2489 67.861
24.2492 67.8784
24.2497 67.8936
24.2501 67.9069
24.2504 67.9185
24.3032 74.4287
24.3038 73.6251
24.3042 72.922
24.3045 72.3067
24.3048 71.7684
24.3051 71.4223
24.3054 70.9945
24.3057 70.6202
24.306 70.4177
24.3063 70.1155
24.3066 69.851
24.3069 69.6197
24.3074 69.4172
24.3078 69.2401
24.3081 69.21
24.3086 69.0588
24.309 69.0514
24.3093 68.92
24.3096 68.805
24.3102 68.7044
24.3105 68.6163
24.3108 68.5393
24.3111 68.5969
24.3114 68.5223
24.3117 68.457
24.312 68.5249
24.3123 68.4593
24.3126 68.4018
24.3129 68.3516
24.3132 68.3077
24.3135 68.2692
24.3138 68.2356
24.3141 68.3311
24.3144 68.2897
24.3147 68.2535
24.315 68.3468
24.3153 68.3035
24.3156 68.2655
24.3162 68.2323
24.3165 68.2033
24.3168 68.1779
24.3171 68.2806
24.3174 68.2456
24.3179 68.2149
24.3183 68.188
24.3186 68.1645
24.3712 68.1439
24.3718 68.126
24.3721 68.1102
24.3724 68.0964
24.3727 68.0844
24.373 68.0738
24.3733 68.0646
24.3736 68.0565
24.3739 67.9245
24.3742 67.9339
24.3745 67.9422
24.3748 67.9494
24.3754 67.9557
24.3757 67.9613
24.376 67.9661
24.3766 67.9703
24.3769 67.849
24.3772 67.8679
24.3777 67.8844
24.3781 67.8989
24.3784 67.9115
24.3787 67.9226
24.379 67.9322
24.3793 67.9407
24.3796 67.9481
24.3799 67.8296
24.3802 67.8509
24.3805 67.8695
24.3808 67.8859
24.3811 67.9001
24.3814 67.9126
24.3817 67.9235
24.382 67.9331
24.3823 67.9415
24.3826 67.9488
24.3829 67.8302
24.3832 67.8514
24.3837 67.87
24.3841 67.8862
24.3844 67.9004
24.3847 67.9129
24.385 67.9238
24.3853 67.9333
24.3859 67.9416
24.3862 67.9489
24.3867 67.9553
24.4395 67.9609
24.44 67.9658
24.4403 67.9701
24.4406 67.9738
24.4409 67.9771
24.4412 67.9799
24.4415 67.9825
24.4418 67.9846
24.4421 68.1116
24.4424 68.0976
24.4427 68.0854
24.4432 68.1997
24.4436 68.1748
24.4439 68.1529
24.4444 68.1338
24.4448 68.1171
24.4451 68.2274
24.4454 68.199
24.446 68.2991
24.4463 68.2617
24.4466 68.229
24.4469 68.2004
24.4472 68.1753
24.4475 68.1534
24.4478 68.1342
24.4481 68.2425
24.4484 68.3372
24.4487 68.295
24.449 68.3831
24.4493 68.4602
24.4496 68.4027
24.4499 68.3524
24.4502 68.4333
24.4505 68.3792
24.4508 68.3318
24.4511 68.4153
24.4514 68.4884
24.452 68.5523
24.4523 68.6083
24.4526 68.5323
24.4529 68.4657
24.4532 68.5325
24.4535 68.4659
24.4541 68.5327
24.4544 68.5911
24.4549 68.5172
24.5079 75.0776
24.5085 74.3179
24.5088 73.6531
24.5091 73.0715
24.5094 72.5626
24.5097 72.1172
24.51 71.6026
24.5103 71.2773
24.5106 70.9926
24.5109 70.6185
24.5112 70.4162
24.5115 70.2392
24.5121 70.0843
24.5124 69.9487
24.5127 69.8302
24.5133 69.7264
24.5136 69.6356
24.5139 69.4311
24.5143 69.3772
24.5148 69.2051
24.5151 69.1795
24.5154 69.157
24.5157 69.1374
24.516 69.1202
24.5163 69.1052
24.5166 69.092
24.5169 68.9555
24.5172 68.9611
24.5175 68.966
24.5178 68.8452
24.5181 68.8646
24.5184 68.8815
24.5187 68.8963
24.519 68.9093
24.5193 68.9206
24.5196 68.9305
24.5199 68.8142
24.5204 68.8374
24.5208 68.7328
24.5211 68.7662
24.5214 68.7954
24.5217 68.821
24.522 68.8433
24.5225 68.8629
24.5229 68.7551
24.5232 68.7857
24.5764 75.4375
24.5771 74.7578
24.5776 74.0381
24.5779 73.4083
24.5782 72.8573
24.5785 72.3751
24.5788 71.9532
24.5791 71.7091
24.5794 71.3704
24.5797 71.0741
24.58 70.8149
24.5803 70.588
24.5807 70.3895
24.5812 70.2158
24.5815 70.0638
24.5819 69.9309
24.5824 69.8145
24.5827 69.7127
24.583 69.6236
24.5836 69.5456
24.5839 69.4774
24.5842 69.4178
24.5845 69.3655
24.5848 69.3198
24.5851 69.2799
24.5854 69.2449
24.5857 69.2143
24.586 69.1875
24.5863 69.1641
24.5866 69.1435
24.5869 69.1256
24.5872 69.1099
24.5875 69.0962
24.5878 69.0841
24.5881 69.0736
24.5884 69.0644
24.5887 69.0564
24.589 69.0493
24.5894 69.0432
24.5899 69.0378
24.5902 69.033
24.5905 69.0289
24.5908 69.0253
24.5911 69.0221
24.5916 69.0194
24.592 69.1419
24.5923 69.1242
24.6453 69.1087
24.6461 69.0951
24.6464 69.0832
24.6467 69.0728
24.647 68.9387
24.6473 68.9464
24.6476 68.9531
24.6479 68.8339
24.6482 68.8547
24.6485 68.8729
24.6488 68.8887
24.6491 68.9027
24.6497 68.9148
24.65 68.8005
24.6503 68.8254
24.6509 68.8472
24.6512 68.8663
24.6515 68.883
24.6519 68.8977
24.6524 68.9104
24.6527 68.9216
24.653 68.8064
24.6533 68.8306
24.6536 68.8518
24.6539 68.7453
24.6542 68.7772
24.6545 68.805
24.6548 68.8294
24.6551 68.8507
24.6554 68.8694
24.6557 68.8857
24.656 68.775
24.6563 68.8031
24.6566 68.8277
24.6569 68.7243
24.6572 68.7587
24.6575 68.7889
24.6578 68.8153
24.6584 68.8384
24.6587 68.8586
24.659 68.7512
24.6593 68.7823
24.6596 68.8095
24.6599 68.7084
24.6605 68.7448
24.6608 68.6517
24.6612 68.6952
24.7144 68.7333
24.715 68.7667
24.7153 68.7958
24.7156 68.8214
24.7159 68.8437
24.7162 68.8632
24.7165 68.8803
24.7168 68.8953
24.7171 68.9084
24.7174 68.9198
24.7177 68.9298
24.7182 68.9386
24.7186 68.9463
24.7189 68.953
24.7194 68.9589
24.7198 68.964
24.7201 68.9685
24.7204 68.9724
24.721 69.1009
24.7213 69.0883
24.7216 69.0772
24.7219 69.0676
24.7222 69.0591
24.7225 69.0517
24.7228 69.0453
24.7231 69.0396
24.7234 69.0347
24.7237 69.0303
24.724 69.0265
24.7243 69.0232
24.7246 69.0203
24.7249 69.0178
24.7252 69.1406
24.7255 69.123
24.7258 69.1076
24.7261 69.2192
24.7264 69.1918
24.7269 69.1678
24.7273 69.2718
24.7276 69.2378
24.7279 69.2081
24.7282 69.3071
24.7285 69.2687
24.7288 69.2351
24.7294 69.3307
24.7297 69.2894
24.7302 69.3782
24.7837 75.9559
24.7843 75.2114
24.7846 74.435
24.7849 73.7556
24.7852 73.2862
24.7855 72.8754
24.7858 72.391
24.7861 72.0921
24.7864 71.8306
24.7867 71.4768
24.787 71.1672
24.7874 71.0213
24.7879 70.7686
24.7882 70.6725
24.7886 70.5885
24.7891 70.5149
24.7894 70.4505
24.7897 70.2692
24.7903 70.2356
24.7906 70.0811
24.7909 69.946
24.7912 69.9527
24.7915 69.9586
24.7918 69.8388
24.7921 69.859
24.7924 69.8766
24.7927 69.767
24.793 69.6711
24.7933 69.7122
24.7936 69.6232
24.7939 69.5453
24.7942 69.6021
24.7945 69.6519
24.7948 69.5704
24.7951 69.6241
24.7954 69.6711
24.7957 69.5872
24.7961 69.6388
24.7966 69.6839
24.7969 69.5985
24.7972 69.6486
24.7975 69.6926
24.7978 69.606
24.7981 69.6552
24.7987 69.6983
24.799 69.611
24.7994 69.6597
24.8529 76.2022
24.8535 75.4269
24.854 74.6236
24.8543 74.0456
24.8546 73.5399
24.8549 72.9724
24.8552 72.6009
24.8555 72.2758
24.8558 71.8663
24.8561 71.633
24.8564 71.4289
24.8567 71.2503
24.8573 71.094
24.8576 70.9572
24.8579 70.7126
24.8585 70.6235
24.8588 70.4206
24.8591 70.368
24.8595 70.322
24.86 70.1567
24.8603 70.1372
24.8606 70.12
24.8609 69.98
24.8612 69.9825
24.8615 69.9847
24.8618 69.8616
24.8621 69.8789
24.8624 69.894
24.8627 69.9073
24.863 69.7939
24.8633 69.8196
24.8636 69.8422
24.8639 69.7369
24.8642 69.7698
24.8645 69.7986
24.8648 69.6988
24.8651 69.7364
24.8654 69.7694
24.8658 69.6732
24.8663 69.714
24.8666 69.7498
24.8669 69.6561
24.8672 69.699
24.8675 69.7367
24.8678 69.6446
24.8684 69.689
24.8687 69.7279
24.8691 69.7619
24.9227 69.7917
24.9235 69.8177
24.9239 69.8405
24.9242 69.8604
24.9245 69.8779
24.9248 69.8931
24.9251 69.9065
24.9254 69.9182
24.9257 69.9284
24.926 69.9374
24.9263 69.9452
24.9266 69.952
24.9272 69.958
24.9275 69.9633
24.9278 69.9679
24.9285 69.9719
24.9288 69.9754
24.9291 69.9785
24.9295 69.9812
24.93 69.9835
24.9303 69.9856
24.9306 69.9874
24.9309 69.989
24.9312 69.9903
24.9315 69.9915
24.9318 69.9926
24.9321 69.9935
24.9324 69.9943
24.9327 69.995
24.933 69.9957
24.9333 69.9962
24.9336 69.9967
24.9339 69.9971
24.9342 69.9975
24.9345 69.9978
24.9348 69.9981
24.9351 69.9983
24.9354 69.9985
24.9358 69.9987
24.9363 69.9989
24.9366 69.999
24.9369 69.9991
24.9372 69.9992
24.9375 69.9993
24.9378 69.9994
24.9384 69.9995
24.9387 69.9995
24.9391 69.9996
24.9926 69.9997
24.9933 69.9997
24.9936 69.9997
24.9939 69.8748
24.9942 69.8904
24.9945 69.9041
24.9948 69.7911
24.9951 69.8172
24.9954 69.8401
24.9957 69.7351
24.996 69.7682
24.9965 69.7972
24.9969 69.6975
24.9972 69.7353
24.9977 69.7684
24.9981 69.7974
24.9984 69.8227
24.9987 69.7198
24.9993 69.7549
24.9996 69.7855
24.9999 69.6873
25.0002 69.7264
25.0005 69.7606
25.0008 69.6655
25.0011 69.7073
25.0014 69.7439
25.0017 69.6509
25.002 69.6946
25.0023 69.7327
25.0026 69.7661
25.0029 69.6704
25.0032 69.7116
25.0036 69.7476
25.0039 69.6542
25.0042 69.6974
25.0045 69.7352
25.0048 69.6433
25.0051 69.6879
25.0057 69.7269
25.006 69.7611
25.0063 69.7909
25.0066 69.8171
25.0069 69.8399
25.0072 69.8599
25.0075 69.8774
25.0081 70.0178
25.0084 70.0155
25.0088 70.0136
25.0624 76.6369
25.0632 75.9323
25.0635 75.1907
25.0638 74.5419
25.0641 74.0992
25.0644 73.5868
25.0647 73.1384
25.065 72.7461
25.0653 72.4029
25.0656 72.1025
25.0659 71.8397
25.0663 71.6097
25.0668 71.4085
25.0671 71.3574
25.0675 71.1878
25.068 71.0393
25.0683 70.9094
25.0686 70.7957
25.0692 70.8212
25.0695 70.7186
25.0698 70.6288
25.0701 70.6752
25.0704 70.5908
25.0707 70.5169
25.071 70.4523
25.0713 70.3958
25.0716 70.3463
25.0719 70.303
25.0722 70.2651
25.0725 70.232
25.0728 70.203
25.0731 70.3026
25.0734 70.2648
25.0737 70.2317
25.074 70.2027
25.0743 70.1774
25.0746 70.1552
25.0749 70.1358
25.0755 70.1188
25.0758 70.104
25.0761 70.216
25.0764 70.189
25.0767 70.1654
25.077 70.1447
25.0773 70.1266
25.0779 70.1108
25.0782 70.0969
25.0787 70.0848
25.1326 76.8242
25.1333 76.0962
25.1336 75.3342
25.1339 74.6674
25.1342 74.209
25.1345 73.6828
25.1348 73.2225
25.1351 72.9447
25.1354 72.7016
25.1357 72.3639
25.136 72.1934
25.1365 72.0442
25.1369 71.7887
25.1372 71.6901
25.1377 71.4788
25.1381 71.419
25.1384 71.3666
25.1387 71.1958
25.1393 71.1713
25.1396 71.0249
25.1399 70.8968
25.1402 70.9097
25.1405 70.796
25.1408 70.6965
25.1411 70.7344
25.1414 70.7676
25.1417 70.6717
25.142 70.7127
25.1423 70.7486
25.1426 70.655
25.1429 70.5732
25.1432 70.6265
25.1435 70.5482
25.1438 70.4797
25.1441 70.5447
25.1444 70.6016
25.1447 70.5264
25.145 70.5856
25.1456 70.6374
25.1459 70.5577
25.1462 70.613
25.1465 70.5364
25.1468 70.4693
25.1471 70.5357
25.1474 70.5937
25.148 70.6445
25.1483 70.6889
25.1488 70.6028
25.1492 70.6525
25.2033 70.6959
25.2041 70.7339
25.2044 70.7672
25.2047 70.7963
25.205 70.6967
25.2053 70.7347
25.2056 70.7678
25.2059 70.6718
25.2062 70.7129
25.2065 70.7488
25.2068 70.6552
25.2072 70.6983
25.2077 70.736
25.208 70.644
25.2084 70.6885
25.2089 70.6024
25.2092 70.6521
25.2095 70.6956
25.2101 70.7337
25.2104 70.7669
25.2107 70.7961
25.211 70.6966
25.2113 70.7345
25.2116 70.7677
25.2119 70.6717
25.2122 70.7128
25.2125 70.7487
25.2128 70.6551
25.2131 70.6982
25.2134 70.7359
25.2137 70.7689
25.214 70.6728
25.2143 70.7137
25.2146 70.7495
25.2149 70.6558
25.2152 70.6988
25.2155 70.7365
25.2158 70.6444
25.2164 70.6889
25.2167 70.7278
25.217 70.6368
25.2173 70.6822
25.2176 70.7219
25.2179 70.6317
25.2182 70.6777
25.2188 70.593
25.2191 70.6439
25.2195 70.6884
25.22 70.6023
25.2741 70.652
25.2748 70.5705
25.2751 70.6242
25.2754 70.6712
25.2757 70.7123
25.276 70.7483
25.2763 70.7797
25.2766 70.8073
25.2769 70.7064
25.2772 70.7431
25.2775 70.7752
25.278 70.6783
25.2784 70.7185
25.2787 70.7537
25.2792 70.7845
25.2796 70.8114
25.2799 70.71
25.2802 70.7462
25.2808 70.653
25.2811 70.6963
25.2814 70.7343
25.2817 70.7675
25.282 70.7966
25.2823 70.822
25.2826 70.8442
25.2829 70.7387
25.2832 70.7714
25.2835 70.8
25.2838 70.7
25.2841 70.7375
25.2844 70.7703
25.2847 70.799
25.285 70.8241
25.2853 70.8461
25.2856 70.8653
25.2859 70.7572
25.2862 70.7875
25.2865 70.8141
25.2871 70.8373
25.2874 70.8577
25.2877 70.8755
25.288 70.891
25.2883 70.9046
25.2886 70.9166
25.2889 70.802
25.2895 70.8267
25.2898 70.7234
25.2903 70.758
25.2907 70.7882
25.345 70.6897
25.3456 70.7285
25.3459 70.6374
25.3462 70.6827
25.3465 70.7224
25.3468 70.7571
25.3471 70.7875
25.3474 70.814
25.3477 70.8373
25.348 70.8576
25.3483 70.8754
25.3489 70.891
25.3492 71.0296
25.3495 71.0259
25.3499 71.0227
25.3504 71.0198
25.3507 71.0174
25.351 71.0152
25.3516 71.0133
25.3519 71.0116
25.3522 71.0102
25.3525 71.0089
25.3528 71.0078
25.3531 71.0068
25.3534 71.006
25.3537 71.0052
25.354 71.0046
25.3543 71.004
25.3546 71.0035
25.3549 71.0031
25.3552 71.0027
25.3555 71.0023
25.3558 71.002
25.3561 71.0018
25.3564 71.0016
25.3567 71.0014
25.357 71.0012
25.3573 71.001
25.3579 71.0009
25.3582 71.0008
25.3585 71.0007
25.3588 71.0006
25.3591 71.0005
25.3594 71.0005
25.3597 71.0004
25.3603 71.1254
25.3606 71.1097
25.361 71.221
25.3615 71.1934
25.4158 77.9192
25.4165 77.1793
25.4168 76.4069
25.4171 75.856
25.4174 75.249
25.4177 74.7179
25.418 74.2532
25.4183 73.8465
25.4186 73.4907
25.4189 73.1794
25.4192 73.0319
25.4198 72.7779
25.4201 72.6807
25.4204 72.4706
25.4208 72.2868
25.4213 72.2509
25.4216 72.0946
25.4219 71.9577
25.4225 71.963
25.4228 71.8426
25.4231 71.8623
25.4234 71.7545
25.4237 71.6602
25.424 71.5777
25.4243 71.5055
25.4246 71.4423
25.4249 71.387
25.4252 71.4636
25.4255 71.4057
25.4258 71.355
25.4261 71.4356
25.4264 71.3811
25.4267 71.3335
25.427 71.2918
25.4273 71.2553
25.4276 71.2234
25.4279 71.1955
25.4282 71.2961
25.4288 71.259
25.4291 71.3517
25.4294 71.3077
25.4297 71.2692
25.43 71.2356
25.4303 71.2061
25.4306 71.1804
25.4312 71.2828
25.4315 71.2475
25.4319 71.2165
25.4324 71.1895
25.487 78.0408
25.4876 77.2857
25.4879 76.5
25.4882 75.9375
25.4885 75.3203
25.4888 74.7803
25.4891 74.4327
25.4894 74.1286
25.4897 73.7376
25.49 73.5204
25.4903 73.3303
25.4909 73.039
25.4912 72.9091
25.4916 72.6705
25.4919 72.4617
25.4925 72.404
25.4928 72.2285
25.4931 72.1999
25.4935 72.1749
25.494 72.0281
25.4943 72.0246
25.4946 71.8965
25.4949 71.7844
25.4952 71.8114
25.4955 71.8349
25.4958 71.7306
25.4961 71.7643
25.4964 71.7937
25.4967 71.6945
25.497 71.6077
25.4973 71.6567
25.4976 71.5746
25.4979 71.5028
25.4982 71.565
25.4985 71.6193
25.4988 71.5419
25.4991 71.5992
25.4994 71.6493
25.4998 71.5681
25.5003 71.6221
25.5006 71.5443
25.5009 71.4763
25.5012 71.5418
25.5015 71.599
25.5018 71.5242
25.5022 71.5836
25.5027 71.5107
25.503 71.4468
25.5036 71.516
25.504 71.5765
25.5585 71.5044
25.5591 71.5664
25.5594 71.6206
25.5597 71.543
25.56 71.6001
25.5603 71.6501
25.5606 71.5688
25.5609 71.4977
25.5612 71.5605
25.5615 71.4905
25.5618 71.4291
25.5624 71.5005
25.5627 71.4379
25.563 71.5082
25.5633 71.5697
25.5639 71.4985
25.5642 71.5612
25.5645 71.491
25.565 71.4296
25.5654 71.5009
25.5657 71.4383
25.566 71.5085
25.5663 71.57
25.5666 71.4987
25.567 71.4364
25.5673 71.5068
25.5676 71.4435
25.5679 71.388
25.5682 71.4645
25.5685 71.5315
25.5688 71.465
25.5691 71.5319
25.5694 71.5904
25.5697 71.5166
25.57 71.452
25.5703 71.5205
25.5706 71.4555
25.5709 71.3985
25.5713 71.4737
25.5718 71.4145
25.5721 71.4877
25.5724 71.5517
25.5727 71.4828
25.573 71.4224
25.5733 71.4946
25.5737 71.4328
25.5742 71.5037
25.5745 71.5657
25.5751 71.62
25.5755 71.5425
25.6303 71.5997
25.6309 71.5247
25.6312 71.5841
25.6315 71.6361
25.6318 71.5566
25.6321 71.612
25.6324 71.6605
25.6327 71.703
25.633 71.7401
25.6333 71.7726
25.6336 71.801
25.6342 71.8259
25.6345 71.8476
25.6348 71.7417
25.6351 71.774
25.6356 71.8022
25.636 71.9519
25.6363 71.958
25.6366 71.9632
25.6372 72.0928
25.6375 72.0812
25.6378 72.0711
25.6381 72.0622
25.6384 72.0544
25.6387 72.0476
25.639 72.1667
25.6393 72.1458
25.6396 72.1276
25.6399 72.1116
25.6402 72.0977
25.6405 72.0855
25.6408 72.0748
25.6411 72.0654
25.6414 72.0573
25.6417 72.0501
25.6421 72.1688
25.6424 72.1477
25.6427 72.1293
25.643 72.1131
25.6436 72.099
25.6439 72.0866
25.6442 72.0758
25.6445 72.0663
25.6448 72.058
25.6451 72.1758
25.6454 72.1538
25.646 72.1346
25.6463 72.1177
25.6467 72.103
25.6472 72.0901
25.7021 78.9539
25.7027 78.0846
25.703 77.4491
25.7033 76.7679
25.7036 76.1719
25.7039 75.6504
25.7042 75.1941
25.7045 74.7949
25.7048 74.4455
25.7051 74.1398
25.7054 73.8723
25.706 73.7633
25.7063 73.5429
25.7066 73.35
25.7069 73.1813
25.7074 73.0336
25.7078 72.9044
25.7081 72.7914
25.7084 72.6924
25.709 72.7309
25.7093 72.6395
25.7096 72.5596
25.7099 72.4896
25.7102 72.4284
25.7105 72.3749
25.7108 72.328
25.7111 72.287
25.7114 72.2511
25.7117 72.2197
25.712 72.3173
25.7123 72.2776
25.7126 72.2429
25.7129 72.2125
25.7132 72.186
25.7135 72.1627
25.7138 72.1424
25.7141 72.1246
25.7144 72.109
25.7147 72.0954
25.7153 72.2085
25.7156 72.1824
25.7159 72.1596
25.7162 72.1397
25.7165 72.1222
25.7169 72.1069
25.7172 72.0936
25.7178 72.0819
25.7181 72.1966
25.7185 72.172
25.719 72.1505
25.7741 79.0067
25.7748 78.1309
25.7751 77.4895
25.7754 76.8033
25.7757 76.2029
25.776 75.8025
25.7763 75.4522
25.7766 75.0207
25.7769 74.6431
25.7772 74.4377
25.7775 74.133
25.7781 73.9914
25.7784 73.7425
25.7787 73.5246
25.779 73.4591
25.7795 73.4017
25.7799 73.2265
25.7802 73.1982
25.7805 73.0484
25.7811 73.0423
25.7814 72.9121
25.7817 72.798
25.782 72.8233
25.7823 72.8454
25.7826 72.7397
25.7829 72.6472
25.7832 72.6913
25.7835 72.6049
25.7838 72.5293
25.7841 72.5881
25.7844 72.5146
25.7847 72.4503
25.785 72.519
25.7853 72.5791
25.7856 72.5067
25.7859 72.4434
25.7862 72.513
25.7865 72.4488
25.7868 72.3927
25.7873 72.4686
25.7877 72.4101
25.788 72.4838
25.7883 72.5483
25.7886 72.4798
25.7889 72.4198
25.7892 72.4923
25.7897 72.4308
25.7901 72.5019
25.7904 72.4392
25.791 72.5093
25.7915 72.5706
25.8465 72.4993
25.8472 72.5619
25.8475 72.4917
25.8478 72.4302
25.8481 72.5014
25.8484 72.4387
25.8487 72.3839
25.849 72.4609
25.8493 72.5283
25.8496 72.4623
25.8499 72.4045
25.8505 72.3539
25.8508 72.3097
25.8511 72.396
25.8514 72.3465
25.8519 72.3032
25.8523 72.3903
25.8526 72.3415
25.8529 72.2988
25.8535 72.2614
25.8538 72.2288
25.8541 72.3252
25.8544 72.2845
25.8547 72.249
25.855 72.3428
25.8553 72.425
25.8556 72.3719
25.8559 72.3254
25.8562 72.4097
25.8565 72.3585
25.8568 72.3137
25.8571 72.3995
25.8574 72.3495
25.8577 72.3058
25.858 72.3926
25.8583 72.4685
25.8586 72.41
25.8589 72.3587
25.8592 72.4389
25.8597 72.384
25.8601 72.461
25.8604 72.4034
25.8607 72.353
25.861 72.4338
25.8613 72.5046
25.8616 72.4415
25.8621 72.5113
25.8625 72.4474
25.8628 72.3915
25.8634 72.3426
25.8639 72.2997
25.919 72.3873
25.9198 72.3389
25.9201 72.4215
25.9204 72.4938
25.9207 72.4321
25.921 72.3781
25.9213 72.4558
25.9216 72.3988
25.9219 72.349
25.9222 72.4304
25.9225 72.5016
25.9231 72.5639
25.9234 72.6184
25.9237 72.5411
25.924 72.4734
25.9244 72.5393
25.9249 72.4719
25.9252 72.5379
25.9255 72.5956
25.9261 72.6462
25.9264 72.6904
25.9267 72.7291
25.927 72.638
25.9273 72.6832
25.9276 72.7228
25.9279 72.6325
25.9282 72.6784
25.9285 72.7186
25.9288 72.7538
25.9291 72.7846
25.9294 72.8115
25.9297 72.8351
25.93 72.7307
25.9303 72.7643
25.9306 72.7938
25.9309 72.6946
25.9312 72.7327
25.9315 72.7662
25.9318 72.7954
25.9321 72.821
25.9327 72.8433
25.933 72.7379
25.9333 72.7707
25.9336 72.7993
25.9339 72.6994
25.9342 72.737
25.9345 72.7699
25.9351 72.7986
25.9354 72.8238
25.9358 72.8458
25.9363 72.8651
25.9917 79.757
25.9925 78.9123
25.9929 78.1733
25.9932 77.5266
25.9935 76.9608
25.9938 76.4657
25.9941 76.1575
25.9944 75.7628
25.9947 75.4175
25.995 75.2403
25.9953 74.9602
25.9958 74.7152
25.9962 74.5008
25.9965 74.3132
25.9968 74.1491
25.9971 74.1304
25.9977 73.9891
25.998 73.9905
25.9983 73.8667
25.9988 73.7583
25.9992 73.6635
25.9995 73.5806
25.9998 73.508
26.0001 73.5695
26.0004 73.4983
26.0007 73.436
26.001 73.5065
26.0013 73.4432
26.0016 73.3878
26.0019 73.3393
26.0022 73.2969
26.0025 73.2598
26.0028 73.2273
26.0031 73.3239
26.0034 73.2834
26.0037 73.248
26.004 73.342
26.0043 73.2992
26.0046 73.2618
26.0049 73.2291
26.0054 73.2005
26.0058 73.1754
26.0061 73.2785
26.0064 73.2437
26.0067 73.2132
26.007 73.3116
26.0073 73.2726
26.0078 73.2385
26.0082 73.2087
26.0085 73.1826
26.0091 73.2848
26.0646 80.1242
26.0653 79.3587
26.0658 78.5638
26.0661 77.9934
26.0664 77.3692
26.0667 76.823
26.067 76.3452
26.0673 75.927
26.0676 75.5611
26.0679 75.241
26.0682 74.9609
26.0686 74.7158
26.0691 74.6263
26.0694 74.423
26.0697 74.2451
26.07 74.0895
26.0706 73.9533
26.0709 73.8341
26.0712 73.7299
26.0716 73.6386
26.0721 73.6838
26.0724 73.5983
26.0727 73.5235
26.073 73.4581
26.0733 73.4008
26.0736 73.3507
26.0739 73.3069
26.0742 73.2685
26.0745 73.235
26.0748 73.2056
26.0751 73.3049
26.0754 73.2668
26.0757 73.2334
26.076 73.2043
26.0763 73.1787
26.0766 73.1564
26.0769 73.1368
26.0772 73.1197
26.0775 73.1048
26.0778 73.0917
26.0782 73.2052
26.0787 73.1796
26.079 73.1571
26.0793 73.1375
26.0796 73.1203
26.0799 73.1053
26.0802 73.0921
26.0805 73.0806
26.0811 73.1955
26.0814 73.1711
26.0818 73.1497
26.0823 73.131
26.1379 73.1146
26.1386 73.1003
26.1389 73.0877
26.1392 73.0768
26.1395 73.0672
26.1398 73.0588
26.1401 73.1764
26.1404 73.1544
26.1407 73.1351
26.141 73.2432
26.1413 73.2128
26.1419 73.1862
26.1422 73.1629
26.1425 73.1426
26.1428 73.1247
26.1433 73.2341
26.1437 73.2049
26.144 73.3043
26.1443 73.2662
26.1449 73.233
26.1452 73.2038
26.1455 73.1784
26.1458 73.1561
26.1461 73.2615
26.1464 73.2289
26.1467 73.2002
26.147 73.3002
26.1473 73.2627
26.1476 73.2299
26.1479 73.2011
26.1482 73.176
26.1485 73.154
26.1488 73.1347
26.1491 73.2429
26.1494 73.2125
26.1497 73.186
26.15 73.2877
26.1503 73.2518
26.1506 73.2203
26.1509 73.1927
26.1515 73.1687
26.1518 73.1476
26.1521 73.2541
26.1524 73.2224
26.1527 73.1946
26.153 73.2952
26.1533 73.2583
26.1538 73.226
26.1542 73.1978
26.1545 73.1731
26.1551 73.2764
26.1556 73.2419
26.2113 73.3366
26.2121 73.4196
26.2124 73.4921
26.2127 73.4306
26.213 73.3768
26.2133 73.4547
26.2136 73.3978
26.2139 73.3481
26.2142 73.4296
26.2145 73.3759
26.2148 73.3289
26.2154 73.4128
26.2157 73.3612
26.216 73.316
26.2163 73.4015
26.2167 73.3513
26.2172 73.4324
26.2175 73.3784
26.2178 73.3311
26.2184 73.4147
26.2187 73.3629
26.219 73.3175
26.2193 73.4028
26.2196 73.3525
26.2199 73.3084
26.2202 73.3948
26.2205 73.3455
26.2208 73.3023
26.2211 73.3895
26.2214 73.4658
26.2217 73.4076
26.222 73.3566
26.2223 73.4371
26.2226 73.3824
26.2229 73.3346
26.2232 73.4178
26.2235 73.4906
26.2238 73.4293
26.2241 73.5006
26.2244 73.563
26.2248 73.6176
26.2253 73.6654
26.2256 73.7073
26.2259 73.6188
26.2262 73.6665
26.2265 73.7082
26.2268 73.6197
26.2271 73.6672
26.2277 73.7088
26.228 73.6202
26.2284 73.6677
26.2289 73.5842
26.2848 80.5112
26.2855 79.6973
26.286 78.8601
26.2863 78.2526
26.2866 77.721
26.2869 77.2559
26.2872 76.8489
26.2875 76.4928
26.2878 76.1812
26.2881 75.9086
26.2884 75.67
26.2888 75.4612
26.2893 75.2786
26.2896 75.1188
26.2899 74.9789
26.2902 74.8565
26.2908 74.7495
26.2911 74.6558
26.2914 74.5738
26.2918 74.5021
26.2923 74.4393
26.2926 74.3844
26.2929 74.3364
26.2932 74.2943
26.2935 74.2575
26.2938 74.2253
26.2941 74.1972
26.2944 74.1725
26.2947 74.151
26.295 74.0071
26.2953 74.0062
26.2956 74.0054
26.2959 74.0047
26.2962 74.0042
26.2965 74.0036
26.2968 74.0032
26.2971 74.0028
26.2974 74.0024
26.2977 74.0021
26.298 73.8769
26.2983 73.8923
26.2989 73.9057
26.2992 73.9175
26.2995 73.9278
26.2998 73.9368
26.3001 73.9447
26.3004 73.9516
26.3007 73.9577
26.3011 73.963
26.3016 73.9676
26.3019 73.9717
26.3025 73.9752
26.3585 80.9783
26.3593 80.231
26.3599 79.4521
26.3602 78.8956
26.3605 78.2837
26.3608 77.7482
26.3611 77.4047
26.3614 76.9791
26.3617 76.6067
26.362 76.2809
26.3623 75.9958
26.3626 75.7463
26.3632 75.653
26.3635 75.4464
26.3638 75.2656
26.3641 75.2324
26.3645 75.0783
26.365 74.9435
26.3653 74.8256
26.3656 74.7224
26.3662 74.7571
26.3665 74.6625
26.3668 74.5797
26.3671 74.6322
26.3674 74.5532
26.3677 74.484
26.368 74.4235
26.3683 74.3706
26.3686 74.3243
26.3689 74.2837
26.3692 74.3733
26.3695 74.3266
26.3698 74.2858
26.3701 74.3751
26.3704 74.3282
26.3707 74.2871
26.371 74.2513
26.3713 74.2198
26.3716 74.1924
26.3719 74.1683
26.3722 74.2723
26.3725 74.2382
26.3731 74.3335
26.3734 74.2918
26.3737 74.2553
26.374 74.2234
26.3743 74.1955
26.3746 74.171
26.3749 74.1497
26.3753 74.1309
26.3758 74.1146
26.3761 74.2253
26.3767 74.1971
26.4326 74.1725
26.4333 74.1509
26.4338 74.132
26.4341 74.1155
26.4344 74.1011
26.4347 74.0885
26.435 73.9524
26.4353 73.9583
26.4356 73.9636
26.4359 73.9681
26.4362 73.9721
26.4366 73.9756
26.4371 73.9786
26.4374 73.9813
26.4377 73.9836
26.438 73.8607
26.4386 73.8781
26.4389 73.8933
26.4392 73.9067
26.4396 73.9183
26.4401 73.9285
26.4404 73.9375
26.4407 73.9453
26.441 73.8271
26.4413 73.8487
26.4416 73.8676
26.4419 73.8842
26.4422 73.8987
26.4425 73.9113
26.4428 73.9224
26.4431 73.9321
26.4434 73.9406
26.4437 73.948
26.444 73.8295
26.4443 73.8508
26.4446 73.8695
26.4449 73.8858
26.4452 73.9001
26.4455 73.9126
26.4458 73.9235
26.4461 73.9331
26.4465 73.9414
26.447 73.8237
26.4473 73.8458
26.4476 73.8651
26.4479 73.8819
26.4482 73.8967
26.4485 73.9096
26.4488 73.9209
26.4494 73.9308
26.4497 73.9394
26.4501 73.947
26.4507 73.9536
26.5068 73.9594
26.5075 73.9645
26.5078 73.9689
26.5081 73.9728
26.5084 73.9762
26.5087 73.9792
26.509 74.1068
26.5093 74.0934
26.5096 74.0818
26.5099 74.0715
26.5102 74.0626
26.5108 74.0548
26.5111 74.0479
26.5114 74.0419
26.5117 74.0367
26.5122 74.1571
26.5126 74.1375
26.5129 74.1203
26.5132 74.1052
26.5138 74.0921
26.5141 74.0806
26.5144 74.0705
26.5147 74.0617
26.515 74.179
26.5153 74.1566
26.5156 74.137
26.5159 74.1199
26.5162 74.1049
26.5165 74.0918
26.5168 74.0803
26.5171 74.0703
26.5174 74.0615
26.5177 74.0538
26.518 74.1721
26.5183 74.1506
26.5186 74.1317
26.5189 74.1153
26.5192 74.1009
26.5195 74.0883
26.5198 74.0772
26.5201 74.0676
26.5207 74.0591
26.521 74.1767
26.5213 74.1546
26.5216 74.1353
26.5219 74.1184
26.5222 74.1036
26.5225 74.0906
26.523 74.0793
26.5234 74.1944
26.5237 74.1701
26.5242 74.2738
26.5248 74.2396
26.581 81.2097
26.5817 80.4334
26.5822 79.7543
26.5825 79.16
26.5828 78.515
26.5831 78.0756
26.5834 77.6912
26.5837 77.2298
26.584 76.826
26.5843 76.5978
26.5846 76.3981
26.585 76.2233
26.5855 76.0704
26.5858 75.8116
26.5861 75.7101
26.5864 75.6214
26.587 75.4187
26.5873 75.3664
26.5876 75.3206
26.588 75.2805
26.5885 75.2454
26.5888 75.0898
26.5891 75.0785
26.5894 75.0687
26.5897 74.9351
26.59 74.8182
26.5903 74.841
26.5906 74.8608
26.5909 74.7532
26.5912 74.7841
26.5915 74.8111
26.5918 74.7097
26.5921 74.746
26.5924 74.7777
26.5927 74.6805
26.593 74.5954
26.5933 74.646
26.5936 74.6903
26.5939 74.604
26.5942 74.6535
26.5945 74.6968
26.5949 74.6097
26.5954 74.6585
26.5957 74.5762
26.596 74.5042
26.5963 74.5661
26.5966 74.6204
26.5969 74.5428
26.5972 74.6
26.5978 74.65
26.5981 74.6937
26.5984 74.732
26.599 74.6405
26.6554 81.6854
26.6562 80.9748
26.6568 80.2279
26.6571 79.5744
26.6574 79.0026
26.6577 78.5023
26.658 78.0645
26.6583 77.6814
26.6586 77.3463
26.6589 77.053
26.6592 76.7964
26.6595 76.5718
26.6601 76.3753
26.6604 76.2034
26.6607 76.053
26.661 75.9214
26.6615 75.8062
26.6619 75.7054
26.6622 75.6172
26.6625 75.5401
26.6631 75.4726
26.6634 75.4135
26.6637 75.3618
26.664 75.3166
26.6643 75.277
26.6646 75.2424
26.6649 75.2121
26.6652 75.1856
26.6655 75.1624
26.6658 75.1421
26.6661 75.1243
26.6664 75.1088
26.6667 75.0952
26.667 75.0833
26.6673 75.0729
26.6676 75.0638
26.6679 75.0558
26.6682 75.0488
26.6685 75.0427
26.6688 75.0374
26.6691 75.0327
26.6694 75.0286
26.67 75.15
26.6703 75.1313
26.6706 75.1149
26.6709 75.1005
26.6712 75.0879
26.6715 75.077
26.6718 75.0673
26.6723 75.0589
26.6727 75.0516
26.673 75.0451
26.6735 75.0395
26.6739 75.0345
26.7305 75.0302
26.7313 75.0264
26.7318 75.0231
26.7321 75.0202
26.7324 75.0177
26.7327 75.0155
26.733 74.8886
26.7333 74.9025
26.7336 74.9147
26.7339 74.9253
26.7342 74.9347
26.7346 74.9428
26.7351 74.95
26.7354 74.9562
26.7357 74.9617
26.736 74.8415
26.7366 74.8613
26.7369 74.8786
26.7372 74.8938
26.7376 74.9071
26.7381 74.9187
26.7384 74.9289
26.7387 74.9378
26.739 74.8205
26.7393 74.843
26.7396 74.8626
26.7399 74.8798
26.7402 74.8948
26.7405 74.9079
26.7408 74.9195
26.7411 74.9295
26.7414 74.9383
26.7417 74.946
26.742 74.8278
26.7423 74.8493
26.7426 74.8681
26.7429 74.8846
26.7432 74.899
26.7435 74.9117
26.7438 74.9227
26.7441 74.9324
26.7445 74.9408
26.745 74.8232
26.7453 74.8453
26.7456 74.8647
26.7459 74.8816
26.7462 74.8964
26.7465 74.9093
26.7468 74.9207
26.7474 74.9306
26.7477 74.9393
26.748 74.8218
26.7486 74.8441
26.749 74.9886
26.8055 74.99
26.8063 74.9913
26.8066 74.9924
26.8069 74.8683
26.8072 74.8848
26.8075 74.8992
26.8078 74.9118
26.8081 74.9228
26.8084 74.9325
26.8087 74.9409
26.809 74.8233
26.8096 74.8454
26.8099 74.7397
26.8102 74.7722
26.8105 74.8007
26.8109 74.8256
26.8114 74.8474
26.8117 74.8665
26.812 74.7582
26.8126 74.7884
26.8129 74.6899
26.8132 74.7286
26.8135 74.7625
26.8138 74.7922
26.8141 74.8182
26.8144 74.8409
26.8147 74.8608
26.815 74.7532
26.8153 74.7841
26.8156 74.811
26.8159 74.7097
26.8162 74.746
26.8165 74.7777
26.8168 74.8055
26.8171 74.8298
26.8174 74.8511
26.8177 74.8697
26.818 74.761
26.8183 74.7909
26.8186 74.817
26.8189 74.7149
26.8195 74.7505
26.8198 74.7817
26.8201 74.809
26.8204 74.8329
26.8207 74.8538
26.821 74.747
26.8213 74.7787
26.8217 74.8063
26.8222 74.8305
26.8225 74.8517
26.8229 74.8703
26.8234 74.8865
26.824 74.7757
26.8807 74.8037
26.8814 74.8282
26.8817 74.8497
26.882 74.8685
26.8823 75.0099
26.8826 75.0087
26.8829 75.0076
26.8832 75.1317
26.8835 75.1152
26.8838 75.1008
26.8842 75.2132
26.8847 75.3115
26.885 75.2726
26.8853 75.3635
26.8856 75.3181
26.886 75.4033
26.8865 75.4779
26.8868 75.4182
26.8871 75.4909
26.8877 75.5545
26.888 75.4852
26.8883 75.5496
26.8886 75.4809
26.8889 75.4208
26.8892 75.4932
26.8895 75.4315
26.8898 75.3776
26.8901 75.4554
26.8904 75.5235
26.8907 75.458
26.891 75.4008
26.8913 75.4757
26.8916 75.4162
26.8919 75.3642
26.8922 75.4437
26.8925 75.3882
26.8928 75.3397
26.8931 75.4222
26.8934 75.4944
26.8937 75.4326
26.894 75.3786
26.8946 75.4562
26.8949 75.3992
26.8952 75.4743
26.8955 75.415
26.8958 75.3631
26.8961 75.4427
26.8964 75.5124
26.8968 75.4484
26.8973 75.5173
26.8976 75.4526
26.898 75.5211
26.8985 75.5809
26.8991 75.6333
26.956 82.8041
26.9568 81.9536
26.9571 81.2094
26.9574 80.5582
26.9577 79.9885
26.958 79.3649
26.9583 78.9443
26.9586 78.5763
26.9589 78.1292
26.9592 77.8631
26.9595 77.6302
26.9601 77.4264
26.9604 77.2481
26.9607 77.0921
26.961 76.8306
26.9613 76.7268
26.9619 76.5109
26.9622 76.4471
26.9625 76.3912
26.9629 76.2173
26.9634 76.1901
26.9637 76.1663
26.964 76.0206
26.9643 76.018
26.9646 76.0157
26.9649 75.8888
26.9652 75.9027
26.9655 75.9148
26.9658 75.8005
26.9661 75.8254
26.9664 75.8472
26.9667 75.8663
26.967 75.758
26.9673 75.7883
26.9676 75.8148
26.9679 75.7129
26.9682 75.7488
26.9685 75.7802
26.9688 75.6827
26.9691 75.7223
26.9694 75.757
26.9698 75.7874
26.9703 75.814
26.9706 75.8372
26.9709 75.7326
26.9712 75.766
26.9715 75.7953
26.9718 75.6958
26.9721 75.7339
26.9727 75.7671
26.973 75.6712
26.9733 75.7123
26.9739 75.6233
26.9743 75.6704
27.0316 82.7116
27.0323 81.8726
27.0328 81.1386
27.0331 80.4962
27.0334 79.9342
27.0337 79.4424
27.034 79.0121
27.0343 78.6356
27.0346 78.3062
27.0349 78.0179
27.0352 77.7657
27.0355 77.5449
27.0361 77.3518
27.0364 77.1828
27.0367 77.035
27.037 76.9056
27.0373 76.7924
27.0379 76.6934
27.0382 76.6067
27.0385 76.5309
27.0389 76.4645
27.0394 76.4064
27.0397 76.3556
27.04 76.3112
27.0403 76.2723
27.0406 76.2382
27.0409 76.2085
27.0412 76.1824
27.0415 76.1596
27.0418 76.1397
27.0421 76.1222
27.0424 76.1069
27.0427 76.0936
27.043 76.0819
27.0433 76.0716
27.0436 76.0627
27.0439 76.0548
27.0442 76.048
27.0445 76.042
27.0448 76.0367
27.0451 76.0321
27.0454 76.0281
27.0458 76.0246
27.0463 76.0215
27.0466 76.0188
27.0469 76.0165
27.0472 76.0144
27.0475 76.0126
27.0478 76.011
27.0481 76.0097
27.0487 76.0085
27.049 76.0074
27.0493 76.0065
27.0499 76.0057
27.0503 76.005
27.1074 76.0043
27.1082 76.0038
27.1085 76.0033
27.1088 75.8779
27.1091 75.8932
27.1094 75.9065
27.1097 75.9182
27.11 75.8034
27.1103 75.828
27.1106 75.8495
27.1109 75.7433
27.1113 75.7754
27.1118 75.6785
27.1121 75.7187
27.1124 75.7538
27.1127 75.7846
27.1131 75.8115
27.1136 75.8351
27.1139 75.7307
27.1142 75.7644
27.1148 75.7938
27.1151 75.8196
27.1154 75.8421
27.1157 75.8619
27.116 75.7541
27.1163 75.7849
27.1166 75.8118
27.1169 75.7103
27.1172 75.7465
27.1175 75.7782
27.1178 75.6809
27.1181 75.7208
27.1184 75.7557
27.1187 75.7862
27.119 75.688
27.1193 75.727
27.1196 75.7611
27.1199 75.666
27.1202 75.7077
27.1205 75.7442
27.1208 75.6512
27.1211 75.6948
27.1217 75.733
27.122 75.6413
27.1223 75.6862
27.1226 75.7254
27.1229 75.6347
27.1232 75.6804
27.1235 75.7203
27.1239 75.6303
27.1244 75.6765
27.1247 75.7169
27.1251 75.7523
27.1256 75.7833
27.1262 75.8104
27.1836 75.8341
27.1842 75.8548
27.1845 75.873
27.1848 75.8888
27.1851 75.9027
27.1854 75.9149
27.1857 75.9255
27.186 75.9348
27.1863 75.943
27.1866 75.9501
27.1869 75.9563
27.1875 76.0868
27.1878 76.076
27.1881 76.1915
27.1884 76.1675
27.1887 76.1466
27.1891 76.2533
27.1896 76.2216
27.1899 76.1939
27.1902 76.2947
27.1908 76.2578
27.1911 76.3506
27.1914 76.3068
27.1917 76.2684
27.192 76.2349
27.1923 76.3305
27.1926 76.2892
27.1929 76.2531
27.1932 76.3464
27.1935 76.3031
27.1938 76.2652
27.1941 76.3571
27.1944 76.3124
27.1947 76.2734
27.195 76.2392
27.1953 76.3343
27.1956 76.2925
27.1959 76.256
27.1962 76.349
27.1965 76.3053
27.1968 76.2672
27.1971 76.3588
27.1977 76.3139
27.198 76.2747
27.1983 76.3653
27.1986 76.3197
27.1989 76.2797
27.1992 76.3698
27.1995 76.3235
27.1999 76.2831
27.2004 76.3727
27.2007 76.3261
27.2011 76.4104
27.2016 76.3591
27.2022 76.4392
27.2597 83.5093
27.2605 82.6956
27.2608 81.8587
27.2611 81.2513
27.2614 80.7199
27.2617 80.1299
27.262 79.6137
27.2623 79.287
27.2626 79.0011
27.2629 78.626
27.2632 78.4227
27.2636 78.2449
27.2641 78.0893
27.2644 77.9531
27.2647 77.709
27.265 77.4953
27.2653 77.4334
27.2659 77.2542
27.2662 77.2225
27.2665 77.1947
27.2669 77.0453
27.2674 77.0397
27.2677 76.9097
27.268 76.796
27.2683 76.8215
27.2686 76.8438
27.2689 76.7383
27.2692 76.771
27.2695 76.7997
27.2698 76.6997
27.2701 76.7372
27.2704 76.7701
27.2707 76.6738
27.271 76.5896
27.2713 76.6409
27.2716 76.6858
27.2719 76.6001
27.2722 76.65
27.2725 76.6938
27.2728 76.6071
27.2731 76.6562
27.2734 76.6992
27.2738 76.6118
27.2743 76.6603
27.2746 76.7028
27.2749 76.6149
27.2752 76.663
27.2755 76.7052
27.2758 76.617
27.2761 76.6649
27.2767 76.7068
27.277 76.6184
27.2773 76.6661
27.2779 76.5829
27.2783 76.635
27.336 83.8056
27.3368 82.9549
27.3372 82.2106
27.3375 81.5592
27.3378 80.8643
27.3381 80.3813
27.3384 79.9586
27.3387 79.5888
27.339 79.2652
27.3393 78.9821
27.3396 78.7343
27.3399 78.3925
27.3405 78.2184
27.3408 77.9411
27.3411 77.8235
27.3414 77.7206
27.3417 77.6305
27.342 77.5517
27.3426 77.4827
27.3429 77.2974
27.3432 77.2602
27.3437 77.2277
27.3441 77.1992
27.3444 77.1743
27.3447 77.1525
27.345 77.1335
27.3453 77.1168
27.3456 77.1022
27.3459 76.9644
27.3462 76.9689
27.3465 76.9727
27.3468 76.8512
27.3471 76.8698
27.3474 76.886
27.3477 76.9003
27.348 76.9127
27.3483 76.9237
27.3486 76.9332
27.3489 76.8165
27.3492 76.8395
27.3495 76.8595
27.3498 76.7521
27.3501 76.7831
27.3506 76.8102
27.351 76.8339
27.3513 76.8547
27.3516 76.8728
27.3519 76.7637
27.3522 76.7933
27.3525 76.8191
27.3528 76.7167
27.3534 76.7521
27.3537 76.7831
27.354 76.8102
27.3546 76.8339
27.3551 76.8547
27.4128 76.7479
27.4135 76.7794
27.414 76.682
27.4143 76.7217
27.4146 76.7565
27.4149 76.6619
27.4152 76.7042
27.4155 76.7412
27.4158 76.6485
27.4161 76.6925
27.4164 76.7309
27.4167 76.7645
27.4173 76.794
27.4176 76.8197
27.4179 76.7173
27.4182 76.7526
27.4185 76.7835
27.4188 76.6856
27.4194 76.7249
27.4197 76.7593
27.42 76.6644
27.4204 76.7063
27.4209 76.618
27.4212 76.6658
27.4215 76.7076
27.4218 76.6191
27.4221 76.6667
27.4224 76.7084
27.4227 76.7448
27.423 76.6517
27.4233 76.6953
27.4236 76.7334
27.4239 76.6417
27.4242 76.6865
27.4245 76.7257
27.4248 76.635
27.4251 76.6806
27.4254 76.7205
27.4257 76.7554
27.426 76.661
27.4263 76.7034
27.4266 76.7405
27.4269 76.6479
27.4273 76.6919
27.4278 76.6054
27.4281 76.6547
27.4284 76.6979
27.4287 76.7357
27.429 76.6437
27.4293 76.6882
27.4296 76.7272
27.4302 76.7613
27.4305 76.7911
27.4308 76.6923
27.4314 76.7307
27.4318 76.6394
27.4897 76.6845
27.4904 76.7239
27.4907 76.7584
27.491 76.7886
27.4913 76.815
27.4916 76.8382
27.4919 76.7334
27.4922 76.7667
27.4925 76.7959
27.4928 76.6964
27.4931 76.7343
27.4936 76.7675
27.494 76.7966
27.4943 76.822
27.4946 76.8443
27.4949 76.7387
27.4952 76.7714
27.4957 76.8
27.4961 76.825
27.4964 76.8468
27.4967 76.866
27.4973 76.8827
27.4976 76.8974
27.4979 76.7852
27.4982 76.8121
27.4985 76.8356
27.4988 76.8561
27.4991 76.8741
27.4994 76.8898
27.4997 76.9036
27.5 77.0407
27.5003 77.0356
27.5006 77.0311
27.5009 77.0272
27.5012 77.0238
27.5015 77.0209
27.5018 77.0182
27.5021 77.016
27.5024 77.014
27.5027 77.0122
27.503 77.1357
27.5033 77.1187
27.5036 77.1039
27.5042 77.2159
27.5045 77.1889
27.5048 77.1653
27.5051 77.1446
27.5054 77.1266
27.5057 77.1107
27.506 77.2219
27.5063 77.1942
27.5069 77.1699
27.5072 77.1487
27.5075 77.1301
27.5081 77.2388
27.5086 77.209
27.5667 84.4328
27.5675 83.6287
27.5678 82.8001
27.5681 82.2001
27.5684 81.5501
27.5687 80.9813
27.569 80.4837
27.5693 80.1732
27.5696 79.7766
27.5699 79.4295
27.5702 79.2508
27.5706 78.9695
27.5711 78.8483
27.5714 78.6172
27.5717 78.4151
27.572 78.2382
27.5723 78.2084
27.5727 78.0574
27.5732 78.0502
27.5735 77.9189
27.5738 77.8041
27.5744 77.8285
27.5747 77.725
27.575 77.6344
27.5753 77.6801
27.5756 77.5951
27.5759 77.5207
27.5762 77.5806
27.5765 77.508
27.5768 77.4445
27.5771 77.5139
27.5774 77.4497
27.5777 77.3935
27.578 77.3443
27.5783 77.4263
27.5786 77.373
27.5789 77.3264
27.5792 77.4106
27.5795 77.3592
27.5798 77.3143
27.5801 77.4
27.5804 77.35
27.5807 77.3063
27.5813 77.393
27.5816 77.3439
27.5819 77.3009
27.5822 77.3883
27.5825 77.3397
27.5828 77.2973
27.5831 77.3851
27.5834 77.337
27.584 77.2949
27.5843 77.383
27.5846 77.3351
27.5852 77.4182
27.5856 77.366
27.6439 84.5702
27.6447 83.7489
27.6451 83.0303
27.6454 82.4015
27.6457 81.7263
27.646 81.2605
27.6463 80.853
27.6466 80.4964
27.6469 80.0593
27.6472 79.8019
27.6475 79.5767
27.6478 79.2546
27.6484 79.0978
27.6487 78.8355
27.649 78.7311
27.6493 78.6397
27.6496 78.5597
27.6499 78.3648
27.6505 78.3192
27.6508 78.1543
27.6511 78.135
27.6516 78.1181
27.652 78.1034
27.6523 78.0904
27.6526 78.0791
27.6529 77.9442
27.6532 77.9512
27.6535 77.9573
27.6538 77.8376
27.6541 77.8579
27.6544 77.8757
27.6547 77.7662
27.655 77.7955
27.6553 77.821
27.6556 77.8434
27.6559 77.738
27.6562 77.7707
27.6565 77.7994
27.6568 77.6995
27.6571 77.737
27.6574 77.7699
27.6577 77.6737
27.658 77.7145
27.6583 77.7501
27.6589 77.6564
27.6592 77.6993
27.6595 77.7369
27.6598 77.6448
27.6601 77.6892
27.6604 77.728
27.6607 77.637
27.661 77.6824
27.6616 77.7221
27.6619 77.6318
27.6622 77.6779
27.6628 77.5931
27.6633 77.644
27.7216 77.6885
27.7223 77.7274
27.7228 77.6365
27.7231 77.6819
27.7234 77.7217
27.7237 77.6315
27.724 77.5525
27.7243 77.6085
27.7246 77.6574
27.7249 77.5752
27.7252 77.6283
27.7255 77.6748
27.7261 77.7154
27.7264 77.751
27.7267 77.6571
27.727 77.575
27.7273 77.6281
27.7276 77.6746
27.7282 77.7153
27.7285 77.7509
27.7288 77.657
27.7292 77.6999
27.7297 77.6124
27.73 77.5358
27.7303 77.5939
27.7306 77.6446
27.7309 77.5641
27.7312 77.6185
27.7315 77.6662
27.7318 77.5829
27.7321 77.6351
27.7324 77.6807
27.7327 77.5956
27.733 77.5212
27.7333 77.581
27.7336 77.6334
27.7339 77.5542
27.7342 77.6099
27.7345 77.6587
27.7348 77.5764
27.7351 77.6293
27.7354 77.6756
27.7357 77.5912
27.736 77.5173
27.7366 77.5776
27.7369 77.5054
27.7372 77.5672
27.7375 77.6213
27.7378 77.5437
27.7381 77.6007
27.7384 77.6506
27.7387 77.5693
27.7393 77.6231
27.7396 77.6702
27.7399 77.5865
27.7405 77.6382
27.7409 77.5584
27.7994 77.6136
27.8001 77.6619
27.8004 77.7041
27.8007 77.6161
27.801 77.6641
27.8013 77.7061
27.8016 77.7428
27.8019 77.65
27.8022 77.6937
27.8025 77.732
27.8028 77.6405
27.8033 77.6854
27.8037 77.5998
27.804 77.6498
27.8043 77.6936
27.8046 77.7319
27.8049 77.6404
27.8054 77.6853
27.8058 77.5997
27.8061 77.6497
27.8064 77.6935
27.807 77.7318
27.8073 77.7653
27.8076 77.7947
27.8079 77.6953
27.8082 77.7334
27.8085 77.7667
27.8088 77.6709
27.8091 77.712
27.8094 77.748
27.8097 77.6545
27.81 77.6977
27.8103 77.7355
27.8106 77.7686
27.8109 77.6725
27.8112 77.7134
27.8115 77.7492
27.8118 77.6556
27.8121 77.6986
27.8124 77.7363
27.8127 77.6443
27.813 77.6887
27.8133 77.7276
27.8138 77.7617
27.8142 77.9165
27.8145 77.9269
27.8148 77.9361
27.8151 77.944
27.8154 77.951
27.8157 77.9572
27.816 77.9625
27.8163 77.9672
27.8169 77.9713
27.8172 77.9749
27.8175 77.978
27.8181 78.1058
27.8186 78.0925
27.8772 85.456
27.8779 84.524
27.8782 83.7085
27.8785 82.9949
27.8788 82.3706
27.8791 81.8242
27.8794 81.3462
27.8797 80.9279
27.88 80.6869
27.8803 80.3511
27.8806 80.0572
27.8811 79.925
27.8815 79.6844
27.8818 79.4739
27.8821 79.2896
27.8824 79.1284
27.8827 78.9874
27.8832 78.9889
27.8836 78.8653
27.8839 78.7572
27.8842 78.6625
27.8848 78.5797
27.8851 78.5072
27.8854 78.4438
27.8857 78.3884
27.886 78.4648
27.8863 78.4067
27.8866 78.3559
27.8869 78.3114
27.8872 78.2725
27.8875 78.2384
27.8878 78.2086
27.8881 78.1825
27.8884 78.1597
27.8887 78.1397
27.889 78.2473
27.8893 78.2164
27.8896 78.1893
27.8899 78.1657
27.8902 78.1449
27.8905 78.1268
27.8908 78.111
27.8911 78.0971
27.8916 78.085
27.892 78.1993
27.8923 78.1744
27.8926 78.1526
27.8929 78.1335
27.8932 78.1169
27.8935 78.1022
27.8938 78.0895
27.8941 78.0783
27.8947 78.0685
27.8951 78.1849
27.8954 78.1618
27.896 78.1416
27.8964 78.1239
27.9553 85.4834
27.956 84.673
27.9563 83.9639
27.9566 83.2184
27.9569 82.5661
27.9572 82.1203
27.9575 81.6053
27.9578 81.1546
27.9581 80.8853
27.9584 80.5246
27.9587 80.209
27.9592 80.0579
27.9596 79.8007
27.9599 79.5756
27.9602 79.5036
27.9605 79.3157
27.9608 79.1512
27.9613 79.1323
27.9617 78.9908
27.962 78.9919
27.9623 78.9929
27.9629 78.8688
27.9632 78.8852
27.9635 78.7746
27.9638 78.6777
27.9641 78.718
27.9644 78.6283
27.9647 78.5497
27.965 78.606
27.9653 78.6553
27.9656 78.5734
27.9659 78.5017
27.9662 78.564
27.9665 78.4935
27.9668 78.4318
27.9671 78.5028
27.9674 78.44
27.9677 78.385
27.968 78.4618
27.9683 78.5291
27.9686 78.463
27.9689 78.4051
27.9692 78.4795
27.9697 78.4195
27.9702 78.4921
27.9705 78.4306
27.9708 78.3768
27.9711 78.4547
27.9714 78.5228
27.9717 78.4575
27.972 78.4003
27.9723 78.4753
27.9729 78.4158
27.9732 78.4889
27.9735 78.4278
27.9739 78.3743
27.9744 78.4525
27.975 78.3959
28.0337 78.3464
28.0344 78.3031
28.0347 78.2652
28.035 78.3571
28.0353 78.4375
28.0356 78.3828
28.0359 78.3349
28.0362 78.4181
28.0365 78.3658
28.0368 78.3201
28.0371 78.4051
28.0376 78.3544
28.038 78.4351
28.0383 78.5057
28.0386 78.4425
28.0389 78.3872
28.0392 78.4638
28.0397 78.4058
28.0401 78.4801
28.0404 78.4201
28.0407 78.3676
28.0413 78.4466
28.0416 78.3908
28.0419 78.3419
28.0422 78.4242
28.0425 78.3712
28.0428 78.3248
28.0431 78.4092
28.0434 78.358
28.0437 78.3133
28.044 78.3991
28.0443 78.4742
28.0446 78.4149
28.045 78.3631
28.0453 78.4427
28.0456 78.3874
28.0459 78.3389
28.0462 78.4216
28.0465 78.3689
28.0468 78.3228
28.0471 78.4074
28.0474 78.4815
28.0477 78.4213
28.0481 78.4936
28.0486 78.4319
28.0489 78.3779
28.0492 78.4557
28.0495 78.3987
28.0498 78.3489
28.0501 78.4303
28.0504 78.5015
28.0507 78.4388
28.0513 78.509
28.0516 78.4453
28.0519 78.3897
28.0523 78.466
28.0528 78.4077
28.0534 78.4818
28.1124 78.5465
28.1131 78.6032
28.1134 78.6528
28.1137 78.5712
28.114 78.6248
28.1143 78.6717
28.1146 78.7127
28.1149 78.6236
28.1152 78.6707
28.1155 78.7119
28.1158 78.6229
28.1163 78.67
28.1167 78.5863
28.117 78.638
28.1173 78.6832
28.1176 78.7228
28.1179 78.6325
28.1184 78.6784
28.1188 78.5936
28.1191 78.6444
28.1194 78.6889
28.12 78.7277
28.1204 78.7618
28.1207 78.7916
28.121 78.6926
28.1213 78.731
28.1216 78.7647
28.1219 78.6691
28.1222 78.7104
28.1225 78.7466
28.1228 78.6533
28.1231 78.6966
28.1234 78.7346
28.1237 78.7677
28.124 78.6718
28.1243 78.7128
28.1246 78.7487
28.1249 78.6551
28.1252 78.6982
28.1255 78.7359
28.1258 78.644
28.1261 78.6885
28.1264 78.7274
28.1268 78.6365
28.1273 78.6819
28.1276 78.7217
28.1279 78.6315
28.1282 78.6775
28.1285 78.7178
28.1288 78.6281
28.1291 78.6746
28.1294 78.7153
28.13 78.6259
28.1303 78.6726
28.1306 78.7135
28.1309 78.7494
28.1315 78.7807
28.1319 78.8081
28.1911 86.2071
28.1918 85.3062
28.1921 84.5179
28.1924 83.8282
28.1927 83.2247
28.193 82.6966
28.1933 82.2345
28.1936 81.8302
28.1939 81.4764
28.1942 81.1669
28.1945 80.896
28.195 80.659
28.1955 80.4516
28.1958 80.2702
28.1961 80.1114
28.1964 79.9725
28.1967 79.8509
28.1971 79.8696
28.1976 79.7609
28.1979 79.6657
28.1982 79.5825
28.1988 79.5097
28.1991 79.446
28.1994 79.3902
28.1997 79.3415
28.2 79.2988
28.2003 79.2614
28.2006 79.2288
28.2009 79.2002
28.2012 79.1751
28.2015 79.1532
28.2018 79.1341
28.2021 79.1173
28.2024 79.1027
28.2027 79.0898
28.203 79.0786
28.2033 79.0688
28.2036 79.0602
28.2039 79.0527
28.2042 79.0461
28.2045 79.0403
28.2048 79.0353
28.2051 79.0309
28.2055 79.027
28.206 79.0236
28.2063 79.0207
28.2066 79.0181
28.2069 79.0158
28.2072 79.0138
28.2075 79.0121
28.2078 79.0106
28.2081 79.0093
28.2087 79.0081
28.209 79.0071
28.2093 79.0062
28.2096 79.0054
28.2102 79.1298
28.2106 79.1135
28.2699 86.4743
28.2707 85.5401
28.271 84.8475
28.2713 84.1166
28.2716 83.477
28.2719 82.9174
28.2722 82.4277
28.2725 81.9993
28.2728 81.6243
28.2731 81.4213
28.2734 81.1186
28.2739 80.8538
28.2743 80.7471
28.2746 80.5287
28.2749 80.3376
28.2752 80.1704
28.2755 80.0241
28.276 79.8961
28.2764 79.7841
28.2767 79.6861
28.277 79.7253
28.2776 79.6346
28.2779 79.5553
28.2782 79.4859
28.2785 79.4252
28.2788 79.372
28.2791 79.4505
28.2794 79.3942
28.2797 79.3449
28.28 79.4268
28.2803 79.3735
28.2806 79.3268
28.2809 79.2859
28.2812 79.2502
28.2815 79.2189
28.2818 79.1915
28.2821 79.2926
28.2824 79.256
28.2827 79.224
28.283 79.321
28.2833 79.2809
28.2836 79.2458
28.2839 79.2151
28.2844 79.1882
28.2848 79.1647
28.2851 79.2691
28.2854 79.2354
28.2857 79.206
28.286 79.3053
28.2863 79.2671
28.2866 79.2337
28.2869 79.2045
28.2875 79.1789
28.2878 79.1566
28.2881 79.262
28.2884 79.2292
28.289 79.3256
28.2895 79.2849
28.349 86.6243
28.3496 85.7962
28.3502 85.0717
28.3505 84.3127
28.3508 83.6487
28.3511 83.1926
28.3514 82.7935
28.3517 82.3193
28.352 81.9044
28.3523 81.6663
28.3526 81.3331
28.3529 81.0414
28.3533 80.9112
28.3538 80.6723
28.3541 80.5883
28.3544 80.5148
28.3547 80.3254
28.355 80.1597
28.3554 80.1398
28.3559 79.9973
28.3562 79.9976
28.3565 79.8729
28.3571 79.8888
28.3574 79.9027
28.3577 79.7899
28.358 79.6911
28.3583 79.7297
28.3586 79.6385
28.3589 79.5587
28.3592 79.6139
28.3595 79.5371
28.3598 79.47
28.3601 79.5362
28.3604 79.5942
28.3607 79.5199
28.361 79.4549
28.3613 79.5231
28.3616 79.4577
28.3619 79.4005
28.3622 79.4754
28.3625 79.416
28.3628 79.364
28.3631 79.4435
28.3634 79.5131
28.3638 79.4489
28.3643 79.5178
28.3646 79.4531
28.3649 79.3964
28.3652 79.4719
28.3655 79.4129
28.3658 79.3613
28.3661 79.4411
28.3664 79.511
28.367 79.4471
28.3673 79.5162
28.3676 79.4517
28.3679 79.3952
28.3685 79.3458
28.3689 79.3026
28.4283 79.3898
28.429 79.4661
28.4296 79.4078
28.4299 79.3568
28.4302 79.4372
28.4305 79.3826
28.4308 79.3347
28.4311 79.4179
28.4314 79.4907
28.4317 79.4293
28.432 79.5007
28.4323 79.5631
28.4328 79.4927
28.4332 79.5561
28.4335 79.4866
28.4338 79.4258
28.4341 79.4975
28.4344 79.5604
28.4349 79.4903
28.4353 79.554
28.4356 79.4848
28.4359 79.4242
28.4365 79.3711
28.4368 79.3248
28.4371 79.4092
28.4374 79.483
28.4377 79.4226
28.438 79.4948
28.4383 79.558
28.4386 79.4882
28.4389 79.4272
28.4392 79.4988
28.4395 79.4364
28.4398 79.3819
28.4401 79.4591
28.4404 79.5268
28.4407 79.4609
28.441 79.5283
28.4413 79.5873
28.4416 79.5138
28.4419 79.4496
28.4422 79.5184
28.4425 79.4536
28.4428 79.3969
28.4433 79.4723
28.4437 79.4133
28.444 79.4866
28.4443 79.5508
28.4446 79.4819
28.4449 79.4217
28.4452 79.494
28.4455 79.4322
28.4458 79.3782
28.4464 79.4559
28.4467 79.3989
28.447 79.4741
28.4473 79.5398
28.4479 79.4723
28.4484 79.5383
28.5079 79.471
28.5086 79.4121
28.5091 79.4856
28.5094 79.5499
28.5097 79.4812
28.51 79.421
28.5103 79.4934
28.5106 79.5567
28.5109 79.4871
28.5112 79.5512
28.5115 79.6073
28.5118 79.5314
28.5124 79.59
28.5127 79.6412
28.513 79.5611
28.5133 79.6159
28.5136 79.664
28.5139 79.581
28.5143 79.6333
28.5148 79.6792
28.5151 79.7193
28.5154 79.7544
28.516 79.7851
28.5163 79.8119
28.5166 79.8354
28.5169 79.731
28.5172 79.7646
28.5175 79.7941
28.5178 79.6948
28.5181 79.7329
28.5184 79.7663
28.5187 79.7955
28.519 79.6961
28.5193 79.7341
28.5196 79.7673
28.5199 79.6714
28.5202 79.7125
28.5205 79.7484
28.5208 79.6549
28.5211 79.698
28.5214 79.7358
28.5217 79.7688
28.522 79.6727
28.5223 79.7136
28.5227 79.7494
28.5232 79.7807
28.5235 79.8081
28.5238 79.7071
28.5241 79.7437
28.5244 79.7758
28.5247 79.8038
28.525 79.7033
28.5253 79.7404
28.5259 79.7729
28.5262 79.8012
28.5265 79.8261
28.5268 79.7228
28.5274 79.7575
28.5278 79.7878
28.5875 87.1893
28.5882 86.4156
28.5887 85.6137
28.589 84.787
28.5893 84.1886
28.5896 83.665
28.5899 83.2069
28.5902 82.806
28.5905 82.4553
28.5908 82.1484
28.5911 81.8798
28.5914 81.6448
28.592 81.4392
28.5923 81.2593
28.5926 81.1019
28.5929 80.9642
28.5932 80.8437
28.5935 80.7382
28.5939 80.6459
28.5944 80.5652
28.5947 80.4945
28.595 80.3077
28.5956 80.2693
28.5959 80.2356
28.5962 80.2061
28.5965 80.1804
28.5968 80.1578
28.5971 80.1381
28.5974 80.1208
28.5977 80.1057
28.598 79.9675
28.5983 79.9716
28.5986 79.9751
28.5989 79.9782
28.5992 79.981
28.5995 79.9833
28.5998 79.9854
28.6001 79.9872
28.6004 79.9888
28.6007 79.9902
28.601 79.8665
28.6013 79.8831
28.6016 79.8978
28.6019 79.9105
28.6023 79.9217
28.6028 79.9315
28.6031 79.9401
28.6034 79.9476
28.6037 79.9541
28.604 79.8348
28.6043 79.8555
28.6046 79.8736
28.6049 79.8894
28.6055 79.9032
28.6058 79.9153
28.6061 79.9259
28.6064 79.9351
28.607 79.9432
28.6074 79.9503
28.6674 87.4565
28.6681 86.6495
28.6686 85.8183
28.6689 85.091
28.6692 84.5796
28.6695 84.0072
28.6698 83.5063
28.6701 83.193
28.6704 82.7939
28.6707 82.4446
28.671 82.1391
28.6713 81.8717
28.6719 81.6377
28.6722 81.558
28.6725 81.3632
28.6728 81.1928
28.6731 81.1687
28.6734 81.0226
28.6737 80.8948
28.6743 80.908
28.6746 80.7945
28.6749 80.6952
28.6753 80.7333
28.6758 80.6416
28.6761 80.6864
28.6764 80.6006
28.6767 80.5255
28.677 80.4598
28.6773 80.4024
28.6776 80.3521
28.6779 80.3081
28.6782 80.3945
28.6785 80.3452
28.6788 80.3021
28.6791 80.3893
28.6794 80.3406
28.6797 80.2981
28.68 80.2608
28.6803 80.2282
28.6806 80.1997
28.6809 80.1747
28.6812 80.2779
28.6815 80.2431
28.6818 80.2128
28.6821 80.3112
28.6827 80.2723
28.683 80.2382
28.6833 80.2084
28.6836 80.1824
28.6839 80.1596
28.6842 80.2646
28.6845 80.2316
28.6848 80.2026
28.6853 80.3023
28.6857 80.2645
28.686 80.3564
28.6863 80.3119
28.6868 80.2729
28.6872 80.3638
28.6878 80.3183
28.7476 80.2785
28.7483 80.2437
28.7488 80.2132
28.7491 80.3116
28.7494 80.2726
28.7497 80.2386
28.75 80.2087
28.7503 80.1826
28.7506 80.1598
28.7509 80.1398
28.7512 80.2474
28.7515 80.2164
28.7521 80.3144
28.7524 80.2751
28.7527 80.2407
28.753 80.2106
28.7533 80.1843
28.7536 80.1612
28.7539 80.1411
28.7545 80.1235
28.7548 80.108
28.7551 80.2195
28.7555 80.1921
28.756 80.1681
28.7563 80.1471
28.7566 80.1287
28.7569 80.1126
28.7572 80.2235
28.7575 80.1956
28.7578 80.1711
28.7581 80.2747
28.7584 80.2404
28.7587 80.2103
28.759 80.3091
28.7593 80.2704
28.7596 80.2366
28.7599 80.207
28.7602 80.3062
28.7605 80.2679
28.7608 80.2344
28.7611 80.3301
28.7614 80.2888
28.7617 80.2527
28.762 80.3461
28.7623 80.3029
28.7629 80.265
28.7632 80.3569
28.7635 80.3123
28.7638 80.2732
28.7641 80.3641
28.7644 80.3186
28.7647 80.2788
28.765 80.3689
28.7655 80.3228
28.7659 80.2824
28.7662 80.2471
28.7665 80.2162
28.767 80.1892
28.7674 80.1656
28.768 80.2699
28.8281 80.3611
28.8288 80.316
28.8293 80.4015
28.8296 80.3513
28.8299 80.3074
28.8302 80.394
28.8305 80.4697
28.8308 80.411
28.8311 80.4846
28.8314 80.549
28.8317 80.4804
28.832 80.4204
28.8326 80.3678
28.8329 80.3218
28.8332 80.4066
28.8335 80.4808
28.8338 80.5457
28.8341 80.6025
28.8344 80.6522
28.8349 80.6956
28.8353 80.7337
28.8356 80.767
28.8359 80.6711
28.8365 80.7122
28.8368 80.7482
28.8371 80.7797
28.8374 80.8072
28.8377 80.8313
28.838 80.8524
28.8383 80.8708
28.8386 80.887
28.8389 80.7761
28.8392 80.8041
28.8395 80.8286
28.8398 80.725
28.8401 80.7594
28.8404 80.7895
28.8407 80.8158
28.841 80.8388
28.8413 80.859
28.8416 80.8766
28.8419 80.767
28.8422 80.7961
28.8425 80.8216
28.8428 80.7189
28.8433 80.754
28.8437 80.7848
28.844 80.8117
28.8443 80.8352
28.8446 80.8558
28.8449 80.7488
28.8452 80.7802
28.8455 80.8077
28.8458 80.7067
28.8464 80.7434
28.8467 80.7755
28.847 80.8035
28.8473 80.8281
28.8479 80.8496
28.8484 80.8684
28.9086 88.2598
28.9094 87.3524
28.9098 86.5583
28.9101 85.8635
28.9104 85.2556
28.9107 84.7236
28.911 84.2582
28.9113 83.8509
28.9116 83.4945
28.9119 83.0577
28.9122 82.8005
28.9125 82.5754
28.9131 82.5035
28.9134 82.3156
28.9137 82.1511
28.914 82.0072
28.9143 81.8813
28.9146 81.7712
28.9149 81.5498
28.9154 81.481
28.9158 81.4209
28.9161 81.3683
28.9164 81.3223
28.917 81.407
28.9173 81.3561
28.9176 81.3116
28.9179 81.1476
28.9182 81.1292
28.9185 81.113
28.9188 80.9739
28.9191 80.9772
28.9194 80.98
28.9197 80.9825
28.92 80.9847
28.9203 80.9866
28.9206 80.9883
28.9209 80.8648
28.9212 80.8817
28.9215 80.8965
28.9218 80.7844
28.9221 80.8113
28.9224 80.8349
28.9227 80.8556
28.923 80.8736
28.9233 80.8894
28.9238 80.9032
28.9242 80.9153
28.9245 80.9259
28.9248 80.8102
28.9251 80.8339
28.9254 80.8547
28.9257 80.8728
28.926 80.8887
28.9263 80.9026
28.9269 80.9148
28.9272 80.9255
28.9275 80.9348
28.9278 80.8179
28.9284 80.8407
28.9289 80.8606
28.9894 88.378
28.9902 87.5808
28.9906 86.7582
28.9909 86.0384
28.9912 85.4086
28.9915 84.8575
28.9918 84.3753
28.9921 83.9534
28.9924 83.5842
28.9927 83.2612
28.993 83.1036
28.9933 82.8406
28.9939 82.6105
28.9942 82.4092
28.9945 82.2331
28.9948 82.0789
28.9951 81.9441
28.9954 81.8261
28.9957 81.7228
28.9962 81.7574
28.9966 81.6628
28.9969 81.5799
28.9972 81.5074
28.9978 81.444
28.9981 81.3885
28.9984 81.3399
28.9987 81.2974
28.999 81.3853
28.9993 81.3371
28.9996 81.295
28.9999 81.2581
29.0002 81.2258
29.0005 81.1976
29.0008 81.1729
29.0011 81.1513
29.0014 81.1324
29.0017 81.1158
29.002 81.2263
29.0023 81.1981
29.0026 81.1733
29.0029 81.1516
29.0032 81.1327
29.0035 81.1161
29.0038 81.1016
29.0041 81.0889
29.0046 81.0778
29.005 81.1931
29.0053 81.1689
29.0056 81.1478
29.0059 81.1293
29.0062 81.1132
29.0065 81.099
29.0068 81.0866
29.0071 81.0758
29.0076 81.0663
29.008 81.183
29.0083 81.1602
29.0086 81.1401
29.0091 81.2476
29.0095 81.2167
29.0101 81.3146
29.0705 81.2753
29.0713 81.2409
29.0717 81.2107
29.072 81.3094
29.0723 81.2707
29.0726 81.2369
29.0729 81.2073
29.0732 81.1814
29.0735 81.1587
29.0738 81.1389
29.0741 81.1215
29.0744 81.1063
29.075 81.218
29.0753 81.1908
29.0756 81.1669
29.0759 81.1461
29.0762 81.1278
29.0765 81.1118
29.0768 81.0978
29.0773 81.0856
29.0777 81.0749
29.078 81.1905
29.0783 81.1667
29.0789 81.1459
29.0792 81.1277
29.0795 81.1117
29.0798 81.0977
29.0801 81.0855
29.0804 81.0748
29.0807 81.0655
29.081 81.1823
29.0813 81.1595
29.0816 81.1396
29.0819 81.1221
29.0822 81.1069
29.0825 81.0935
29.0828 81.0818
29.0831 81.0716
29.0834 81.0626
29.0837 81.0548
29.084 81.173
29.0843 81.1513
29.0846 81.1324
29.0849 81.1159
29.0852 81.1014
29.0857 81.0887
29.0861 81.0776
29.0864 81.0679
29.0867 81.0594
29.087 81.177
29.0873 81.1549
29.0876 81.1355
29.0879 81.1186
29.0882 81.1038
29.0887 81.0908
29.0891 81.0794
29.0894 81.0695
29.0897 81.0608
29.0902 81.0532
29.0906 81.0466
29.0912 81.0407
29.1519 81.0356
29.1527 81.0312
29.1531 81.1523
29.1534 81.1333
29.1537 81.1166
29.154 81.227
29.1543 81.3236
29.1546 81.2832
29.1549 81.2478
29.1552 81.3418
29.1555 81.2991
29.1558 81.2617
29.1564 81.229
29.1567 81.2004
29.157 81.3003
29.1573 81.3878
29.1576 81.3393
29.1579 81.2969
29.1582 81.3848
29.1587 81.3367
29.1591 81.4196
29.1594 81.3671
29.1597 81.3213
29.1603 81.4061
29.1606 81.3553
29.1609 81.3109
29.1612 81.3971
29.1615 81.3474
29.1618 81.304
29.1621 81.391
29.1624 81.3421
29.1627 81.2994
29.163 81.3869
29.1633 81.4636
29.1636 81.4056
29.1639 81.3549
29.1642 81.4356
29.1645 81.5061
29.1648 81.4428
29.1651 81.5125
29.1654 81.5734
29.1657 81.5017
29.166 81.564
29.1663 81.6185
29.1666 81.6662
29.1669 81.5829
29.1675 81.6351
29.1678 81.5557
29.1681 81.6112
29.1684 81.6598
29.1687 81.5773
29.169 81.6302
29.1693 81.6764
29.1696 81.7168
29.1699 81.6272
29.1705 81.6738
29.1708 81.5896
29.1711 81.6409
29.1715 81.6858
29.1721 81.7251
29.1725 81.7594
29.2333 89.2895
29.2341 88.5033
29.2345 87.6904
29.2348 86.8541
29.2351 86.2473
29.2354 85.7164
29.2357 85.1269
29.236 84.736
29.2363 84.394
29.2366 84.0948
29.2369 83.7079
29.2372 83.4944
29.2378 83.3076
29.2381 83.1442
29.2384 83.0011
29.2387 82.751
29.239 82.6571
29.2393 82.575
29.2396 82.5031
29.2401 82.4402
29.2405 82.3852
29.2408 82.212
29.2411 82.1855
29.2417 82.1623
29.242 82.1421
29.2423 82.1243
29.2426 82.1088
29.2429 81.9702
29.2432 81.9739
29.2435 81.9772
29.2438 81.855
29.2441 81.8731
29.2444 81.889
29.2447 81.7779
29.245 81.8056
29.2453 81.8299
29.2456 81.8512
29.2459 81.7448
29.2462 81.7767
29.2465 81.8046
29.2469 81.704
29.2472 81.741
29.2475 81.7734
29.2478 81.6767
29.2481 81.7171
29.2484 81.7525
29.249 81.7834
29.2493 81.8105
29.2496 81.8342
29.2499 81.7299
29.2502 81.7637
29.2505 81.7932
29.2508 81.6941
29.2511 81.7323
29.2514 81.7658
29.252 81.795
29.2523 81.8207
29.2526 81.8431
29.2529 81.7377
29.2535 81.7705
29.2539 81.6742
29.3149 89.2149
29.3156 88.313
29.3161 87.5239
29.3164 86.8334
29.3167 86.2292
29.317 85.5756
29.3173 85.1286
29.3176 84.7376
29.3179 84.2704
29.3182 83.9866
29.3185 83.7382
29.3188 83.521
29.3194 83.3308
29.3197 83.1645
29.32 82.8939
29.3203 82.7822
29.3206 82.6844
29.3209 82.4739
29.3212 82.4146
29.3217 82.3628
29.3221 82.3174
29.3224 82.2778
29.3227 82.243
29.3233 82.2127
29.3236 82.1861
29.3239 82.0378
29.3242 82.0331
29.3245 82.029
29.3248 82.0253
29.3251 82.0222
29.3254 82.0194
29.3257 82.017
29.326 82.0148
29.3263 82.013
29.3266 82.0114
29.3269 81.8849
29.3272 81.8993
29.3275 81.9119
29.3278 81.9229
29.3281 81.9326
29.3284 81.941
29.3287 81.9484
29.329 81.9548
29.3293 81.9605
29.3296 81.9654
29.3299 81.8447
29.3305 81.8641
29.3308 81.8811
29.3311 81.896
29.3314 81.909
29.3317 81.9204
29.332 81.9303
29.3323 81.939
29.3326 81.9466
29.3329 81.8283
29.3334 81.8498
29.3338 81.8686
29.3341 81.885
29.3344 81.8994
29.3349 81.9119
29.3353 81.9229
29.3359 81.9326
29.3969 81.941
29.3977 81.9484
29.398 81.8298
29.3983 81.8511
29.3986 81.8697
29.3989 81.886
29.3992 81.9002
29.3995 81.9127
29.3998 81.9236
29.4001 81.9332
29.4004 81.9415
29.4008 81.9488
29.4013 81.9552
29.4016 81.9608
29.4019 81.9657
29.4022 81.97
29.4025 81.9738
29.4028 81.977
29.4031 81.9799
29.4037 81.9824
29.404 81.8596
29.4043 81.8772
29.4047 81.8925
29.4052 81.906
29.4055 81.9177
29.4058 81.928
29.4061 81.937
29.4064 81.9449
29.4067 81.9518
29.407 81.8328
29.4073 81.8537
29.4076 81.872
29.4079 81.763
29.4082 81.7926
29.4085 81.8185
29.4088 81.8412
29.4091 81.8611
29.4094 81.8784
29.4097 81.8936
29.41 81.7819
29.4103 81.8092
29.4106 81.833
29.4109 81.7289
29.4112 81.7628
29.4115 81.7924
29.4119 81.8184
29.4124 81.8411
29.4127 81.861
29.413 81.7533
29.4133 81.7842
29.4136 81.8111
29.4139 81.7097
29.4142 81.746
29.4145 81.7778
29.4148 81.8056
29.4154 81.8299
29.4157 81.8511
29.416 81.7447
29.4163 81.7766
29.4169 81.8046
29.4173 81.829
29.4179 81.8504
29.4791 81.9941
29.4798 81.9948
29.4801 82.1205
29.4804 82.1054
29.4807 82.0922
29.481 82.2057
29.4813 82.18
29.4816 82.1575
29.4819 82.1378
29.4822 82.1206
29.4825 82.1055
29.483 82.0923
29.4834 82.0808
29.4837 82.0707
29.484 82.1868
29.4843 82.1635
29.4846 82.1431
29.4849 82.1252
29.4852 82.1095
29.4858 82.0958
29.4861 82.2089
29.4864 82.1827
29.4869 82.1599
29.4873 82.1399
29.4876 82.1224
29.4879 82.1071
29.4882 82.0937
29.4885 82.082
29.4888 82.0718
29.4891 82.1878
29.4894 82.1643
29.4897 82.1438
29.49 82.2508
29.4903 82.2195
29.4906 82.192
29.4909 82.168
29.4912 82.147
29.4915 82.1286
29.4918 82.1126
29.4921 82.2235
29.4924 82.1956
29.4927 82.1711
29.493 82.2747
29.4933 82.2404
29.4936 82.2103
29.4941 82.309
29.4945 82.2704
29.4948 82.2366
29.4951 82.332
29.4954 82.2905
29.4957 82.2542
29.496 82.3474
29.4963 82.304
29.4966 82.266
29.4969 82.2328
29.4974 82.3287
29.4978 82.2876
29.4981 82.3766
29.4984 82.4545
29.4989 82.3977
29.4993 82.473
29.4999 82.4139
29.5614 90.1121
29.5621 89.2231
29.5626 88.4452
29.5629 87.6396
29.5632 87.0596
29.5635 86.5522
29.5638 85.9832
29.5641 85.6103
29.5644 85.284
29.5647 84.9985
29.565 84.6237
29.5653 84.4207
29.5659 84.2431
29.5662 84.0877
29.5665 83.9518
29.5668 83.7078
29.5671 83.6193
29.5674 83.5419
29.5677 83.4742
29.5681 83.4149
29.5686 83.363
29.5689 83.1927
29.5692 83.1686
29.5698 83.1475
29.5701 83.1291
29.5704 83.1129
29.5707 83.0988
29.571 82.9615
29.5713 82.9663
29.5716 82.9705
29.5719 82.8492
29.5722 82.868
29.5725 82.8845
29.5728 82.774
29.5731 82.8022
29.5734 82.8269
29.5737 82.8486
29.574 82.7425
29.5743 82.7747
29.5746 82.8028
29.5749 82.7025
29.5752 82.7397
29.5755 82.7722
29.5758 82.6757
29.5761 82.7162
29.5764 82.7517
29.577 82.6577
29.5773 82.7005
29.5776 82.738
29.5779 82.6457
29.5782 82.69
29.5785 82.7287
29.5788 82.6377
29.5791 82.6829
29.5794 82.7226
29.5797 82.7573
29.5803 82.7876
29.5806 82.8141
29.5809 82.7124
29.5812 82.7483
29.5818 82.7798
29.5822 82.8073
29.6438 90.4564
29.6446 89.5243
29.645 88.7088
29.6453 87.9952
29.6456 87.3708
29.6459 86.6995
29.6462 86.237
29.6465 85.8324
29.6468 85.3533
29.6471 85.0592
29.6474 84.8018
29.6477 84.5766
29.6483 84.3795
29.6486 84.207
29.6489 83.9312
29.6492 83.8148
29.6495 83.7129
29.6498 83.4988
29.6501 83.4365
29.6506 83.3819
29.651 83.3342
29.6513 83.2924
29.6516 83.2558
29.6522 83.2239
29.6525 83.1959
29.6528 83.0464
29.6531 83.0406
29.6534 83.0355
29.6537 83.0311
29.654 83.0272
29.6543 83.0238
29.6546 83.0208
29.6549 82.8932
29.6552 82.9066
29.6555 82.9182
29.6558 82.8035
29.6561 82.828
29.6564 82.8495
29.6567 82.8683
29.657 82.8848
29.6573 82.8992
29.6576 82.9118
29.6579 82.7978
29.6582 82.8231
29.6585 82.8452
29.6588 82.7396
29.6594 82.7721
29.6598 82.8006
29.6601 82.8255
29.6604 82.8473
29.6607 82.8664
29.661 82.7581
29.6613 82.7883
29.6616 82.8148
29.6619 82.713
29.6622 82.7488
29.6628 82.7802
29.6631 82.8077
29.6634 82.8317
29.6637 82.8528
29.6643 82.8712
29.6647 82.8873
29.6652 82.9014
29.7267 82.9137
29.7275 82.9245
29.7278 82.8089
29.7281 82.8328
29.7284 82.8537
29.7287 82.872
29.729 82.763
29.7293 82.7926
29.7296 82.8185
29.7299 82.7162
29.7302 82.7517
29.7306 82.7827
29.7311 82.8099
29.7314 82.8337
29.7317 82.8544
29.732 82.7476
29.7323 82.7792
29.7326 82.8068
29.7329 82.7059
29.7335 82.7427
29.7338 82.6499
29.7341 82.6936
29.7345 82.7319
29.735 82.7654
29.7353 82.7948
29.7356 82.8204
29.7359 82.7179
29.7362 82.7531
29.7365 82.784
29.7368 82.686
29.7371 82.7252
29.7374 82.7596
29.7377 82.7896
29.738 82.8159
29.7383 82.8389
29.7386 82.8591
29.7389 82.7517
29.7392 82.7827
29.7395 82.8099
29.7398 82.7086
29.7401 82.7451
29.7404 82.7769
29.7407 82.8048
29.741 82.8292
29.7413 82.8506
29.7418 82.8692
29.7422 82.8856
29.7425 82.8999
29.7428 82.7874
29.7431 82.814
29.7434 82.8372
29.7437 82.8576
29.744 82.8754
29.7443 82.891
29.7446 82.9046
29.7451 82.9165
29.7455 82.9269
29.7458 82.8111
29.7461 82.8347
29.7466 82.8554
29.747 82.8734
29.7476 82.8893
29.7481 82.9031
29.8098 82.9152
29.8106 82.9258
29.8109 82.9351
29.8112 82.9432
29.8115 82.9503
29.8118 82.9565
29.8121 83.0869
29.8124 83.0761
29.8127 83.0666
29.813 83.0582
29.8133 83.051
29.8137 83.0446
29.8142 83.039
29.8145 83.0341
29.8148 83.0299
29.8151 83.1511
29.8154 83.1322
29.8157 83.1157
29.816 83.1012
29.8166 83.0886
29.8169 83.0775
29.8172 83.0678
29.8176 83.0593
29.8181 83.0519
29.8184 83.0454
29.8187 83.0398
29.819 83.0348
29.8193 83.0304
29.8196 83.0266
29.8199 83.0233
29.8202 83.0204
29.8205 83.0178
29.8208 83.0156
29.8211 83.0137
29.8214 83.012
29.8217 83.0105
29.822 83.0091
29.8223 83.008
29.8226 83.007
29.8229 83.0061
29.8232 83.0054
29.8235 83.0047
29.8238 83.0041
29.8241 83.0036
29.8244 83.0031
29.8248 83.0027
29.8253 83.0024
29.8256 83.0021
29.8259 83.0018
29.8262 83.0016
29.8265 83.0014
29.8268 83.0012
29.8271 83.0011
29.8274 83.0009
29.8277 83.0008
29.8281 83.0007
29.8286 83.0006
29.8289 83.0006
29.8292 83.0005
29.8296 83.0004
29.8301 83.0004
29.8307 83.0003
29.8311 83.0003
29.8932 83.1252
29.8939 83.1096
29.8942 83.2209
29.8945 83.1933
29.8948 83.1691
29.8951 83.273
29.8954 83.3639
29.8957 83.3184
29.896 83.4036
29.8963 83.4781
29.8966 83.5434
29.8969 83.4754
29.8975 83.541
29.8978 83.4734
29.8981 83.5392
29.8984 83.5968
29.8987 83.5222
29.899 83.5819
29.8993 83.6342
29.8998 83.6799
29.9002 83.7199
29.9005 83.7549
29.9008 83.6606
29.9014 83.703
29.9017 83.6151
29.902 83.6632
29.9023 83.7053
29.9026 83.7422
29.9029 83.6494
29.9032 83.6932
29.9035 83.7316
29.9038 83.6401
29.9041 83.6851
29.9044 83.7245
29.9047 83.6339
29.905 83.6797
29.9053 83.7197
29.9056 83.7547
29.9059 83.6604
29.9062 83.7028
29.9065 83.74
29.9068 83.6475
29.9071 83.6916
29.9074 83.7301
29.9077 83.6388
29.908 83.684
29.9086 83.7235
29.9089 83.6331
29.9092 83.6789
29.9095 83.7191
29.9098 83.6292
29.9101 83.6755
29.9104 83.7161
29.9107 83.6266
29.911 83.6733
29.9113 83.7141
29.9119 83.6248
29.9122 83.6717
29.9125 83.7128
29.9128 83.6237
29.9134 83.6707
29.9139 83.5869
29.9143 83.6385
29.9765 91.3087
29.9773 90.3951
29.9776 89.5957
29.9779 88.7713
29.9782 88.1748
29.9785 87.653
29.9788 87.0714
29.9791 86.6874
29.9794 86.3515
29.9797 85.9326
29.98 85.566
29.9803 85.3703
29.9809 85.199
29.9812 85.0491
29.9815 84.918
29.9818 84.6782
29.9821 84.5934
29.9824 84.5193
29.9827 84.3293
29.9831 84.2882
29.9834 84.2522
