0.0 5792
20.1446 7240
20.1452 8688
20.2177 10136
20.2183 11584
20.2189 13032
20.2915 14480
20.2919 15928
20.2925 17376
20.2928 18824
20.3657 20272
20.3661 21720
20.3666 23168
20.367 24616
20.3673 26064
20.3676 27512
20.4403 28960
20.4409 30408
20.4412 31856
20.4415 33304
20.4421 34752
20.4424 36200
20.4427 37648
20.443 39096
20.4435 40544
20.5162 41992
20.5166 43440
20.5172 44888
20.5175 46336
20.5178 47784
20.5183 49232
20.5187 50680
20.519 52128
20.5193 53576
20.5196 55024
20.5202 56472
20.5205 57920
20.521 59368
20.5217 60816
20.5938 62264
20.5941 63712
20.5947 65160
20.595 66608
20.5953 68056
20.5956 69504
20.5962 70952
20.5965 72400
20.5968 73848
20.5971 75296
20.5974 76744
20.5977 78192
20.5982 79640
20.5986 81088
20.5989 82536
20.5995 83984
20.5998 85432
20.6003 86880
20.6009 88328
20.6015 89776
20.6021 91224
20.6737 92672
20.6742 94120
20.6746 95568
20.6749 97016
20.6752 98464
20.6755 99912
20.676 101360
20.6764 102808
20.6767 104256
20.677 105704
20.6773 107152
20.6776 108600
20.6779 110048
20.6782 111496
20.6785 112944
20.6791 114392
20.6794 115840
20.6799 117288
20.6803 118736
20.6806 120184
20.6809 121632
20.6812 123080
20.6818 124528
20.6824 125976
20.6827 127424
20.6833 128872
20.6836 130320
20.6842 131768
20.6847 133216
20.6853 134664
20.6859 136112
20.7566 137560
20.7569 139008
20.7574 140456
20.7578 141904
20.7581 143352
20.7584 144800
20.7587 146248
20.759 147696
20.7595 149144
20.7599 150592
20.7602 152040
20.7606 153488
20.7609 154936
20.7612 156384
20.7615 157832
20.7618 159280
20.7621 160728
20.7627 162176
20.763 163624
20.7633 165072
20.7636 166520
20.764 167968
20.7645 169416
20.7648 170864
20.7651 172312
20.7654 173760
20.766 175208
20.7663 176656
20.7666 178104
20.7672 179552
20.7675 181000
20.7678 182448
20.7684 183896
20.7687 185344
20.769 186792
20.7696 188240
20.7699 189688
20.7703 191136
20.7708 192584
20.7712 194032
20.7717 195480
20.7721 196928
20.7726 198376
20.8433 195480
20.8435 188240
20.8436 187438
20.8438 186688
20.8439 185938
20.8444 185188
20.8445 184438
20.8447 180792
20.8448 180042
20.845 179292
20.8451 178542
20.8453 177792
20.8454 177042
20.8456 176292
20.8457 175542
20.8459 174792
20.846 174042
20.8465 173292
20.8466 172542
20.8468 168896
20.8469 168146
20.8471 167396
20.8472 166646
20.8474 165895
20.8475 165145
20.8477 164395
20.8478 163645
20.848 162895
20.8481 162145
20.8483 161395
20.8484 159280
20.8486 157832
20.849 156384
20.8492 154936
20.8493 150592
20.8495 149144
20.8496 147696
20.8498 146248
20.8499 144800
20.8501 143352
20.8502 141904
20.8504 140456
20.8505 139008
20.851 137560
20.8511 136112
20.8513 131768
20.8514 130320
20.8516 128872
20.8517 127424
20.8519 125976
20.8523 124528
20.8525 123080
20.8526 118736
20.8528 117288
20.8529 115840
20.8531 114392
20.8532 112944
20.8534 111496
20.8538 110048
20.854 108867
20.8541 105221
20.8543 102808
20.8544 101360
20.8546 99912
20.855 98464
20.8552 97016
20.8553 94120
20.8565 91224
20.8576 88328
20.8585 85432
20.8597 82536
20.8601 79640
20.8619 76744
20.8621 62264
20.9133 59368
20.9136 97016
20.9779 97037
20.9785 97058
20.9788 97079
20.9791 97100
20.9794 97121
20.9798 97142
20.9806 97163
20.981 97184
20.9818 97205
20.9824 97226
20.9827 97247
20.983 97268
20.9836 97289
20.9839 97310
20.9842 97331
20.9846 97352
20.9851 97373
20.9854 97394
20.9859 97415
20.9863 97436
20.9866 97457
20.9871 97478
20.9875 97499
20.988 97520
20.9884 97541
20.989 97562
20.9908 97583
20.9911 97604
20.9917 97625
21.0425 97646
21.0429 97667
21.0434 97688
21.0437 97709
21.044 97730
21.0446 97751
21.0449 97772
21.0452 97793
21.0455 97814
21.0459 97835
21.0467 97856
21.0471 97877
21.0479 97898
21.0485 97919
21.0488 97940
21.0491 97961
21.0497 97982
21.05 98003
21.0503 98024
21.0507 98045
21.0512 98066
21.0515 98087
21.0519 98108
21.0524 98129
21.0527 98150
21.0531 98171
21.0536 98192
21.054 98213
21.0545 98234
21.0551 98255
21.0569 98276
21.0572 98297
21.0578 98318
21.1086 98339
21.109 98360
21.1095 98381
21.1098 98402
21.1101 98423
21.1107 98444
21.111 98465
21.1113 98486
21.1116 98507
21.112 98528
21.1128 98549
21.1132 98570
21.114 98591
21.1146 98612
21.1149 98633
21.1152 98654
21.1158 98675
21.1161 98696
21.1164 98717
21.1168 98738
21.1173 98759
21.1176 98780
21.118 98801
21.1185 98822
21.1188 98843
21.1192 98864
21.1197 98885
21.1201 98906
21.1206 98927
21.1212 98948
21.123 98969
21.1233 98990
21.1239 99011
21.1748 99032
21.1753 99053
21.1757 99074
21.176 99095
21.1763 99116
21.1769 99137
21.1772 99158
21.1775 99179
21.1778 99200
21.1783 99221
21.1787 99242
21.1793 99263
21.1799 99284
21.1805 99305
21.1811 99326
21.1814 99347
21.1817 99368
21.1823 99389
21.1826 99410
21.1829 99431
21.1834 99452
21.1838 99473
21.1841 99494
21.1846 99515
21.185 99536
21.1853 99557
21.1858 99578
21.1862 99599
21.1868 99620
21.1871 99641
21.1877 99662
21.1895 99683
21.19 99704
21.1904 99725
21.2415 99746
21.2419 99767
21.2424 99788
21.2427 99809
21.243 99830
21.2436 99851
21.2439 99871
21.2442 99891
21.2445 99911
21.2449 99931
21.2454 99951
21.246 99971
21.2466 99991
21.2472 100011
21.2478 100031
21.2481 100051
21.2484 100071
21.249 100091
21.2493 100111
21.2496 100131
21.2501 100151
21.2505 100171
21.2508 100191
21.2513 100211
21.2517 100231
21.252 100251
21.2525 100271
21.2529 100291
21.2535 100311
21.2538 100331
21.2544 100351
21.2562 100371
21.2567 100391
21.2571 100411
21.3083 100431
21.3088 100451
21.3092 100471
21.3095 100491
21.3098 100511
21.3104 100531
21.3107 100551
21.311 100571
21.3113 100591
21.3118 100611
21.3122 100631
21.3128 100651
21.3133 100671
21.314 100691
21.3146 100711
21.3149 100731
21.3152 100751
21.3158 100771
21.3161 100791
21.3164 100811
21.3169 100831
21.3173 100851
21.3176 100871
21.3181 100891
21.3185 100911
21.3188 100931
21.3193 100951
21.3197 100971
21.3202 100991
21.3206 101011
21.3212 101031
21.323 101051
21.3233 101071
21.324 101091
21.375 101111
21.3755 101131
21.3759 101151
21.3762 101171
21.3765 101191
21.3771 101211
21.3774 101231
21.3777 101251
21.378 101271
21.3785 101291
21.3789 101311
21.3795 101331
21.38 101351
21.3807 101371
21.3813 101391
21.3816 101411
21.3819 101431
21.3825 101451
21.3828 101471
21.3831 101491
21.3836 101511
21.384 101531
21.3843 101551
21.3848 101571
21.3852 101591
21.3855 101611
21.386 101631
21.3864 101651
21.3869 101671
21.3873 101691
21.3879 101711
21.3897 101731
21.39 101751
21.3906 101771
21.4419 101791
21.4423 101811
21.4428 101831
21.4431 101851
21.4434 101871
21.444 101891
21.4443 101911
21.4446 101931
21.4449 101951
21.4453 101971
21.4458 101991
21.4464 102011
21.4468 102031
21.4476 102051
21.4479 102071
21.4485 102091
21.4488 102111
21.4491 102131
21.4497 102151
21.45 102171
21.4503 102191
21.4507 102211
21.4512 102231
21.4515 102251
21.4519 102271
21.4524 102291
21.4527 102311
21.4531 102331
21.4536 102351
21.4542 102371
21.4545 102391
21.4551 102411
21.4569 102431
21.4573 102451
21.4578 102471
21.5091 102491
21.5096 102511
21.51 102531
21.5103 102551
21.5106 102571
21.5113 102591
21.5116 102611
21.5119 102631
21.5122 102651
21.5126 102671
21.5131 102691
21.5137 102711
21.5141 102731
21.5149 102751
21.5152 102771
21.5158 102791
21.5161 102811
21.5164 102831
21.517 102851
21.5173 102871
21.5176 102891
21.518 102911
21.5185 102931
21.5188 102951
21.5192 102971
21.5197 102991
21.52 103011
21.5204 103031
21.5209 103051
21.5215 103071
21.5218 103091
21.5224 103111
21.5242 103131
21.5246 103151
21.5251 103171
21.5766 103191
21.577 103211
21.5775 103231
21.5778 103251
21.5781 103271
21.5787 103291
21.579 103311
21.5793 103331
21.5796 103351
21.58 103371
21.5805 103391
21.5811 103411
21.5815 103431
21.5823 103451
21.5826 103471
21.5832 103491
21.5835 103511
21.5838 103531
21.5844 103551
21.5847 103571
21.585 103591
21.5854 103611
21.5859 103631
21.5862 103651
21.5867 103671
21.5871 103691
21.5874 103711
21.5879 103731
21.5883 103751
21.5888 103771
21.5892 103791
21.5898 103811
21.5916 103831
21.5919 103851
21.5925 103871
21.6439 103891
21.6443 103911
21.6448 103931
21.6451 103951
21.6454 103971
21.646 103991
21.6463 104011
21.6466 104031
21.6469 104051
21.6473 104071
21.6478 104091
21.6484 104111
21.6488 104131
21.6496 104151
21.6499 104171
21.6505 104191
21.6508 104211
21.6511 104231
21.6517 104251
21.652 104271
21.6523 104291
21.6527 104311
21.6532 104331
21.6535 104351
21.6539 104371
21.6544 104391
21.6547 104411
21.6551 104431
21.6556 104451
21.656 104471
21.6565 104491
21.6571 104511
21.6589 104531
21.6592 104551
21.6598 104571
21.7113 104591
21.7118 104611
21.7122 104631
21.7125 104651
21.7128 104671
21.7134 104691
21.7137 104711
21.714 104731
21.7143 104751
21.7148 104771
21.7152 104791
21.7158 104811
21.7163 104831
21.717 104851
21.7173 104870
21.7179 104889
21.7182 104908
21.7185 104927
21.7191 104946
21.7194 104965
21.7197 104984
21.72 105003
21.7205 105022
21.7209 105041
21.7212 105060
21.7217 105079
21.7221 105098
21.7224 105117
21.7229 105136
21.7233 105155
21.7239 105174
21.7242 105193
21.7248 105212
21.7266 105231
21.7271 105250
21.7275 105269
21.7792 105288
21.7797 105307
21.7801 105326
21.7804 105345
21.7807 105364
21.7813 105383
21.7816 105402
21.7819 105421
21.7822 105440
21.7827 105459
21.7831 105478
21.7837 105497
21.7842 105516
21.7849 105535
21.7852 105554
21.7858 105573
21.7861 105592
21.7864 105611
21.787 105630
21.7873 105649
21.7876 105668
21.7879 105687
21.7884 105706
21.7888 105725
21.7891 105744
21.7896 105763
21.79 105782
21.7903 105801
21.7908 105820
21.7912 105839
21.7918 105858
21.7921 105877
21.7927 105896
21.7945 105915
21.795 105934
21.7954 105953
21.8436 105972
21.8439 105991
21.8442 106010
21.8445 106029
21.8448 106048
21.8451 106067
21.8454 106086
21.8457 106105
21.846 106124
21.8465 106143
21.8469 106162
21.8472 106181
21.8477 106200
21.8481 106219
21.8484 106238
21.8487 106257
21.849 106276
21.8494 106295
21.8497 106314
21.85 106333
21.8503 106352
21.8506 106371
21.8509 106390
21.8512 106409
21.8515 106428
21.8518 106447
21.8521 106466
21.8524 106485
21.8527 106504
21.853 106523
21.8534 106542
21.8539 106561
21.8542 106580
21.8548 106599
21.8551 106618
21.8557 106637
21.8961 106656
21.8964 106675
21.8967 106694
21.897 106713
21.8973 106732
21.8976 106751
21.8979 106770
21.8982 106789
21.8985 106808
21.8989 106827
21.8994 106846
21.8997 106865
21.9001 106884
21.9006 106903
21.9009 106922
21.9012 106941
21.9015 106960
21.9018 106979
21.9021 106998
21.9024 107017
21.9027 107036
21.903 107055
21.9033 107074
21.9036 107093
21.9039 107112
21.9042 107131
21.9045 107150
21.9048 107169
21.9051 107188
21.9054 107207
21.9058 107226
21.9063 107245
21.9066 107264
21.9072 107283
21.9075 107302
21.9081 107321
21.9485 107340
21.9488 107359
21.9491 107378
21.9494 107397
21.9497 107416
21.95 107435
21.9503 107454
21.9506 107473
21.9509 107492
21.9513 107511
21.9518 107530
21.9521 107549
21.9525 107568
21.953 107587
21.9533 107606
21.9536 107625
21.9539 107644
21.9542 107663
21.9545 107682
21.9548 107701
21.9551 107720
21.9554 107739
21.9557 107758
21.956 107777
21.9563 107796
21.9566 107815
21.9569 107834
21.9572 107853
21.9575 107872
21.9578 107891
21.9582 107910
21.9587 107929
21.959 107948
21.9593 107967
21.9599 107986
21.9603 108005
21.9608 108024
22.0014 108043
22.0017 108062
22.002 108081
22.0023 108100
22.0026 108119
22.0029 108138
22.0032 108157
22.0035 108176
22.0038 108195
22.0042 108214
22.0047 108233
22.005 108252
22.0054 108271
22.0059 108290
22.0062 108309
22.0065 108328
22.0068 108347
22.0071 108366
22.0074 108385
22.0077 108404
22.008 108423
22.0083 108442
22.0086 108461
22.0089 108480
22.0092 108499
22.0095 108518
22.0098 108537
22.0101 108556
22.0104 108575
22.0107 108594
22.0111 108613
22.0116 108632
22.0119 108651
22.0122 108670
22.0128 108689
22.0132 108708
22.0137 108727
22.0544 108746
22.0547 108765
22.055 108784
22.0553 108803
22.0556 108822
22.0559 108841
22.0562 108860
22.0565 108879
22.0568 108898
22.0572 108917
22.0577 108936
22.058 108955
22.0584 108974
22.0589 108993
22.0592 109012
22.0595 109031
22.0598 109050
22.0601 109069
22.0604 109088
22.0607 109107
22.061 109126
22.0613 109145
22.0616 109164
22.0619 109183
22.0622 109202
22.0625 109221
22.0628 109240
22.0631 109259
22.0634 109278
22.0637 109297
22.0641 109316
22.0646 109335
22.0649 109354
22.0652 109373
22.0658 109392
22.0661 109411
22.0667 109430
22.1072 109449
22.1075 109468
22.1078 109487
22.1081 109506
22.1084 109525
22.1087 109544
22.109 109563
22.1093 109582
22.1096 109601
22.1101 109620
22.1105 109639
22.1108 109658
22.1113 109677
22.1117 109696
22.112 109715
22.1124 109734
22.1127 109753
22.113 109772
22.1133 109791
22.1136 109810
22.1139 109829
22.1142 109848
22.1145 109867
22.1148 109886
22.1151 109905
22.1154 109924
22.1157 109943
22.116 109962
22.1163 109981
22.1166 110000
22.117 110019
22.1175 110038
22.1178 110057
22.1181 110076
22.1187 110095
22.119 110114
22.1196 110133
22.1604 110152
22.1607 110171
22.161 110190
22.1613 110209
22.1616 110228
22.1619 110247
22.1622 110266
22.1625 110285
22.1628 110304
22.1633 110323
22.1639 110342
22.1642 110361
22.1646 110379
22.1651 110397
22.1654 110415
22.1657 110433
22.166 110451
22.1663 110469
22.1666 110487
22.1669 110505
22.1672 110523
22.1675 110541
22.1678 110559
22.1681 110577
22.1684 110595
22.1687 110613
22.169 110631
22.1693 110649
22.1696 110667
22.1699 110685
22.1703 110703
22.1708 110721
22.1711 110739
22.1714 110757
22.1718 110775
22.1723 110793
22.1727 110811
22.1732 110829
22.2142 110847
22.2145 110865
22.2148 110883
22.2151 110901
22.2154 110919
22.2157 110937
22.216 110955
22.2163 110973
22.2166 110991
22.2172 111009
22.2178 111027
22.2181 111045
22.2185 111063
22.219 111081
22.2193 111099
22.2196 111117
22.2199 111135
22.2202 111153
22.2205 111171
22.2208 111189
22.2211 111207
22.2214 111225
22.2217 111243
22.222 111261
22.2223 111279
22.2226 111297
22.2229 111315
22.2232 111333
22.2235 111351
22.2238 111369
22.2242 111387
22.2247 111405
22.225 111423
22.2253 111441
22.2258 111459
22.2262 111477
22.2267 111495
22.2271 111513
22.2681 111531
22.2684 111549
22.2687 111567
22.269 111585
22.2693 111603
22.2696 111621
22.2699 111639
22.2702 111657
22.2705 111675
22.2711 111693
22.2717 111711
22.272 111729
22.2725 111747
22.2729 111765
22.2732 111783
22.2735 111801
22.2738 111819
22.2741 111837
22.2744 111855
22.2747 111873
22.275 111891
22.2753 111909
22.2756 111927
22.2759 111945
22.2762 111963
22.2765 111981
22.2768 111999
22.2771 112017
22.2774 112035
22.2777 112053
22.2782 112071
22.2786 112089
22.2789 112107
22.2792 112125
22.2797 112143
22.2801 112161
22.2806 112179
22.281 112197
22.3226 112215
22.3229 112233
22.3232 112251
22.3235 112269
22.3238 112287
22.3241 112305
22.3244 112323
22.3247 112341
22.325 112359
22.3255 112377
22.3261 112395
22.3265 112413
22.3268 112431
22.3274 112449
22.3277 112467
22.328 112485
22.3283 112503
22.3286 112521
22.3289 112539
22.3292 112557
22.3295 112575
22.3298 112593
22.3301 112611
22.3304 112629
22.3307 112647
22.331 112665
22.3313 112683
22.3316 112701
22.3319 112719
22.3322 112737
22.3325 112755
22.3331 112773
22.3334 112791
22.3337 112809
22.334 112827
22.3346 112845
22.3349 112863
22.3355 112881
22.3775 112899
22.3778 112917
22.3781 112935
22.3784 112953
22.3787 112971
22.379 112989
22.3793 113007
22.3796 113025
22.3799 113043
22.3803 113061
22.3809 113079
22.3814 113097
22.3817 113115
22.3823 113133
22.3826 113151
22.3829 113169
22.3832 113187
22.3835 113205
22.3838 113223
22.3841 113241
22.3844 113259
22.3847 113277
22.385 113295
22.3853 113313
22.3856 113331
22.3859 113349
22.3862 113367
22.3865 113385
22.3868 113403
22.3871 113421
22.3874 113439
22.388 113457
22.3883 113475
22.3886 113493
22.3889 113511
22.3895 113529
22.3898 113547
22.3904 113565
22.4329 113583
22.4332 113601
22.4335 113619
22.4338 113637
22.4341 113655
22.4344 113673
22.4347 113691
22.435 113709
22.4353 113727
22.4357 113745
22.4362 113763
22.4368 113781
22.4371 113799
22.4375 113817
22.438 113835
22.4383 113853
22.4386 113871
22.4389 113889
22.4392 113907
22.4395 113925
22.4398 113943
22.4401 113961
22.4404 113979
22.4407 113997
22.441 114015
22.4413 114033
22.4416 114051
22.4419 114069
22.4422 114087
22.4425 114105
22.4428 114123
22.4432 114141
22.4437 114159
22.444 114177
22.4443 114195
22.4447 114213
22.4452 114231
22.4456 114249
22.4461 114267
22.4897 114285
22.49 114303
22.4903 114321
22.4906 114339
22.4909 114357
22.4912 114375
22.4915 114393
22.4918 114411
22.4921 114429
22.4925 114447
22.493 114465
22.4936 114483
22.4939 114501
22.4943 114519
22.4948 114537
22.4951 114555
22.4954 114573
22.4957 114591
22.496 114609
22.4963 114627
22.4966 114645
22.4969 114663
22.4972 114681
22.4975 114699
22.4978 114717
22.4981 114735
22.4984 114753
22.4987 114771
22.499 114789
22.4993 114807
22.4996 114825
22.5 114843
22.5005 114861
22.5008 114879
22.5011 114897
22.5015 114915
22.502 114933
22.5024 114951
22.5029 114969
22.5479 114987
22.5482 115005
22.5485 115023
22.5488 115041
22.5491 115059
22.5494 115077
22.5497 115095
22.55 115113
22.5503 115131
22.5506 115149
22.5512 115167
22.5517 115185
22.5521 115203
22.5524 115221
22.553 115239
22.5533 115257
22.5536 115275
22.5539 115293
22.5542 115311
22.5545 115329
22.5548 115347
22.5551 115365
22.5554 115383
22.5557 115401
22.556 115419
22.5563 115437
22.5566 115455
22.5569 115473
22.5572 115491
22.5575 115509
22.5578 115527
22.5581 115545
22.5587 115563
22.559 115581
22.5593 115599
22.5596 115617
22.5602 115635
22.5605 115653
22.5611 115671
22.6083 115689
22.6086 115707
22.6089 115725
22.6092 115743
22.6095 115761
22.6098 115779
22.6101 115797
22.6104 115815
22.6107 115833
22.611 115851
22.6116 115869
22.6121 115887
22.6125 115905
22.6128 115923
22.6134 115941
22.6137 115959
22.614 115977
22.6143 115995
22.6146 116013
22.6149 116031
22.6152 116049
22.6155 116067
22.6158 116085
22.6161 116103
22.6164 116121
22.6167 116139
22.617 116157
22.6173 116175
22.6176 116193
22.6179 116211
22.6182 116229
22.6185 116247
22.6191 116265
22.6194 116283
22.6197 116301
22.62 116319
22.6206 116337
22.6209 116355
22.6215 116373
22.6708 116391
22.6711 116409
22.6714 116427
22.6717 116445
22.672 116463
22.6723 116481
22.6726 116499
22.6729 116516
22.6732 116533
22.6735 116550
22.6741 116567
22.6744 116584
22.675 116601
22.6753 116618
22.6758 116635
22.6762 116652
22.6765 116669
22.6768 116686
22.6771 116703
22.6774 116720
22.6777 116737
22.678 116754
22.6783 116771
22.6786 116788
22.6789 116805
22.6792 116822
22.6795 116839
22.6798 116856
22.6801 116873
22.6804 116890
22.6807 116907
22.681 116924
22.6815 116941
22.6819 116958
22.6822 116975
22.6825 116992
22.683 117009
22.6834 117026
22.6839 117043
22.6843 117060
22.7336 117077
22.7339 117094
22.7342 117111
22.7345 117128
22.7348 117145
22.7351 117162
22.7354 117179
22.7357 117196
22.736 117213
22.7363 117230
22.7369 117247
22.7372 117264
22.7378 117281
22.7381 117298
22.7385 117315
22.739 117332
22.7393 117349
22.7396 117366
22.7399 117383
22.7402 117400
22.7405 117417
22.7408 117434
22.7411 117451
22.7414 117468
22.7417 117485
22.742 117502
22.7423 117519
22.7426 117536
22.7429 117553
22.7432 117570
22.7435 117587
22.7438 117604
22.7442 117621
22.7447 117638
22.745 117655
22.7453 117672
22.7457 117689
22.7462 117706
22.7466 117723
22.7471 117740
22.7967 117757
22.797 117774
22.7973 117791
22.7976 117808
22.7979 117825
22.7982 117842
22.7985 117859
22.7988 117876
22.7991 117893
22.7994 117910
22.8 117927
22.8003 117944
22.8009 117961
22.8012 117978
22.8015 117995
22.8021 118012
22.8024 118029
22.8027 118046
22.803 118063
22.8033 118080
22.8036 118097
22.8039 118114
22.8042 118131
22.8045 118148
22.8048 118165
22.8051 118182
22.8054 118199
22.8057 118216
22.806 118233
22.8063 118250
22.8066 118267
22.8069 118284
22.8072 118301
22.8078 118318
22.8081 118335
22.8084 118352
22.8087 118369
22.8093 118386
22.8096 118403
22.8102 118420
22.8597 118437
22.86 118454
22.8603 118471
22.8606 118488
22.8609 118505
22.8612 118522
22.8615 118539
22.8618 118556
22.8621 118573
22.8624 118590
22.8631 118607
22.8634 118624
22.864 118641
22.8643 118658
22.8646 118675
22.8652 118692
22.8655 118709
22.8658 118726
22.8661 118743
22.8664 118760
22.8667 118777
22.867 118794
22.8673 118811
22.8676 118828
22.8679 118845
22.8682 118862
22.8685 118879
22.8688 118896
22.8691 118913
22.8694 118930
22.8697 118947
22.87 118964
22.8703 118981
22.8709 118998
22.8712 119015
22.8715 119032
22.8718 119049
22.8724 119066
22.8727 119083
22.8733 119100
22.9231 119117
22.9234 119134
22.9237 119151
22.924 119168
22.9243 119185
22.9246 119202
22.9249 119219
22.9252 119236
22.9255 119253
22.9258 119270
22.9264 119287
22.9267 119304
22.9273 119321
22.9276 119338
22.9279 119355
22.9285 119372
22.9288 119389
22.9291 119406
22.9294 119423
22.9297 119440
22.93 119457
22.9303 119474
22.9306 119491
22.9309 119508
22.9312 119525
22.9315 119542
22.9318 119559
22.9321 119576
22.9324 119593
22.9327 119610
22.933 119627
22.9333 119644
22.9336 119661
22.9342 119678
22.9345 119695
22.9348 119712
22.9351 119729
22.9356 119746
22.936 119763
22.9365 119780
22.9369 119797
22.9868 119814
22.9871 119831
22.9874 119848
22.9877 119865
22.988 119882
22.9883 119899
22.9886 119916
22.9889 119933
22.9892 119950
22.9895 119967
22.9901 119984
22.9904 120001
22.991 120018
22.9913 120035
22.9916 120052
22.9922 120069
22.9925 120086
22.9928 120103
22.9931 120120
22.9934 120137
22.9937 120154
22.994 120171
22.9943 120188
22.9946 120205
22.9949 120222
22.9952 120239
22.9955 120256
22.9958 120273
22.9961 120290
22.9964 120307
22.9967 120324
22.997 120341
22.9973 120358
22.9979 120375
22.9982 120392
22.9985 120409
22.9988 120426
22.9993 120443
22.9997 120460
23.0002 120477
23.0006 120494
23.0508 120511
23.0511 120528
23.0514 120545
23.0517 120562
23.052 120579
23.0523 120596
23.0526 120613
23.0529 120630
23.0532 120647
23.0535 120664
23.0541 120681
23.0544 120698
23.055 120715
23.0553 120732
23.0556 120749
23.0562 120766
23.0565 120783
23.0568 120800
23.0571 120817
23.0574 120834
23.0577 120851
23.058 120868
23.0583 120885
23.0586 120902
23.0589 120919
23.0592 120936
23.0595 120953
23.0598 120970
23.0601 120987
23.0604 121004
23.0607 121021
23.061 121038
23.0613 121055
23.0618 121072
23.0622 121089
23.0625 121106
23.0628 121123
23.0631 121140
23.0637 121157
23.064 121174
23.0646 121191
23.1148 121208
23.1151 121225
23.1154 121242
23.1157 121259
23.116 121276
23.1163 121293
23.1166 121310
23.1169 121327
23.1172 121344
23.1175 121361
23.1181 121378
23.1184 121395
23.119 121412
23.1193 121429
23.1196 121446
23.1202 121463
23.1205 121480
23.1208 121497
23.1211 121514
23.1214 121531
23.1217 121548
23.122 121565
23.1223 121582
23.1226 121599
23.1229 121616
23.1232 121633
23.1235 121650
23.1238 121667
23.1241 121684
23.1244 121701
23.1247 121718
23.125 121735
23.1253 121752
23.1257 121769
23.1262 121786
23.1265 121803
23.1268 121820
23.1271 121837
23.1277 121854
23.128 121871
23.1286 121888
23.1791 121905
23.1794 121922
23.1797 121939
23.18 121956
23.1803 121973
23.1806 121990
23.1809 122007
23.1812 122024
23.1815 122041
23.1818 122058
23.1824 122075
23.1827 122092
23.1833 122109
23.1836 122126
23.1839 122143
23.1845 122160
23.1848 122177
23.1851 122194
23.1854 122211
23.1857 122228
23.186 122245
23.1863 122262
23.1866 122279
23.1869 122296
23.1872 122313
23.1875 122330
23.1878 122347
23.1881 122364
23.1884 122381
23.1887 122398
23.189 122415
23.1893 122432
23.1896 122449
23.19 122466
23.1905 122483
23.1908 122500
23.1911 122517
23.1914 122534
23.1918 122551
23.1923 122568
23.1927 122585
23.1932 122602
23.2437 122619
23.244 122636
23.2443 122653
23.2446 122670
23.2449 122687
23.2452 122704
23.2455 122721
23.2458 122738
23.2461 122755
23.2464 122772
23.247 122789
23.2473 122806
23.2479 122823
23.2482 122840
23.2485 122857
23.2491 122874
23.2494 122891
23.2497 122908
23.25 122925
23.2503 122942
23.2506 122959
23.2509 122976
23.2512 122993
23.2515 123010
23.2518 123027
23.2521 123044
23.2524 123061
23.2527 123078
23.253 123095
23.2533 123112
23.2536 123129
23.2539 123146
23.2542 123163
23.2546 123180
23.2551 123197
23.2554 123214
23.2557 123231
23.256 123248
23.2564 123265
23.2569 123282
23.2573 123299
23.2578 123316
23.3084 123333
23.3087 123350
23.309 123366
23.3093 123382
23.3096 123398
23.3099 123414
23.3102 123430
23.3105 123446
23.3108 123462
23.3111 123478
23.3117 123494
23.312 123510
23.3126 123526
23.3129 123542
23.3132 123558
23.3138 123574
23.3141 123590
23.3144 123606
23.3147 123622
23.315 123638
23.3153 123654
23.3156 123670
23.3159 123686
23.3162 123702
23.3165 123718
23.3168 123734
23.3171 123750
23.3174 123766
23.3177 123782
23.318 123798
23.3183 123814
23.3186 123830
23.3189 123846
23.3192 123862
23.3198 123878
23.3201 123894
23.3204 123910
23.3207 123926
23.321 123942
23.3216 123958
23.3219 123974
23.3225 123990
23.3731 124006
23.3734 124022
23.3737 124038
23.374 124054
23.3743 124070
23.3746 124086
23.3749 124102
23.3752 124118
23.3755 124134
23.3758 124150
23.3764 124166
23.3767 124182
23.3773 124198
23.3776 124214
23.3779 124230
23.3785 124246
23.3788 124262
23.3791 124278
23.3794 124294
23.3797 124310
23.38 124326
23.3803 124342
23.3806 124358
23.3809 124374
23.3812 124390
23.3815 124406
23.3818 124422
23.3821 124438
23.3824 124454
23.3827 124470
23.383 124486
23.3833 124502
23.3836 124518
23.3839 124534
23.3845 124550
23.3848 124566
23.3851 124582
23.3854 124598
23.3857 124614
23.3863 124630
23.3866 124646
23.3872 124662
23.4382 124678
23.4385 124694
23.4388 124710
23.4391 124726
23.4394 124742
23.4397 124758
23.44 124774
23.4403 124790
23.4406 124806
23.4409 124822
23.4415 124838
23.4418 124854
23.4424 124870
23.4427 124886
23.443 124902
23.4436 124918
23.4439 124934
23.4442 124950
23.4445 124966
23.4448 124982
23.4451 124998
23.4454 125014
23.4457 125030
23.446 125046
23.4463 125062
23.4466 125078
23.4469 125094
23.4472 125110
23.4475 125126
23.4478 125142
23.4481 125158
23.4484 125174
23.4487 125190
23.449 125206
23.4496 125222
23.4499 125238
23.4502 125254
23.4505 125270
23.4508 125286
23.4512 125302
23.4517 125318
23.4521 125334
23.4526 125350
23.5038 125366
23.5041 125382
23.5044 125398
23.5047 125414
23.505 125430
23.5053 125446
23.5056 125462
23.5059 125478
23.5062 125494
23.5065 125510
23.5071 125526
23.5074 125542
23.508 125558
23.5083 125574
23.5086 125590
23.5092 125606
23.5095 125622
23.5098 125638
23.5101 125654
23.5104 125670
23.5107 125686
23.511 125702
23.5113 125718
23.5116 125734
23.5119 125750
23.5122 125766
23.5125 125782
23.5128 125798
23.5131 125814
23.5134 125830
23.5137 125846
23.514 125862
23.5143 125878
23.5146 125894
23.5152 125910
23.5155 125926
23.5158 125942
23.5161 125958
23.5164 125974
23.5169 125990
23.5173 126006
23.5178 126022
23.5182 126038
23.5693 126054
23.5696 126070
23.5699 126086
23.5702 126102
23.5705 126118
23.5708 126134
23.5711 126150
23.5714 126166
23.5717 126182
23.572 126198
23.5726 126214
23.5729 126230
23.5735 126246
23.5738 126262
23.5741 126278
23.5747 126294
23.575 126310
23.5753 126326
23.5756 126342
23.5759 126358
23.5762 126374
23.5765 126390
23.5768 126406
23.5771 126422
23.5774 126438
23.5777 126454
23.578 126470
23.5783 126486
23.5786 126502
23.5789 126518
23.5792 126534
23.5795 126550
23.5798 126566
23.5801 126582
23.5807 126598
23.581 126614
23.5813 126630
23.5816 126646
23.5819 126662
23.5824 126678
23.5828 126694
23.5831 126710
23.5837 126726
23.6349 126742
23.6354 126758
23.6357 126774
23.636 126790
23.6363 126806
23.6366 126822
23.6369 126838
23.6372 126854
23.6375 126870
23.6378 126886
23.6382 126902
23.6387 126918
23.6391 126934
23.6396 126950
23.6399 126966
23.6403 126982
23.6408 126998
23.6411 127014
23.6414 127030
23.6417 127046
23.642 127062
23.6423 127078
23.6426 127094
23.6429 127110
23.6432 127126
23.6435 127142
23.6438 127158
23.6441 127174
23.6444 127190
23.6447 127206
23.645 127222
23.6453 127238
23.6456 127254
23.6459 127270
23.6463 127286
23.6468 127302
23.6471 127318
23.6474 127334
23.6477 127350
23.648 127366
23.6486 127382
23.6489 127398
23.6493 127414
23.7007 127430
23.7012 127446
23.7015 127462
23.7018 127478
23.7021 127494
23.7024 127510
23.7027 127526
23.703 127542
23.7033 127558
23.7036 127574
23.704 127590
23.7045 127606
23.7049 127622
23.7054 127638
23.7057 127654
23.7061 127670
23.7066 127686
23.7069 127702
23.7072 127718
23.7075 127734
23.7078 127750
23.7081 127766
23.7084 127782
23.7087 127798
23.709 127814
23.7093 127830
23.7096 127846
23.7099 127862
23.7102 127878
23.7105 127894
23.7108 127910
23.7111 127926
23.7114 127942
23.7117 127958
23.7121 127974
23.7126 127990
23.7129 128006
23.7132 128022
23.7135 128038
23.7138 128054
23.7144 128070
23.7147 128086
23.7151 128102
23.7668 128118
23.7673 128134
23.7676 128150
23.7679 128166
23.7682 128182
23.7685 128198
23.7688 128214
23.7691 128230
23.7694 128246
23.7697 128262
23.77 128278
23.7706 128294
23.7709 128310
23.7715 128326
23.7718 128342
23.7721 128358
23.7727 128374
23.773 128390
23.7733 128406
23.7736 128422
23.7739 128438
23.7742 128454
23.7745 128470
23.7748 128486
23.7751 128502
23.7754 128518
23.7757 128534
23.776 128550
23.7763 128566
23.7766 128582
23.7769 128598
23.7772 128614
23.7775 128630
23.7778 128646
23.7781 128662
23.7787 128678
23.779 128694
23.7793 128710
23.7796 128726
23.7799 128742
23.7803 128758
23.7808 128774
23.7811 128790
23.7817 128806
23.8332 128822
23.8336 128838
23.8339 128854
23.8342 128870
23.8345 128886
23.8348 128902
23.8351 128918
23.8354 128934
23.8357 128950
23.836 128966
23.8363 128982
23.8369 128998
23.8372 129014
23.8378 129030
23.8381 129046
23.8384 129062
23.839 129078
23.8393 129094
23.8397 129110
23.84 129126
23.8403 129142
23.8406 129158
23.8409 129174
23.8412 129190
23.8415 129206
23.8418 129222
23.8421 129238
23.8424 129254
23.8427 129270
23.843 129286
23.8433 129302
23.8436 129318
23.8439 129334
23.8442 129350
23.8445 129366
23.8451 129382
23.8454 129398
23.8457 129414
23.846 129430
23.8463 129446
23.8467 129462
23.8472 129478
23.8475 129494
23.8481 129510
23.8997 129526
23.9002 129542
23.9005 129558
23.9008 129574
23.9011 129590
23.9014 129606
23.9017 129622
23.902 129638
23.9023 129654
23.9026 129670
23.9029 129686
23.9033 129702
23.9038 129718
23.9042 129734
23.9047 129750
23.905 129766
23.9054 129782
23.9059 129798
23.9062 129814
23.9065 129830
23.9068 129846
23.9071 129862
23.9074 129878
23.9077 129894
23.908 129910
23.9083 129926
23.9086 129942
23.9089 129958
23.9092 129974
23.9095 129990
23.9098 130006
23.9101 130022
23.9104 130038
23.9107 130054
23.911 130070
23.9114 130086
23.9119 130102
23.9122 130118
23.9125 130134
23.9128 130150
23.9131 130166
23.9137 130182
23.914 130198
23.9144 130214
23.9664 130230
23.967 130246
23.9673 130262
23.9676 130278
23.9679 130294
23.9682 130310
23.9685 130326
23.9688 130342
23.9691 130358
23.9694 130374
23.9697 130390
23.97 130406
23.9706 130422
23.9709 130438
23.9715 130454
23.9718 130470
23.9721 130486
23.9727 130502
23.973 130518
23.9733 130534
23.9736 130550
23.9739 130566
23.9742 130582
23.9745 130598
23.9748 130614
23.9751 130630
23.9754 130646
23.9757 130662
23.976 130678
23.9763 130694
23.9766 130710
23.9769 130726
23.9772 130742
23.9775 130758
23.9778 130774
23.9781 130790
23.9787 130806
23.979 130822
23.9793 130838
23.9796 130854
23.9799 130870
23.9804 130886
23.9808 130902
23.9811 130918
24.0333 130934
24.0339 130950
24.0342 130966
24.0345 130982
24.0348 130998
24.0351 131014
24.0354 131030
24.0357 131046
24.036 131061
24.0363 131076
24.0366 131091
24.0369 131106
24.0375 131121
24.0378 131136
24.0382 131151
24.0387 131166
24.039 131181
24.0394 131196
24.0399 131211
24.0402 131226
24.0405 131241
24.0408 131256
24.0411 131271
24.0414 131286
24.0417 131301
24.042 131316
24.0423 131331
24.0426 131346
24.0429 131361
24.0432 131376
24.0435 131391
24.0438 131406
24.0441 131421
24.0444 131436
24.0447 131451
24.045 131466
24.0454 131481
24.0459 131496
24.0462 131511
24.0465 131526
24.0468 131541
24.0471 131556
24.0477 131571
24.048 131586
24.0484 131601
24.1005 131616
24.101 131631
24.1013 131646
24.1016 131661
24.1019 131676
24.1022 131691
24.1025 131706
24.1028 131721
24.1031 131736
24.1034 131751
24.1037 131766
24.1042 131781
24.1046 131796
24.1049 131811
24.1055 131826
24.1058 131841
24.1061 131856
24.1067 131871
24.107 131886
24.1073 131901
24.1076 131916
24.1079 131931
24.1082 131946
24.1085 131961
24.1088 131976
24.1091 131991
24.1094 132006
24.1097 132021
24.11 132036
24.1103 132051
24.1106 132066
24.1109 132081
24.1112 132096
24.1115 132111
24.1118 132126
24.1121 132141
24.1127 132156
24.113 132171
24.1133 132186
24.1136 132201
24.1139 132216
24.1144 132231
24.1148 132246
24.1151 132261
24.1157 132276
24.168 132291
24.1684 132306
24.1687 132321
24.169 132336
24.1693 132351
24.1696 132366
24.1699 132381
24.1702 132396
24.1705 132411
24.1708 132426
24.1711 132441
24.1716 132456
24.172 132471
24.1723 132486
24.1728 132501
24.1732 132516
24.1735 132531
24.174 132546
24.1744 132561
24.1747 132576
24.175 132591
24.1753 132606
24.1756 132621
24.1759 132636
24.1762 132651
24.1765 132666
24.1768 132681
24.1771 132696
24.1775 132711
24.1778 132726
24.1781 132741
24.1784 132756
24.1787 132771
24.179 132786
24.1793 132801
24.1796 132816
24.18 132831
24.1805 132846
24.1808 132861
24.1811 132876
24.1814 132891
24.1817 132906
24.1823 132921
24.1826 132936
24.183 132951
24.2354 132966
24.236 132981
24.2363 132996
24.2366 133011
24.2369 133026
24.2372 133041
24.2375 133056
24.2378 133071
24.2381 133086
24.2384 133101
24.2387 133116
24.239 133131
24.2396 133146
24.2399 133161
24.2402 133176
24.2408 133191
24.2411 133206
24.2414 133221
24.242 133236
24.2423 133251
24.2426 133266
24.2429 133281
24.2432 133296
24.2435 133311
24.2438 133326
24.2441 133341
24.2444 133356
24.2447 133371
24.245 133386
24.2453 133401
24.2456 133416
24.2459 133431
24.2462 133446
24.2465 133461
24.2468 133476
24.2471 133491
24.2474 133506
24.248 133521
24.2483 133536
24.2486 133551
24.2489 133566
24.2492 133581
24.2497 133596
24.2501 133611
24.2504 133626
24.3032 133641
24.3038 133656
24.3042 133671
24.3045 133686
24.3048 133701
24.3051 133716
24.3054 133731
24.3057 133746
24.306 133761
24.3063 133776
24.3066 133791
24.3069 133806
24.3074 133821
24.3078 133836
24.3081 133851
24.3086 133866
24.309 133881
24.3093 133896
24.3096 133911
24.3102 133926
24.3105 133941
24.3108 133956
24.3111 133971
24.3114 133986
24.3117 134001
24.312 134016
24.3123 134031
24.3126 134046
24.3129 134061
24.3132 134076
24.3135 134091
24.3138 134106
24.3141 134121
24.3144 134136
24.3147 134151
24.315 134166
24.3153 134181
24.3156 134196
24.3162 134211
24.3165 134226
24.3168 134241
24.3171 134256
24.3174 134271
24.3179 134286
24.3183 134301
24.3186 134316
24.3712 134331
24.3718 134346
24.3721 134361
24.3724 134376
24.3727 134391
24.373 134406
24.3733 134421
24.3736 134436
24.3739 134451
24.3742 134466
24.3745 134481
24.3748 134496
24.3754 134511
24.3757 134526
24.376 134541
24.3766 134556
24.3769 134571
24.3772 134586
24.3777 134601
24.3781 134616
24.3784 134631
24.3787 134646
24.379 134661
24.3793 134676
24.3796 134691
24.3799 134706
24.3802 134721
24.3805 134736
24.3808 134751
24.3811 134766
24.3814 134781
24.3817 134796
24.382 134811
24.3823 134826
24.3826 134841
24.3829 134856
24.3832 134871
24.3837 134886
24.3841 134901
24.3844 134916
24.3847 134931
24.385 134946
24.3853 134961
24.3859 134976
24.3862 134991
24.3867 135006
24.4395 135021
24.44 135036
24.4403 135051
24.4406 135066
24.4409 135081
24.4412 135096
24.4415 135111
24.4418 135126
24.4421 135141
24.4424 135156
24.4427 135171
24.4432 135186
24.4436 135201
24.4439 135216
24.4444 135231
24.4448 135246
24.4451 135261
24.4454 135276
24.446 135291
24.4463 135306
24.4466 135321
24.4469 135336
24.4472 135351
24.4475 135366
24.4478 135381
24.4481 135396
24.4484 135411
24.4487 135426
24.449 135441
24.4493 135456
24.4496 135471
24.4499 135486
24.4502 135501
24.4505 135516
24.4508 135531
24.4511 135546
24.4514 135561
24.452 135576
24.4523 135591
24.4526 135606
24.4529 135621
24.4532 135636
24.4535 135651
24.4541 135666
24.4544 135681
24.4549 135696
24.5079 135711
24.5085 135726
24.5088 135741
24.5091 135756
24.5094 135771
24.5097 135786
24.51 135801
24.5103 135816
24.5106 135831
24.5109 135846
24.5112 135861
24.5115 135876
24.5121 135891
24.5124 135906
24.5127 135921
24.5133 135936
24.5136 135951
24.5139 135966
24.5143 135981
24.5148 135996
24.5151 136011
24.5154 136026
24.5157 136041
24.516 136056
24.5163 136071
24.5166 136086
24.5169 136101
24.5172 136116
24.5175 136131
24.5178 136146
24.5181 136161
24.5184 136176
24.5187 136191
24.519 136206
24.5193 136221
24.5196 136236
24.5199 136251
24.5204 136266
24.5208 136281
24.5211 136296
24.5214 136311
24.5217 136326
24.522 136341
24.5225 136356
24.5229 136371
24.5232 136386
24.5764 136401
24.5771 136416
24.5776 136431
24.5779 136446
24.5782 136461
24.5785 136476
24.5788 136491
24.5791 136506
24.5794 136521
24.5797 136536
24.58 136551
24.5803 136566
24.5807 136581
24.5812 136596
24.5815 136611
24.5819 136626
24.5824 136641
24.5827 136656
24.583 136671
24.5836 136686
24.5839 136701
24.5842 136716
24.5845 136731
24.5848 136746
24.5851 136761
24.5854 136776
24.5857 136791
24.586 136806
24.5863 136821
24.5866 136836
24.5869 136851
24.5872 136866
24.5875 136881
24.5878 136896
24.5881 136911
24.5884 136926
24.5887 136941
24.589 136956
24.5894 136971
24.5899 136986
24.5902 137001
24.5905 137016
24.5908 137031
24.5911 137046
24.5916 137061
24.592 137076
24.5923 137091
24.6453 137106
24.6461 137121
24.6464 137136
24.6467 137151
24.647 137166
24.6473 137181
24.6476 137196
24.6479 137211
24.6482 137226
24.6485 137241
24.6488 137256
24.6491 137271
24.6497 137286
24.65 137301
24.6503 137316
24.6509 137331
24.6512 137346
24.6515 137361
24.6519 137376
24.6524 137391
24.6527 137406
24.653 137421
24.6533 137436
24.6536 137451
24.6539 137466
24.6542 137481
24.6545 137496
24.6548 137511
24.6551 137526
24.6554 137541
24.6557 137556
24.656 137571
24.6563 137586
24.6566 137601
24.6569 137616
24.6572 137631
24.6575 137646
24.6578 137661
24.6584 137676
24.6587 137691
24.659 137706
24.6593 137721
24.6596 137736
24.6599 137751
24.6605 137766
24.6608 137781
24.6612 137796
24.7144 137811
24.715 137826
24.7153 137841
24.7156 137856
24.7159 137871
24.7162 137886
24.7165 137901
24.7168 137916
24.7171 137931
24.7174 137946
24.7177 137961
24.7182 137976
24.7186 137991
24.7189 138006
24.7194 138021
24.7198 138036
24.7201 138051
24.7204 138066
24.721 138081
24.7213 138096
24.7216 138111
24.7219 138126
24.7222 138141
24.7225 138156
24.7228 138171
24.7231 138186
24.7234 138201
24.7237 138216
24.724 138231
24.7243 138246
24.7246 138261
24.7249 138276
24.7252 138291
24.7255 138306
24.7258 138321
24.7261 138336
24.7264 138351
24.7269 138366
24.7273 138381
24.7276 138396
24.7279 138411
24.7282 138426
24.7285 138441
24.7288 138456
24.7294 138471
24.7297 138486
24.7302 138501
24.7837 138516
24.7843 138531
24.7846 138546
24.7849 138561
24.7852 138576
24.7855 138591
24.7858 138606
24.7861 138621
24.7864 138636
24.7867 138651
24.787 138666
24.7874 138681
24.7879 138696
24.7882 138711
24.7886 138726
24.7891 138741
24.7894 138756
24.7897 138771
24.7903 138786
24.7906 138801
24.7909 138816
24.7912 138831
24.7915 138846
24.7918 138861
24.7921 138876
24.7924 138891
24.7927 138906
24.793 138921
24.7933 138936
24.7936 138951
24.7939 138966
24.7942 138981
24.7945 138996
24.7948 139011
24.7951 139026
24.7954 139041
24.7957 139056
24.7961 139071
24.7966 139086
24.7969 139101
24.7972 139116
24.7975 139131
24.7978 139146
24.7981 139161
24.7987 139176
24.799 139191
24.7994 139206
24.8529 139221
24.8535 139236
24.854 139251
24.8543 139266
24.8546 139281
24.8549 139296
24.8552 139311
24.8555 139326
24.8558 139341
24.8561 139356
24.8564 139371
24.8567 139386
24.8573 139401
24.8576 139416
24.8579 139431
24.8585 139446
24.8588 139461
24.8591 139476
24.8595 139491
24.86 139506
24.8603 139521
24.8606 139536
24.8609 139551
24.8612 139566
24.8615 139581
24.8618 139596
24.8621 139611
24.8624 139626
24.8627 139641
24.863 139656
24.8633 139671
24.8636 139686
24.8639 139701
24.8642 139716
24.8645 139731
24.8648 139746
24.8651 139761
24.8654 139776
24.8658 139791
24.8663 139805
24.8666 139819
24.8669 139833
24.8672 139847
24.8675 139861
24.8678 139875
24.8684 139889
24.8687 139903
24.8691 139917
24.9227 139931
24.9235 139945
24.9239 139959
24.9242 139973
24.9245 139987
24.9248 140001
24.9251 140015
24.9254 140029
24.9257 140043
24.926 140057
24.9263 140071
24.9266 140085
24.9272 140099
24.9275 140113
24.9278 140127
24.9285 140141
24.9288 140155
24.9291 140169
24.9295 140183
24.93 140197
24.9303 140211
24.9306 140225
24.9309 140239
24.9312 140253
24.9315 140267
24.9318 140281
24.9321 140295
24.9324 140309
24.9327 140323
24.933 140337
24.9333 140351
24.9336 140365
24.9339 140379
24.9342 140393
24.9345 140407
24.9348 140421
24.9351 140435
24.9354 140449
24.9358 140463
24.9363 140477
24.9366 140491
24.9369 140505
24.9372 140519
24.9375 140533
24.9378 140547
24.9384 140561
24.9387 140575
24.9391 140589
24.9926 140603
24.9933 140617
24.9936 140631
24.9939 140645
24.9942 140659
24.9945 140673
24.9948 140687
24.9951 140701
24.9954 140715
24.9957 140729
24.996 140743
24.9965 140757
24.9969 140771
24.9972 140785
24.9977 140799
24.9981 140813
24.9984 140827
24.9987 140841
24.9993 140855
24.9996 140869
24.9999 140883
25.0002 140897
25.0005 140911
25.0008 140925
25.0011 140939
25.0014 140953
25.0017 140967
25.002 140981
25.0023 140995
25.0026 141009
25.0029 141023
25.0032 141037
25.0036 141051
25.0039 141065
25.0042 141079
25.0045 141093
25.0048 141107
25.0051 141121
25.0057 141135
25.006 141149
25.0063 141163
25.0066 141177
25.0069 141191
25.0072 141205
25.0075 141219
25.0081 141233
25.0084 141247
25.0088 141261
25.0624 141275
25.0632 141289
25.0635 141303
25.0638 141317
25.0641 141331
25.0644 141345
25.0647 141359
25.065 141373
25.0653 141387
25.0656 141401
25.0659 141415
25.0663 141429
25.0668 141443
25.0671 141457
25.0675 141471
25.068 141485
25.0683 141499
25.0686 141513
25.0692 141527
25.0695 141541
25.0698 141555
25.0701 141569
25.0704 141583
25.0707 141597
25.071 141611
25.0713 141625
25.0716 141639
25.0719 141653
25.0722 141667
25.0725 141681
25.0728 141695
25.0731 141709
25.0734 141723
25.0737 141737
25.074 141751
25.0743 141765
25.0746 141779
25.0749 141793
25.0755 141807
25.0758 141821
25.0761 141835
25.0764 141849
25.0767 141863
25.077 141877
25.0773 141891
25.0779 141905
25.0782 141919
25.0787 141933
25.1326 141947
25.1333 141961
25.1336 141975
25.1339 141989
25.1342 142003
25.1345 142017
25.1348 142031
25.1351 142045
25.1354 142059
25.1357 142073
25.136 142087
25.1365 142101
25.1369 142115
25.1372 142129
25.1377 142143
25.1381 142157
25.1384 142171
25.1387 142185
25.1393 142199
25.1396 142213
25.1399 142227
25.1402 142241
25.1405 142255
25.1408 142269
25.1411 142283
25.1414 142297
25.1417 142311
25.142 142325
25.1423 142339
25.1426 142353
25.1429 142367
25.1432 142381
25.1435 142395
25.1438 142409
25.1441 142423
25.1444 142437
25.1447 142451
25.145 142465
25.1456 142479
25.1459 142493
25.1462 142507
25.1465 142521
25.1468 142535
25.1471 142549
25.1474 142563
25.148 142577
25.1483 142591
25.1488 142605
25.1492 142619
25.2033 142633
25.2041 142647
25.2044 142661
25.2047 142675
25.205 142689
25.2053 142703
25.2056 142717
25.2059 142731
25.2062 142745
25.2065 142759
25.2068 142773
25.2072 142787
25.2077 142801
25.208 142815
25.2084 142829
25.2089 142843
25.2092 142857
25.2095 142871
25.2101 142885
25.2104 142899
25.2107 142913
25.211 142927
25.2113 142941
25.2116 142955
25.2119 142969
25.2122 142983
25.2125 142997
25.2128 143011
25.2131 143025
25.2134 143039
25.2137 143053
25.214 143067
25.2143 143081
25.2146 143095
25.2149 143109
25.2152 143123
25.2155 143137
25.2158 143151
25.2164 143165
25.2167 143179
25.217 143193
25.2173 143207
25.2176 143221
25.2179 143235
25.2182 143249
25.2188 143263
25.2191 143277
25.2195 143291
25.22 143305
25.2741 143319
25.2748 143333
25.2751 143347
25.2754 143361
25.2757 143375
25.276 143389
25.2763 143403
25.2766 143417
25.2769 143431
25.2772 143445
25.2775 143459
25.278 143473
25.2784 143487
25.2787 143501
25.2792 143515
25.2796 143529
25.2799 143543
25.2802 143557
25.2808 143571
25.2811 143585
25.2814 143599
25.2817 143613
25.282 143627
25.2823 143641
25.2826 143655
25.2829 143669
25.2832 143683
25.2835 143697
25.2838 143711
25.2841 143725
25.2844 143739
25.2847 143753
25.285 143767
25.2853 143781
25.2856 143795
25.2859 143809
25.2862 143823
25.2865 143837
25.2871 143851
25.2874 143865
25.2877 143879
25.288 143893
25.2883 143907
25.2886 143921
25.2889 143935
25.2895 143949
25.2898 143963
25.2903 143977
25.2907 143991
25.345 144005
25.3456 144019
25.3459 144033
25.3462 144047
25.3465 144061
25.3468 144075
25.3471 144089
25.3474 144103
25.3477 144117
25.348 144131
25.3483 144145
25.3489 144159
25.3492 144173
25.3495 144187
25.3499 144201
25.3504 144215
25.3507 144229
25.351 144243
25.3516 144257
25.3519 144271
25.3522 144285
25.3525 144299
25.3528 144313
25.3531 144327
25.3534 144341
25.3537 144355
25.354 144369
25.3543 144383
25.3546 144397
25.3549 144411
25.3552 144425
25.3555 144439
25.3558 144453
25.3561 144467
25.3564 144481
25.3567 144495
25.357 144509
25.3573 144523
25.3579 144537
25.3582 144551
25.3585 144565
25.3588 144579
25.3591 144593
25.3594 144607
25.3597 144621
25.3603 144635
25.3606 144649
25.361 144663
25.3615 144677
25.4158 144691
25.4165 144705
25.4168 144719
25.4171 144733
25.4174 144747
25.4177 144761
25.418 144775
25.4183 144789
25.4186 144803
25.4189 144817
25.4192 144831
25.4198 144845
25.4201 144859
25.4204 144873
25.4208 144887
25.4213 144901
25.4216 144915
25.4219 144929
25.4225 144943
25.4228 144957
25.4231 144971
25.4234 144985
25.4237 144999
25.424 145013
25.4243 145027
25.4246 145041
25.4249 145055
25.4252 145069
25.4255 145083
25.4258 145097
25.4261 145111
25.4264 145125
25.4267 145139
25.427 145153
25.4273 145167
25.4276 145181
25.4279 145195
25.4282 145209
25.4288 145223
25.4291 145237
25.4294 145251
25.4297 145265
25.43 145279
25.4303 145293
25.4306 145307
25.4312 145321
25.4315 145335
25.4319 145349
25.4324 145363
25.487 145377
25.4876 145391
25.4879 145405
25.4882 145419
25.4885 145433
25.4888 145447
25.4891 145461
25.4894 145475
25.4897 145489
25.49 145503
25.4903 145517
25.4909 145531
25.4912 145545
25.4916 145559
25.4919 145573
25.4925 145587
25.4928 145601
25.4931 145615
25.4935 145629
25.494 145643
25.4943 145657
25.4946 145671
25.4949 145685
25.4952 145699
25.4955 145713
25.4958 145727
25.4961 145741
25.4964 145755
25.4967 145769
25.497 145783
25.4973 145797
25.4976 145811
25.4979 145825
25.4982 145839
25.4985 145853
25.4988 145867
25.4991 145881
25.4994 145895
25.4998 145909
25.5003 145923
25.5006 145937
25.5009 145951
25.5012 145965
25.5015 145979
25.5018 145993
25.5022 146007
25.5027 146021
25.503 146035
25.5036 146049
25.504 146063
25.5585 146077
25.5591 146091
25.5594 146105
25.5597 146119
25.56 146133
25.5603 146147
25.5606 146161
25.5609 146175
25.5612 146189
25.5615 146203
25.5618 146217
25.5624 146231
25.5627 146245
25.563 146259
25.5633 146273
25.5639 146287
25.5642 146301
25.5645 146315
25.565 146329
25.5654 146343
25.5657 146357
25.566 146371
25.5663 146385
25.5666 146399
25.567 146413
25.5673 146427
25.5676 146441
25.5679 146455
25.5682 146469
25.5685 146483
25.5688 146497
25.5691 146511
25.5694 146525
25.5697 146539
25.57 146553
25.5703 146567
25.5706 146581
25.5709 146595
25.5713 146609
25.5718 146623
25.5721 146637
25.5724 146651
25.5727 146665
25.573 146679
25.5733 146693
25.5737 146707
25.5742 146721
25.5745 146735
25.5751 146749
25.5755 146763
25.6303 146777
25.6309 146791
25.6312 146805
25.6315 146819
25.6318 146833
25.6321 146847
25.6324 146861
25.6327 146875
25.633 146889
25.6333 146903
25.6336 146917
25.6342 146931
25.6345 146945
25.6348 146959
25.6351 146973
25.6356 146987
25.636 147001
25.6363 147015
25.6366 147029
25.6372 147043
25.6375 147057
25.6378 147071
25.6381 147085
25.6384 147099
25.6387 147113
25.639 147127
25.6393 147141
25.6396 147155
25.6399 147169
25.6402 147183
25.6405 147197
25.6408 147211
25.6411 147225
25.6414 147239
25.6417 147253
25.6421 147267
25.6424 147281
25.6427 147295
25.643 147309
25.6436 147323
25.6439 147337
25.6442 147351
25.6445 147365
25.6448 147379
25.6451 147393
25.6454 147407
25.646 147421
25.6463 147435
25.6467 147449
25.6472 147463
25.7021 147477
25.7027 147491
25.703 147505
25.7033 147519
25.7036 147533
25.7039 147547
25.7042 147561
25.7045 147575
25.7048 147589
25.7051 147603
25.7054 147617
25.706 147631
25.7063 147645
25.7066 147659
25.7069 147673
25.7074 147687
25.7078 147701
25.7081 147715
25.7084 147729
25.709 147743
25.7093 147757
25.7096 147771
25.7099 147785
25.7102 147799
25.7105 147813
25.7108 147827
25.7111 147841
25.7114 147855
25.7117 147869
25.712 147883
25.7123 147897
25.7126 147911
25.7129 147925
25.7132 147939
25.7135 147953
25.7138 147967
25.7141 147981
25.7144 147995
25.7147 148009
25.7153 148023
25.7156 148037
25.7159 148051
25.7162 148065
25.7165 148079
25.7169 148093
25.7172 148107
25.7178 148121
25.7181 148135
25.7185 148149
25.719 148163
25.7741 148177
25.7748 148191
25.7751 148205
25.7754 148219
25.7757 148233
25.776 148247
25.7763 148261
25.7766 148275
25.7769 148289
25.7772 148303
25.7775 148317
25.7781 148331
25.7784 148345
25.7787 148359
25.779 148373
25.7795 148387
25.7799 148401
25.7802 148415
25.7805 148429
25.7811 148443
25.7814 148457
25.7817 148471
25.782 148485
25.7823 148499
25.7826 148513
25.7829 148527
25.7832 148541
25.7835 148555
25.7838 148569
25.7841 148583
25.7844 148597
25.7847 148611
25.785 148625
25.7853 148639
25.7856 148653
25.7859 148667
25.7862 148681
25.7865 148695
25.7868 148709
25.7873 148723
25.7877 148737
25.788 148751
25.7883 148765
25.7886 148779
25.7889 148793
25.7892 148807
25.7897 148821
25.7901 148835
25.7904 148849
25.791 148863
25.7915 148877
25.8465 148891
25.8472 148905
25.8475 148919
25.8478 148933
25.8481 148947
25.8484 148961
25.8487 148975
25.849 148989
25.8493 149003
25.8496 149017
25.8499 149031
25.8505 149045
25.8508 149059
25.8511 149073
25.8514 149087
25.8519 149101
25.8523 149115
25.8526 149129
25.8529 149143
25.8535 149157
25.8538 149171
25.8541 149185
25.8544 149199
25.8547 149213
25.855 149227
25.8553 149241
25.8556 149255
25.8559 149269
25.8562 149283
25.8565 149297
25.8568 149311
25.8571 149325
25.8574 149339
25.8577 149353
25.858 149367
25.8583 149381
25.8586 149395
25.8589 149409
25.8592 149423
25.8597 149437
25.8601 149451
25.8604 149465
25.8607 149479
25.861 149493
25.8613 149507
25.8616 149521
25.8621 149535
25.8625 149549
25.8628 149563
25.8634 149577
25.8639 149591
25.919 149605
25.9198 149619
25.9201 149633
25.9204 149647
25.9207 149661
25.921 149675
25.9213 149689
25.9216 149703
25.9219 149717
25.9222 149731
25.9225 149745
25.9231 149759
25.9234 149773
25.9237 149786
25.924 149799
25.9244 149812
25.9249 149825
25.9252 149838
25.9255 149851
25.9261 149864
25.9264 149877
25.9267 149890
25.927 149903
25.9273 149916
25.9276 149929
25.9279 149942
25.9282 149955
25.9285 149968
25.9288 149981
25.9291 149994
25.9294 150007
25.9297 150020
25.93 150033
25.9303 150046
25.9306 150059
25.9309 150072
25.9312 150085
25.9315 150098
25.9318 150111
25.9321 150124
25.9327 150137
25.933 150150
25.9333 150163
25.9336 150176
25.9339 150189
25.9342 150202
25.9345 150215
25.9351 150228
25.9354 150241
25.9358 150254
25.9363 150267
25.9917 150280
25.9925 150293
25.9929 150306
25.9932 150319
25.9935 150332
25.9938 150345
25.9941 150358
25.9944 150371
25.9947 150384
25.995 150397
25.9953 150410
25.9958 150423
25.9962 150436
25.9965 150449
25.9968 150462
25.9971 150475
25.9977 150488
25.998 150501
25.9983 150514
25.9988 150527
25.9992 150540
25.9995 150553
25.9998 150566
26.0001 150579
26.0004 150592
26.0007 150605
26.001 150618
26.0013 150631
26.0016 150644
26.0019 150657
26.0022 150670
26.0025 150683
26.0028 150696
26.0031 150709
26.0034 150722
26.0037 150735
26.004 150748
26.0043 150761
26.0046 150774
26.0049 150787
26.0054 150800
26.0058 150813
26.0061 150826
26.0064 150839
26.0067 150852
26.007 150865
26.0073 150878
26.0078 150891
26.0082 150904
26.0085 150917
26.0091 150930
26.0646 150943
26.0653 150956
26.0658 150969
26.0661 150982
26.0664 150995
26.0667 151008
26.067 151021
26.0673 151034
26.0676 151047
26.0679 151060
26.0682 151073
26.0686 151086
26.0691 151099
26.0694 151112
26.0697 151125
26.07 151138
26.0706 151151
26.0709 151164
26.0712 151177
26.0716 151190
26.0721 151203
26.0724 151216
26.0727 151229
26.073 151242
26.0733 151255
26.0736 151268
26.0739 151281
26.0742 151294
26.0745 151307
26.0748 151320
26.0751 151333
26.0754 151346
26.0757 151359
26.076 151372
26.0763 151385
26.0766 151398
26.0769 151411
26.0772 151424
26.0775 151437
26.0778 151450
26.0782 151463
26.0787 151476
26.079 151489
26.0793 151502
26.0796 151515
26.0799 151528
26.0802 151541
26.0805 151554
26.0811 151567
26.0814 151580
26.0818 151593
26.0823 151606
26.1379 151619
26.1386 151632
26.1389 151645
26.1392 151658
26.1395 151671
26.1398 151684
26.1401 151697
26.1404 151710
26.1407 151723
26.141 151736
26.1413 151749
26.1419 151762
26.1422 151775
26.1425 151788
26.1428 151801
26.1433 151814
26.1437 151827
26.144 151840
26.1443 151853
26.1449 151866
26.1452 151879
26.1455 151892
26.1458 151905
26.1461 151918
26.1464 151931
26.1467 151944
26.147 151957
26.1473 151970
26.1476 151983
26.1479 151996
26.1482 152009
26.1485 152022
26.1488 152035
26.1491 152048
26.1494 152061
26.1497 152074
26.15 152087
26.1503 152100
26.1506 152113
26.1509 152126
26.1515 152139
26.1518 152152
26.1521 152165
26.1524 152178
26.1527 152191
26.153 152204
26.1533 152217
26.1538 152230
26.1542 152243
26.1545 152256
26.1551 152269
26.1556 152282
26.2113 152295
26.2121 152308
26.2124 152321
26.2127 152334
26.213 152347
26.2133 152360
26.2136 152373
26.2139 152386
26.2142 152399
26.2145 152412
26.2148 152425
26.2154 152438
26.2157 152451
26.216 152464
26.2163 152477
26.2167 152490
26.2172 152503
26.2175 152516
26.2178 152529
26.2184 152542
26.2187 152555
26.219 152568
26.2193 152581
26.2196 152594
26.2199 152607
26.2202 152620
26.2205 152633
26.2208 152646
26.2211 152659
26.2214 152672
26.2217 152685
26.222 152698
26.2223 152711
26.2226 152724
26.2229 152737
26.2232 152750
26.2235 152763
26.2238 152776
26.2241 152789
26.2244 152802
26.2248 152815
26.2253 152828
26.2256 152841
26.2259 152854
26.2262 152867
26.2265 152880
26.2268 152893
26.2271 152906
26.2277 152919
26.228 152932
26.2284 152945
26.2289 152958
26.2848 152971
26.2855 152984
26.286 152997
26.2863 153010
26.2866 153023
26.2869 153036
26.2872 153049
26.2875 153062
26.2878 153075
26.2881 153088
26.2884 153101
26.2888 153114
26.2893 153127
26.2896 153140
26.2899 153153
26.2902 153166
26.2908 153179
26.2911 153192
26.2914 153205
26.2918 153218
26.2923 153231
26.2926 153244
26.2929 153257
26.2932 153270
26.2935 153283
26.2938 153296
26.2941 153309
26.2944 153322
26.2947 153335
26.295 153348
26.2953 153361
26.2956 153374
26.2959 153387
26.2962 153400
26.2965 153413
26.2968 153426
26.2971 153439
26.2974 153452
26.2977 153465
26.298 153478
26.2983 153491
26.2989 153504
26.2992 153517
26.2995 153530
26.2998 153543
26.3001 153556
26.3004 153569
26.3007 153582
26.3011 153595
26.3016 153608
26.3019 153621
26.3025 153634
26.3585 153647
26.3593 153660
26.3599 153673
26.3602 153686
26.3605 153699
26.3608 153712
26.3611 153725
26.3614 153738
26.3617 153751
26.362 153764
26.3623 153777
26.3626 153790
26.3632 153803
26.3635 153816
26.3638 153829
26.3641 153842
26.3645 153855
26.365 153868
26.3653 153881
26.3656 153894
26.3662 153907
26.3665 153920
26.3668 153933
26.3671 153946
26.3674 153959
26.3677 153972
26.368 153985
26.3683 153998
26.3686 154011
26.3689 154024
26.3692 154037
26.3695 154050
26.3698 154063
26.3701 154076
26.3704 154089
26.3707 154102
26.371 154115
26.3713 154128
26.3716 154141
26.3719 154154
26.3722 154167
26.3725 154180
26.3731 154193
26.3734 154206
26.3737 154219
26.374 154232
26.3743 154245
26.3746 154258
26.3749 154271
26.3753 154284
26.3758 154297
26.3761 154310
26.3767 154323
26.4326 154336
26.4333 154349
26.4338 154362
26.4341 154375
26.4344 154388
26.4347 154401
26.435 154414
26.4353 154427
26.4356 154440
26.4359 154453
26.4362 154466
26.4366 154479
26.4371 154492
26.4374 154505
26.4377 154518
26.438 154531
26.4386 154544
26.4389 154557
26.4392 154570
26.4396 154583
26.4401 154596
26.4404 154609
26.4407 154622
26.441 154635
26.4413 154648
26.4416 154661
26.4419 154674
26.4422 154687
26.4425 154700
26.4428 154713
26.4431 154726
26.4434 154739
26.4437 154752
26.444 154765
26.4443 154778
26.4446 154791
26.4449 154804
26.4452 154817
26.4455 154830
26.4458 154843
26.4461 154856
26.4465 154869
26.447 154882
26.4473 154895
26.4476 154908
26.4479 154921
26.4482 154934
26.4485 154947
26.4488 154960
26.4494 154973
26.4497 154986
26.4501 154999
26.4507 155012
26.5068 155025
26.5075 155038
26.5078 155051
26.5081 155064
26.5084 155077
26.5087 155090
26.509 155103
26.5093 155116
26.5096 155129
26.5099 155142
26.5102 155155
26.5108 155168
26.5111 155181
26.5114 155194
26.5117 155207
26.5122 155220
26.5126 155233
26.5129 155246
26.5132 155259
26.5138 155272
26.5141 155285
26.5144 155298
26.5147 155311
26.515 155324
26.5153 155337
26.5156 155350
26.5159 155363
26.5162 155376
26.5165 155389
26.5168 155402
26.5171 155415
26.5174 155428
26.5177 155441
26.518 155454
26.5183 155467
26.5186 155480
26.5189 155493
26.5192 155506
26.5195 155519
26.5198 155532
26.5201 155545
26.5207 155558
26.521 155571
26.5213 155584
26.5216 155597
26.5219 155610
26.5222 155623
26.5225 155636
26.523 155649
26.5234 155662
26.5237 155675
26.5242 155688
26.5248 155701
26.581 155714
26.5817 155727
26.5822 155740
26.5825 155753
26.5828 155766
26.5831 155779
26.5834 155792
26.5837 155805
26.584 155818
26.5843 155831
26.5846 155844
26.585 155857
26.5855 155870
26.5858 155883
26.5861 155896
26.5864 155909
26.587 155922
26.5873 155935
26.5876 155948
26.588 155961
26.5885 155974
26.5888 155987
26.5891 156000
26.5894 156013
26.5897 156026
26.59 156039
26.5903 156052
26.5906 156065
26.5909 156078
26.5912 156091
26.5915 156104
26.5918 156117
26.5921 156130
26.5924 156143
26.5927 156156
26.593 156169
26.5933 156182
26.5936 156195
26.5939 156208
26.5942 156221
26.5945 156234
26.5949 156247
26.5954 156260
26.5957 156273
26.596 156286
26.5963 156299
26.5966 156312
26.5969 156325
26.5972 156338
26.5978 156351
26.5981 156364
26.5984 156377
26.599 156390
26.6554 156403
26.6562 156416
26.6568 156429
26.6571 156442
26.6574 156455
26.6577 156468
26.658 156481
26.6583 156494
26.6586 156507
26.6589 156520
26.6592 156533
26.6595 156546
26.6601 156559
26.6604 156572
26.6607 156585
26.661 156598
26.6615 156611
26.6619 156624
26.6622 156637
26.6625 156650
26.6631 156663
26.6634 156676
26.6637 156689
26.664 156702
26.6643 156715
26.6646 156728
26.6649 156741
26.6652 156754
26.6655 156767
26.6658 156780
26.6661 156793
26.6664 156806
26.6667 156819
26.667 156832
26.6673 156845
26.6676 156858
26.6679 156871
26.6682 156884
26.6685 156897
26.6688 156910
26.6691 156923
26.6694 156936
26.67 156949
26.6703 156962
26.6706 156975
26.6709 156988
26.6712 157001
26.6715 157014
26.6718 157027
26.6723 157040
26.6727 157053
26.673 157066
26.6735 157079
26.6739 157092
26.7305 157105
26.7313 157118
26.7318 157131
26.7321 157144
26.7324 157157
26.7327 157170
26.733 157183
26.7333 157196
26.7336 157209
26.7339 157222
26.7342 157235
26.7346 157248
26.7351 157261
26.7354 157274
26.7357 157287
26.736 157300
26.7366 157313
26.7369 157326
26.7372 157339
26.7376 157352
26.7381 157365
26.7384 157378
26.7387 157391
26.739 157404
26.7393 157417
26.7396 157430
26.7399 157443
26.7402 157456
26.7405 157469
26.7408 157482
26.7411 157495
26.7414 157508
26.7417 157521
26.742 157534
26.7423 157547
26.7426 157560
26.7429 157573
26.7432 157586
26.7435 157599
26.7438 157612
26.7441 157625
26.7445 157638
26.745 157651
26.7453 157664
26.7456 157677
26.7459 157690
26.7462 157703
26.7465 157716
26.7468 157729
26.7474 157742
26.7477 157755
26.748 157768
26.7486 157781
26.749 157794
26.8055 157807
26.8063 157820
26.8066 157833
26.8069 157846
26.8072 157859
26.8075 157872
26.8078 157885
26.8081 157898
26.8084 157911
26.8087 157924
26.809 157937
26.8096 157950
26.8099 157963
26.8102 157976
26.8105 157989
26.8109 158002
26.8114 158015
26.8117 158028
26.812 158041
26.8126 158054
26.8129 158067
26.8132 158080
26.8135 158093
26.8138 158106
26.8141 158119
26.8144 158132
26.8147 158145
26.815 158158
26.8153 158171
26.8156 158184
26.8159 158197
26.8162 158210
26.8165 158223
26.8168 158236
26.8171 158249
26.8174 158262
26.8177 158275
26.818 158288
26.8183 158301
26.8186 158314
26.8189 158327
26.8195 158340
26.8198 158353
26.8201 158366
26.8204 158379
26.8207 158392
26.821 158405
26.8213 158418
26.8217 158431
26.8222 158444
26.8225 158457
26.8229 158470
26.8234 158483
26.824 158496
26.8807 158509
26.8814 158522
26.8817 158535
26.882 158548
26.8823 158561
26.8826 158574
26.8829 158587
26.8832 158600
26.8835 158613
26.8838 158626
26.8842 158639
26.8847 158652
26.885 158665
26.8853 158678
26.8856 158691
26.886 158704
26.8865 158717
26.8868 158730
26.8871 158743
26.8877 158756
26.888 158769
26.8883 158782
26.8886 158795
26.8889 158808
26.8892 158821
26.8895 158834
26.8898 158847
26.8901 158860
26.8904 158873
26.8907 158886
26.891 158899
26.8913 158912
26.8916 158925
26.8919 158938
26.8922 158951
26.8925 158964
26.8928 158977
26.8931 158990
26.8934 159003
26.8937 159016
26.894 159029
26.8946 159042
26.8949 159055
26.8952 159068
26.8955 159081
26.8958 159094
26.8961 159107
26.8964 159120
26.8968 159133
26.8973 159146
26.8976 159159
26.898 159172
26.8985 159185
26.8991 159198
26.956 159211
26.9568 159224
26.9571 159237
26.9574 159250
26.9577 159263
26.958 159276
26.9583 159289
26.9586 159302
26.9589 159315
26.9592 159328
26.9595 159341
26.9601 159354
26.9604 159367
26.9607 159380
26.961 159393
26.9613 159406
26.9619 159419
26.9622 159432
26.9625 159445
26.9629 159458
26.9634 159471
26.9637 159484
26.964 159497
26.9643 159510
26.9646 159523
26.9649 159536
26.9652 159549
26.9655 159562
26.9658 159575
26.9661 159588
26.9664 159601
26.9667 159614
26.967 159627
26.9673 159640
26.9676 159653
26.9679 159666
26.9682 159679
26.9685 159692
26.9688 159705
26.9691 159718
26.9694 159731
26.9698 159744
26.9703 159757
26.9706 159770
26.9709 159783
26.9712 159796
26.9715 159809
26.9718 159822
26.9721 159835
26.9727 159848
26.973 159861
26.9733 159874
26.9739 159887
26.9743 159900
27.0316 159913
27.0323 159926
27.0328 159939
27.0331 159952
27.0334 159965
27.0337 159978
27.034 159991
27.0343 160004
27.0346 160017
27.0349 160030
27.0352 160043
27.0355 160056
27.0361 160069
27.0364 160082
27.0367 160095
27.037 160108
27.0373 160121
27.0379 160134
27.0382 160147
27.0385 160160
27.0389 160173
27.0394 160186
27.0397 160199
27.04 160212
27.0403 160225
27.0406 160238
27.0409 160251
27.0412 160264
27.0415 160277
27.0418 160290
27.0421 160303
27.0424 160316
27.0427 160329
27.043 160342
27.0433 160355
27.0436 160368
27.0439 160381
27.0442 160394
27.0445 160407
27.0448 160420
27.0451 160433
27.0454 160446
27.0458 160459
27.0463 160472
27.0466 160485
27.0469 160498
27.0472 160511
27.0475 160524
27.0478 160537
27.0481 160550
27.0487 160563
27.049 160576
27.0493 160589
27.0499 160602
27.0503 160615
27.1074 160628
27.1082 160641
27.1085 160654
27.1088 160667
27.1091 160680
27.1094 160693
27.1097 160706
27.11 160719
27.1103 160732
27.1106 160745
27.1109 160758
27.1113 160771
27.1118 160784
27.1121 160797
27.1124 160810
27.1127 160823
27.1131 160836
27.1136 160849
27.1139 160862
27.1142 160875
27.1148 160888
27.1151 160901
27.1154 160914
27.1157 160927
27.116 160940
27.1163 160953
27.1166 160966
27.1169 160979
27.1172 160992
27.1175 161005
27.1178 161018
27.1181 161031
27.1184 161044
27.1187 161057
27.119 161070
27.1193 161083
27.1196 161096
27.1199 161109
27.1202 161122
27.1205 161135
27.1208 161148
27.1211 161161
27.1217 161174
27.122 161187
27.1223 161200
27.1226 161213
27.1229 161226
27.1232 161239
27.1235 161252
27.1239 161265
27.1244 161278
27.1247 161291
27.1251 161303
27.1256 161315
27.1262 161327
27.1836 161339
27.1842 161351
27.1845 161363
27.1848 161375
27.1851 161387
27.1854 161399
27.1857 161411
27.186 161423
27.1863 161435
27.1866 161447
27.1869 161459
27.1875 161471
27.1878 161483
27.1881 161495
27.1884 161507
27.1887 161519
27.1891 161531
27.1896 161543
27.1899 161555
27.1902 161567
27.1908 161579
27.1911 161591
27.1914 161603
27.1917 161615
27.192 161627
27.1923 161639
27.1926 161651
27.1929 161663
27.1932 161675
27.1935 161687
27.1938 161699
27.1941 161711
27.1944 161723
27.1947 161735
27.195 161747
27.1953 161759
27.1956 161771
27.1959 161783
27.1962 161795
27.1965 161807
27.1968 161819
27.1971 161831
27.1977 161843
27.198 161855
27.1983 161867
27.1986 161879
27.1989 161891
27.1992 161903
27.1995 161915
27.1999 161927
27.2004 161939
27.2007 161951
27.2011 161963
27.2016 161975
27.2022 161987
27.2597 161999
27.2605 162011
27.2608 162023
27.2611 162035
27.2614 162047
27.2617 162059
27.262 162071
27.2623 162083
27.2626 162095
27.2629 162107
27.2632 162119
27.2636 162131
27.2641 162143
27.2644 162155
27.2647 162167
27.265 162179
27.2653 162191
27.2659 162203
27.2662 162215
27.2665 162227
27.2669 162239
27.2674 162251
27.2677 162263
27.268 162275
27.2683 162287
27.2686 162299
27.2689 162311
27.2692 162323
27.2695 162335
27.2698 162347
27.2701 162359
27.2704 162371
27.2707 162383
27.271 162395
27.2713 162407
27.2716 162419
27.2719 162431
27.2722 162443
27.2725 162455
27.2728 162467
27.2731 162479
27.2734 162491
27.2738 162503
27.2743 162515
27.2746 162527
27.2749 162539
27.2752 162551
27.2755 162563
27.2758 162575
27.2761 162587
27.2767 162599
27.277 162611
27.2773 162623
27.2779 162635
27.2783 162647
27.336 162659
27.3368 162671
27.3372 162683
27.3375 162695
27.3378 162707
27.3381 162719
27.3384 162731
27.3387 162743
27.339 162755
27.3393 162767
27.3396 162779
27.3399 162791
27.3405 162803
27.3408 162815
27.3411 162827
27.3414 162839
27.3417 162851
27.342 162863
27.3426 162875
27.3429 162887
27.3432 162899
27.3437 162911
27.3441 162923
27.3444 162935
27.3447 162947
27.345 162959
27.3453 162971
27.3456 162983
27.3459 162995
27.3462 163007
27.3465 163019
27.3468 163031
27.3471 163043
27.3474 163055
27.3477 163067
27.348 163079
27.3483 163091
27.3486 163103
27.3489 163115
27.3492 163127
27.3495 163139
27.3498 163151
27.3501 163163
27.3506 163175
27.351 163187
27.3513 163199
27.3516 163211
27.3519 163223
27.3522 163235
27.3525 163247
27.3528 163259
27.3534 163271
27.3537 163283
27.354 163295
27.3546 163307
27.3551 163319
27.4128 163331
27.4135 163343
27.414 163355
27.4143 163367
27.4146 163379
27.4149 163391
27.4152 163403
27.4155 163415
27.4158 163427
27.4161 163439
27.4164 163451
27.4167 163463
27.4173 163475
27.4176 163487
27.4179 163499
27.4182 163511
27.4185 163523
27.4188 163535
27.4194 163547
27.4197 163559
27.42 163571
27.4204 163583
27.4209 163595
27.4212 163607
27.4215 163619
27.4218 163631
27.4221 163643
27.4224 163655
27.4227 163667
27.423 163679
27.4233 163691
27.4236 163703
27.4239 163715
27.4242 163727
27.4245 163739
27.4248 163751
27.4251 163763
27.4254 163775
27.4257 163787
27.426 163799
27.4263 163811
27.4266 163823
27.4269 163835
27.4273 163847
27.4278 163859
27.4281 163871
27.4284 163883
27.4287 163895
27.429 163907
27.4293 163919
27.4296 163931
27.4302 163943
27.4305 163955
27.4308 163967
27.4314 163979
27.4318 163991
27.4897 164003
27.4904 164015
27.4907 164027
27.491 164039
27.4913 164051
27.4916 164063
27.4919 164075
27.4922 164087
27.4925 164099
27.4928 164111
27.4931 164123
27.4936 164135
27.494 164147
27.4943 164159
27.4946 164171
27.4949 164183
27.4952 164195
27.4957 164207
27.4961 164219
27.4964 164231
27.4967 164243
27.4973 164255
27.4976 164267
27.4979 164279
27.4982 164291
27.4985 164303
27.4988 164315
27.4991 164327
27.4994 164339
27.4997 164351
27.5 164363
27.5003 164375
27.5006 164387
27.5009 164399
27.5012 164411
27.5015 164423
27.5018 164435
27.5021 164447
27.5024 164459
27.5027 164471
27.503 164483
27.5033 164495
27.5036 164507
27.5042 164519
27.5045 164531
27.5048 164543
27.5051 164555
27.5054 164567
27.5057 164579
27.506 164591
27.5063 164603
27.5069 164615
27.5072 164627
27.5075 164639
27.5081 164651
27.5086 164663
27.5667 164675
27.5675 164687
27.5678 164699
27.5681 164711
27.5684 164723
27.5687 164735
27.569 164747
27.5693 164759
27.5696 164771
27.5699 164783
27.5702 164795
27.5706 164807
27.5711 164819
27.5714 164831
27.5717 164843
27.572 164855
27.5723 164867
27.5727 164879
27.5732 164891
27.5735 164903
27.5738 164915
27.5744 164927
27.5747 164939
27.575 164951
27.5753 164963
27.5756 164975
27.5759 164987
27.5762 164999
27.5765 165011
27.5768 165023
27.5771 165035
27.5774 165047
27.5777 165059
27.578 165071
27.5783 165083
27.5786 165095
27.5789 165107
27.5792 165119
27.5795 165131
27.5798 165143
27.5801 165155
27.5804 165167
27.5807 165179
27.5813 165191
27.5816 165203
27.5819 165215
27.5822 165227
27.5825 165239
27.5828 165251
27.5831 165263
27.5834 165275
27.584 165287
27.5843 165299
27.5846 165311
27.5852 165323
27.5856 165335
27.6439 165347
27.6447 165359
27.6451 165371
27.6454 165383
27.6457 165395
27.646 165407
27.6463 165419
27.6466 165431
27.6469 165443
27.6472 165455
27.6475 165467
27.6478 165479
27.6484 165491
27.6487 165503
27.649 165515
27.6493 165527
27.6496 165539
27.6499 165551
27.6505 165563
27.6508 165575
27.6511 165587
27.6516 165599
27.652 165611
27.6523 165623
27.6526 165635
27.6529 165647
27.6532 165659
27.6535 165671
27.6538 165683
27.6541 165695
27.6544 165707
27.6547 165719
27.655 165731
27.6553 165743
27.6556 165755
27.6559 165767
27.6562 165779
27.6565 165791
27.6568 165803
27.6571 165815
27.6574 165827
27.6577 165839
27.658 165851
27.6583 165863
27.6589 165875
27.6592 165887
27.6595 165899
27.6598 165911
27.6601 165923
27.6604 165935
27.6607 165947
27.661 165959
27.6616 165971
27.6619 165983
27.6622 165995
27.6628 166007
27.6633 166019
27.7216 166031
27.7223 166043
27.7228 166055
27.7231 166067
27.7234 166079
27.7237 166091
27.724 166103
27.7243 166115
27.7246 166127
27.7249 166139
27.7252 166151
27.7255 166163
27.7261 166175
27.7264 166187
27.7267 166199
27.727 166211
27.7273 166223
27.7276 166235
27.7282 166247
27.7285 166259
27.7288 166271
27.7292 166283
27.7297 166295
27.73 166307
27.7303 166319
27.7306 166331
27.7309 166343
27.7312 166355
27.7315 166367
27.7318 166379
27.7321 166391
27.7324 166403
27.7327 166415
27.733 166427
27.7333 166439
27.7336 166451
27.7339 166463
27.7342 166475
27.7345 166487
27.7348 166499
27.7351 166511
27.7354 166523
27.7357 166535
27.736 166547
27.7366 166559
27.7369 166571
27.7372 166583
27.7375 166595
27.7378 166607
27.7381 166619
27.7384 166631
27.7387 166643
27.7393 166655
27.7396 166667
27.7399 166679
27.7405 166691
27.7409 166703
27.7994 166715
27.8001 166727
27.8004 166739
27.8007 166751
27.801 166763
27.8013 166775
27.8016 166787
27.8019 166799
27.8022 166811
27.8025 166823
27.8028 166835
27.8033 166847
27.8037 166859
27.804 166871
27.8043 166883
27.8046 166895
27.8049 166907
27.8054 166919
27.8058 166931
27.8061 166943
27.8064 166955
27.807 166967
27.8073 166979
27.8076 166991
27.8079 167003
27.8082 167015
27.8085 167027
27.8088 167039
27.8091 167051
27.8094 167063
27.8097 167075
27.81 167087
27.8103 167099
27.8106 167111
27.8109 167123
27.8112 167135
27.8115 167147
27.8118 167159
27.8121 167171
27.8124 167183
27.8127 167195
27.813 167207
27.8133 167219
27.8138 167231
27.8142 167243
27.8145 167255
27.8148 167267
27.8151 167279
27.8154 167291
27.8157 167303
27.816 167315
27.8163 167327
27.8169 167339
27.8172 167351
27.8175 167363
27.8181 167375
27.8186 167387
27.8772 167399
27.8779 167411
27.8782 167423
27.8785 167435
27.8788 167447
27.8791 167459
27.8794 167471
27.8797 167483
27.88 167495
27.8803 167507
27.8806 167519
27.8811 167531
27.8815 167543
27.8818 167555
27.8821 167567
27.8824 167579
27.8827 167591
27.8832 167603
27.8836 167615
27.8839 167627
27.8842 167639
27.8848 167651
27.8851 167663
27.8854 167675
27.8857 167687
27.886 167699
27.8863 167711
27.8866 167723
27.8869 167735
27.8872 167747
27.8875 167759
27.8878 167771
27.8881 167783
27.8884 167795
27.8887 167807
27.889 167819
27.8893 167831
27.8896 167843
27.8899 167855
27.8902 167867
27.8905 167879
27.8908 167891
27.8911 167903
27.8916 167915
27.892 167927
27.8923 167939
27.8926 167951
27.8929 167963
27.8932 167975
27.8935 167987
27.8938 167999
27.8941 168011
27.8947 168023
27.8951 168035
27.8954 168047
27.896 168059
27.8964 168071
27.9553 168083
27.956 168095
27.9563 168107
27.9566 168119
27.9569 168131
27.9572 168143
27.9575 168155
27.9578 168167
27.9581 168179
27.9584 168191
27.9587 168203
27.9592 168215
27.9596 168227
27.9599 168239
27.9602 168251
27.9605 168263
27.9608 168275
27.9613 168287
27.9617 168299
27.962 168311
27.9623 168323
27.9629 168335
27.9632 168347
27.9635 168359
27.9638 168371
27.9641 168383
27.9644 168395
27.9647 168407
27.965 168419
27.9653 168431
27.9656 168443
27.9659 168455
27.9662 168467
27.9665 168479
27.9668 168491
27.9671 168503
27.9674 168515
27.9677 168527
27.968 168539
27.9683 168551
27.9686 168563
27.9689 168575
27.9692 168587
27.9697 168599
27.9702 168611
27.9705 168623
27.9708 168635
27.9711 168647
27.9714 168659
27.9717 168671
27.972 168683
27.9723 168695
27.9729 168707
27.9732 168719
27.9735 168731
27.9739 168743
27.9744 168755
27.975 168767
28.0337 168779
28.0344 168791
28.0347 168803
28.035 168815
28.0353 168827
28.0356 168839
28.0359 168851
28.0362 168863
28.0365 168875
28.0368 168887
28.0371 168899
28.0376 168911
28.038 168923
28.0383 168935
28.0386 168947
28.0389 168959
28.0392 168971
28.0397 168983
28.0401 168995
28.0404 169007
28.0407 169019
28.0413 169031
28.0416 169043
28.0419 169055
28.0422 169067
28.0425 169079
28.0428 169091
28.0431 169103
28.0434 169115
28.0437 169127
28.044 169139
28.0443 169151
28.0446 169163
28.045 169175
28.0453 169187
28.0456 169199
28.0459 169211
28.0462 169223
28.0465 169235
28.0468 169247
28.0471 169259
28.0474 169271
28.0477 169283
28.0481 169295
28.0486 169307
28.0489 169319
28.0492 169331
28.0495 169343
28.0498 169355
28.0501 169367
28.0504 169379
28.0507 169391
28.0513 169403
28.0516 169415
28.0519 169427
28.0523 169439
28.0528 169451
28.0534 169463
28.1124 169475
28.1131 169487
28.1134 169499
28.1137 169511
28.114 169523
28.1143 169535
28.1146 169547
28.1149 169559
28.1152 169571
28.1155 169583
28.1158 169595
28.1163 169607
28.1167 169619
28.117 169631
28.1173 169643
28.1176 169655
28.1179 169667
28.1184 169679
28.1188 169691
28.1191 169703
28.1194 169715
28.12 169727
28.1204 169739
28.1207 169751
28.121 169763
28.1213 169775
28.1216 169787
28.1219 169799
28.1222 169811
28.1225 169823
28.1228 169835
28.1231 169847
28.1234 169859
28.1237 169871
28.124 169883
28.1243 169895
28.1246 169907
28.1249 169919
28.1252 169931
28.1255 169943
28.1258 169955
28.1261 169967
28.1264 169979
28.1268 169991
28.1273 170003
28.1276 170015
28.1279 170027
28.1282 170039
28.1285 170051
28.1288 170063
28.1291 170075
28.1294 170087
28.13 170099
28.1303 170111
28.1306 170123
28.1309 170135
28.1315 170147
28.1319 170159
28.1911 170171
28.1918 170183
28.1921 170195
28.1924 170207
28.1927 170219
28.193 170231
28.1933 170243
28.1936 170255
28.1939 170267
28.1942 170279
28.1945 170291
28.195 170303
28.1955 170315
28.1958 170327
28.1961 170339
28.1964 170351
28.1967 170363
28.1971 170375
28.1976 170387
28.1979 170399
28.1982 170411
28.1988 170423
28.1991 170435
28.1994 170447
28.1997 170459
28.2 170471
28.2003 170483
28.2006 170495
28.2009 170507
28.2012 170519
28.2015 170531
28.2018 170543
28.2021 170555
28.2024 170567
28.2027 170579
28.203 170591
28.2033 170603
28.2036 170615
28.2039 170627
28.2042 170639
28.2045 170651
28.2048 170663
28.2051 170675
28.2055 170687
28.206 170699
28.2063 170711
28.2066 170723
28.2069 170735
28.2072 170747
28.2075 170759
28.2078 170771
28.2081 170783
28.2087 170795
28.209 170807
28.2093 170819
28.2096 170831
28.2102 170843
28.2106 170855
28.2699 170867
28.2707 170879
28.271 170891
28.2713 170903
28.2716 170915
28.2719 170927
28.2722 170939
28.2725 170951
28.2728 170963
28.2731 170975
28.2734 170987
28.2739 170999
28.2743 171011
28.2746 171023
28.2749 171035
28.2752 171047
28.2755 171059
28.276 171071
28.2764 171083
28.2767 171095
28.277 171107
28.2776 171119
28.2779 171131
28.2782 171143
28.2785 171155
28.2788 171167
28.2791 171179
28.2794 171191
28.2797 171203
28.28 171215
28.2803 171227
28.2806 171239
28.2809 171251
28.2812 171263
28.2815 171275
28.2818 171287
28.2821 171299
28.2824 171311
28.2827 171323
28.283 171335
28.2833 171347
28.2836 171359
28.2839 171371
28.2844 171383
28.2848 171395
28.2851 171407
28.2854 171419
28.2857 171431
28.286 171443
28.2863 171455
28.2866 171467
28.2869 171479
28.2875 171491
28.2878 171503
28.2881 171515
28.2884 171527
28.289 171539
28.2895 171551
28.349 171563
28.3496 171575
28.3502 171587
28.3505 171599
28.3508 171611
28.3511 171623
28.3514 171635
28.3517 171647
28.352 171659
28.3523 171671
28.3526 171683
28.3529 171695
28.3533 171707
28.3538 171719
28.3541 171731
28.3544 171743
28.3547 171755
28.355 171767
28.3554 171779
28.3559 171791
28.3562 171803
28.3565 171815
28.3571 171827
28.3574 171839
28.3577 171851
28.358 171863
28.3583 171875
28.3586 171887
28.3589 171899
28.3592 171911
28.3595 171923
28.3598 171935
28.3601 171947
28.3604 171959
28.3607 171971
28.361 171983
28.3613 171995
28.3616 172007
28.3619 172019
28.3622 172031
28.3625 172043
28.3628 172055
28.3631 172067
28.3634 172079
28.3638 172091
28.3643 172103
28.3646 172115
28.3649 172127
28.3652 172139
28.3655 172151
28.3658 172163
28.3661 172175
28.3664 172187
28.367 172199
28.3673 172211
28.3676 172223
28.3679 172235
28.3685 172247
28.3689 172259
28.4283 172271
28.429 172283
28.4296 172295
28.4299 172307
28.4302 172319
28.4305 172331
28.4308 172343
28.4311 172355
28.4314 172367
28.4317 172379
28.432 172391
28.4323 172403
28.4328 172415
28.4332 172427
28.4335 172439
28.4338 172451
28.4341 172463
28.4344 172475
28.4349 172487
28.4353 172499
28.4356 172511
28.4359 172523
28.4365 172535
28.4368 172547
28.4371 172559
28.4374 172571
28.4377 172583
28.438 172595
28.4383 172607
28.4386 172619
28.4389 172631
28.4392 172643
28.4395 172655
28.4398 172667
28.4401 172679
28.4404 172691
28.4407 172703
28.441 172715
28.4413 172727
28.4416 172739
28.4419 172751
28.4422 172763
28.4425 172775
28.4428 172787
28.4433 172799
28.4437 172811
28.444 172823
28.4443 172835
28.4446 172847
28.4449 172859
28.4452 172871
28.4455 172883
28.4458 172895
28.4464 172907
28.4467 172919
28.447 172931
28.4473 172943
28.4479 172955
28.4484 172967
28.5079 172979
28.5086 172991
28.5091 173003
28.5094 173015
28.5097 173027
28.51 173039
28.5103 173051
28.5106 173063
28.5109 173075
28.5112 173087
28.5115 173099
28.5118 173111
28.5124 173123
28.5127 173135
28.513 173147
28.5133 173159
28.5136 173171
28.5139 173183
28.5143 173195
28.5148 173207
28.5151 173219
28.5154 173231
28.516 173243
28.5163 173255
28.5166 173267
28.5169 173279
28.5172 173291
28.5175 173303
28.5178 173315
28.5181 173327
28.5184 173339
28.5187 173351
28.519 173363
28.5193 173375
28.5196 173387
28.5199 173399
28.5202 173411
28.5205 173423
28.5208 173435
28.5211 173447
28.5214 173459
28.5217 173471
28.522 173483
28.5223 173495
28.5227 173507
28.5232 173519
28.5235 173531
28.5238 173543
28.5241 173555
28.5244 173567
28.5247 173579
28.525 173591
28.5253 173603
28.5259 173615
28.5262 173627
28.5265 173639
28.5268 173651
28.5274 173663
28.5278 173675
28.5875 173687
28.5882 173699
28.5887 173711
28.589 173723
28.5893 173735
28.5896 173747
28.5899 173759
28.5902 173771
28.5905 173783
28.5908 173795
28.5911 173807
28.5914 173819
28.592 173831
28.5923 173843
28.5926 173855
28.5929 173867
28.5932 173879
28.5935 173891
28.5939 173903
28.5944 173915
28.5947 173927
28.595 173939
28.5956 173951
28.5959 173963
28.5962 173975
28.5965 173987
28.5968 173999
28.5971 174011
28.5974 174023
28.5977 174035
28.598 174047
28.5983 174059
28.5986 174071
28.5989 174083
28.5992 174095
28.5995 174107
28.5998 174119
28.6001 174131
28.6004 174143
28.6007 174155
28.601 174167
28.6013 174179
28.6016 174191
28.6019 174203
28.6023 174215
28.6028 174227
28.6031 174239
28.6034 174251
28.6037 174263
28.604 174275
28.6043 174287
28.6046 174299
28.6049 174311
28.6055 174323
28.6058 174335
28.6061 174347
28.6064 174359
28.607 174371
28.6074 174383
28.6674 174395
28.6681 174407
28.6686 174419
28.6689 174431
28.6692 174443
28.6695 174455
28.6698 174467
28.6701 174479
28.6704 174491
28.6707 174503
28.671 174515
28.6713 174527
28.6719 174539
28.6722 174551
28.6725 174563
28.6728 174575
28.6731 174587
28.6734 174599
28.6737 174611
28.6743 174623
28.6746 174635
28.6749 174647
28.6753 174659
28.6758 174671
28.6761 174683
28.6764 174695
28.6767 174707
28.677 174719
28.6773 174731
28.6776 174742
28.6779 174753
28.6782 174764
28.6785 174775
28.6788 174786
28.6791 174797
28.6794 174808
28.6797 174819
28.68 174830
28.6803 174841
28.6806 174852
28.6809 174863
28.6812 174874
28.6815 174885
28.6818 174896
28.6821 174907
28.6827 174918
28.683 174929
28.6833 174940
28.6836 174951
28.6839 174962
28.6842 174973
28.6845 174984
28.6848 174995
28.6853 175006
28.6857 175017
28.686 175028
28.6863 175039
28.6868 175050
28.6872 175061
28.6878 175072
28.7476 175083
28.7483 175094
28.7488 175105
28.7491 175116
28.7494 175127
28.7497 175138
28.75 175149
28.7503 175160
28.7506 175171
28.7509 175182
28.7512 175193
28.7515 175204
28.7521 175215
28.7524 175226
28.7527 175237
28.753 175248
28.7533 175259
28.7536 175270
28.7539 175281
28.7545 175292
28.7548 175303
28.7551 175314
28.7555 175325
28.756 175336
28.7563 175347
28.7566 175358
28.7569 175369
28.7572 175380
28.7575 175391
28.7578 175402
28.7581 175413
28.7584 175424
28.7587 175435
28.759 175446
28.7593 175457
28.7596 175468
28.7599 175479
28.7602 175490
28.7605 175501
28.7608 175512
28.7611 175523
28.7614 175534
28.7617 175545
28.762 175556
28.7623 175567
28.7629 175578
28.7632 175589
28.7635 175600
28.7638 175611
28.7641 175622
28.7644 175633
28.7647 175644
28.765 175655
28.7655 175666
28.7659 175677
28.7662 175688
28.7665 175699
28.767 175710
28.7674 175721
28.768 175732
28.8281 175743
28.8288 175754
28.8293 175765
28.8296 175776
28.8299 175787
28.8302 175798
28.8305 175809
28.8308 175820
28.8311 175831
28.8314 175842
28.8317 175853
28.832 175864
28.8326 175875
28.8329 175886
28.8332 175897
28.8335 175908
28.8338 175919
28.8341 175930
28.8344 175941
28.8349 175952
28.8353 175963
28.8356 175974
28.8359 175985
28.8365 175996
28.8368 176007
28.8371 176018
28.8374 176029
28.8377 176040
28.838 176051
28.8383 176062
28.8386 176073
28.8389 176084
28.8392 176095
28.8395 176106
28.8398 176117
28.8401 176128
28.8404 176139
28.8407 176150
28.841 176161
28.8413 176172
28.8416 176183
28.8419 176194
28.8422 176205
28.8425 176216
28.8428 176227
28.8433 176238
28.8437 176249
28.844 176260
28.8443 176271
28.8446 176282
28.8449 176293
28.8452 176304
28.8455 176315
28.8458 176326
28.8464 176337
28.8467 176348
28.847 176359
28.8473 176370
28.8479 176381
28.8484 176392
28.9086 176403
28.9094 176414
28.9098 176425
28.9101 176436
28.9104 176447
28.9107 176458
28.911 176469
28.9113 176480
28.9116 176491
28.9119 176502
28.9122 176513
28.9125 176524
28.9131 176535
28.9134 176546
28.9137 176557
28.914 176568
28.9143 176579
28.9146 176590
28.9149 176601
28.9154 176612
28.9158 176623
28.9161 176634
28.9164 176645
28.917 176656
28.9173 176667
28.9176 176678
28.9179 176689
28.9182 176700
28.9185 176711
28.9188 176722
28.9191 176733
28.9194 176744
28.9197 176755
28.92 176766
28.9203 176777
28.9206 176788
28.9209 176799
28.9212 176810
28.9215 176821
28.9218 176832
28.9221 176843
28.9224 176854
28.9227 176865
28.923 176876
28.9233 176887
28.9238 176898
28.9242 176909
28.9245 176920
28.9248 176931
28.9251 176942
28.9254 176953
28.9257 176964
28.926 176975
28.9263 176986
28.9269 176997
28.9272 177008
28.9275 177019
28.9278 177030
28.9284 177041
28.9289 177052
28.9894 177063
28.9902 177074
28.9906 177085
28.9909 177096
28.9912 177107
28.9915 177118
28.9918 177129
28.9921 177140
28.9924 177151
28.9927 177162
28.993 177173
28.9933 177184
28.9939 177195
28.9942 177206
28.9945 177217
28.9948 177228
28.9951 177239
28.9954 177250
28.9957 177261
28.9962 177272
28.9966 177283
28.9969 177294
28.9972 177305
28.9978 177316
28.9981 177327
28.9984 177338
28.9987 177349
28.999 177360
28.9993 177371
28.9996 177382
28.9999 177393
29.0002 177404
29.0005 177415
29.0008 177426
29.0011 177437
29.0014 177448
29.0017 177459
29.002 177470
29.0023 177481
29.0026 177492
29.0029 177503
29.0032 177514
29.0035 177525
29.0038 177536
29.0041 177547
29.0046 177558
29.005 177569
29.0053 177580
29.0056 177591
29.0059 177602
29.0062 177613
29.0065 177624
29.0068 177635
29.0071 177646
29.0076 177657
29.008 177668
29.0083 177679
29.0086 177690
29.0091 177701
29.0095 177712
29.0101 177723
29.0705 177734
29.0713 177745
29.0717 177756
29.072 177767
29.0723 177778
29.0726 177789
29.0729 177800
29.0732 177811
29.0735 177822
29.0738 177833
29.0741 177844
29.0744 177855
29.075 177866
29.0753 177877
29.0756 177888
29.0759 177899
29.0762 177910
29.0765 177921
29.0768 177932
29.0773 177943
29.0777 177954
29.078 177965
29.0783 177976
29.0789 177987
29.0792 177998
29.0795 178009
29.0798 178020
29.0801 178031
29.0804 178042
29.0807 178053
29.081 178064
29.0813 178075
29.0816 178086
29.0819 178097
29.0822 178108
29.0825 178119
29.0828 178130
29.0831 178141
29.0834 178152
29.0837 178163
29.084 178174
29.0843 178185
29.0846 178196
29.0849 178207
29.0852 178218
29.0857 178229
29.0861 178240
29.0864 178251
29.0867 178262
29.087 178273
29.0873 178284
29.0876 178295
29.0879 178306
29.0882 178317
29.0887 178328
29.0891 178339
29.0894 178350
29.0897 178361
29.0902 178372
29.0906 178383
29.0912 178394
29.1519 178405
29.1527 178416
29.1531 178427
29.1534 178438
29.1537 178449
29.154 178460
29.1543 178471
29.1546 178482
29.1549 178493
29.1552 178504
29.1555 178515
29.1558 178526
29.1564 178537
29.1567 178548
29.157 178559
29.1573 178570
29.1576 178581
29.1579 178592
29.1582 178603
29.1587 178614
29.1591 178625
29.1594 178636
29.1597 178647
29.1603 178658
29.1606 178669
29.1609 178680
29.1612 178691
29.1615 178702
29.1618 178713
29.1621 178724
29.1624 178735
29.1627 178746
29.163 178757
29.1633 178768
29.1636 178779
29.1639 178790
29.1642 178801
29.1645 178812
29.1648 178823
29.1651 178834
29.1654 178845
29.1657 178856
29.166 178867
29.1663 178878
29.1666 178889
29.1669 178900
29.1675 178911
29.1678 178922
29.1681 178933
29.1684 178944
29.1687 178955
29.169 178966
29.1693 178977
29.1696 178988
29.1699 178999
29.1705 179010
29.1708 179021
29.1711 179032
29.1715 179043
29.1721 179054
29.1725 179065
29.2333 179076
29.2341 179087
29.2345 179098
29.2348 179109
29.2351 179120
29.2354 179131
29.2357 179142
29.236 179153
29.2363 179164
29.2366 179175
29.2369 179186
29.2372 179197
29.2378 179208
29.2381 179219
29.2384 179230
29.2387 179241
29.239 179252
29.2393 179263
29.2396 179274
29.2401 179285
29.2405 179296
29.2408 179307
29.2411 179318
29.2417 179329
29.242 179340
29.2423 179351
29.2426 179362
29.2429 179373
29.2432 179384
29.2435 179395
29.2438 179406
29.2441 179417
29.2444 179428
29.2447 179439
29.245 179450
29.2453 179461
29.2456 179472
29.2459 179483
29.2462 179494
29.2465 179505
29.2469 179516
29.2472 179527
29.2475 179538
29.2478 179549
29.2481 179560
29.2484 179571
29.249 179582
29.2493 179593
29.2496 179604
29.2499 179615
29.2502 179626
29.2505 179637
29.2508 179648
29.2511 179659
29.2514 179670
29.252 179681
29.2523 179692
29.2526 179703
29.2529 179714
29.2535 179725
29.2539 179736
29.3149 179747
29.3156 179758
29.3161 179769
29.3164 179780
29.3167 179791
29.317 179802
29.3173 179813
29.3176 179824
29.3179 179835
29.3182 179846
29.3185 179857
29.3188 179868
29.3194 179879
29.3197 179890
29.32 179901
29.3203 179912
29.3206 179923
29.3209 179934
29.3212 179945
29.3217 179956
29.3221 179967
29.3224 179978
29.3227 179989
29.3233 180000
29.3236 180011
29.3239 180022
29.3242 180033
29.3245 180044
29.3248 180055
29.3251 180066
29.3254 180077
29.3257 180088
29.326 180099
29.3263 180110
29.3266 180121
29.3269 180132
29.3272 180143
29.3275 180154
29.3278 180165
29.3281 180176
29.3284 180187
29.3287 180198
29.329 180209
29.3293 180220
29.3296 180231
29.3299 180242
29.3305 180253
29.3308 180264
29.3311 180275
29.3314 180286
29.3317 180297
29.332 180308
29.3323 180319
29.3326 180330
29.3329 180341
29.3334 180352
29.3338 180363
29.3341 180374
29.3344 180385
29.3349 180396
29.3353 180407
29.3359 180418
29.3969 180429
29.3977 180440
29.398 180451
29.3983 180462
29.3986 180473
29.3989 180484
29.3992 180495
29.3995 180506
29.3998 180517
29.4001 180528
29.4004 180539
29.4008 180550
29.4013 180561
29.4016 180572
29.4019 180583
29.4022 180594
29.4025 180605
29.4028 180616
29.4031 180627
29.4037 180638
29.404 180649
29.4043 180660
29.4047 180671
29.4052 180682
29.4055 180693
29.4058 180704
29.4061 180715
29.4064 180726
29.4067 180737
29.407 180748
29.4073 180759
29.4076 180770
29.4079 180781
29.4082 180792
29.4085 180803
29.4088 180814
29.4091 180825
29.4094 180836
29.4097 180847
29.41 180858
29.4103 180869
29.4106 180880
29.4109 180891
29.4112 180902
29.4115 180913
29.4119 180924
29.4124 180935
29.4127 180946
29.413 180957
29.4133 180968
29.4136 180979
29.4139 180990
29.4142 181001
29.4145 181012
29.4148 181023
29.4154 181034
29.4157 181045
29.416 181056
29.4163 181067
29.4169 181078
29.4173 181089
29.4179 181100
29.4791 181111
29.4798 181122
29.4801 181133
29.4804 181144
29.4807 181155
29.481 181166
29.4813 181177
29.4816 181188
29.4819 181199
29.4822 181210
29.4825 181221
29.483 181232
29.4834 181243
29.4837 181254
29.484 181265
29.4843 181276
29.4846 181287
29.4849 181298
29.4852 181309
29.4858 181320
29.4861 181331
29.4864 181342
29.4869 181353
29.4873 181364
29.4876 181375
29.4879 181386
29.4882 181397
29.4885 181408
29.4888 181419
29.4891 181430
29.4894 181441
29.4897 181452
29.49 181463
29.4903 181474
29.4906 181485
29.4909 181496
29.4912 181507
29.4915 181518
29.4918 181529
29.4921 181540
29.4924 181551
29.4927 181562
29.493 181573
29.4933 181584
29.4936 181595
29.4941 181606
29.4945 181617
29.4948 181628
29.4951 181639
29.4954 181650
29.4957 181661
29.496 181672
29.4963 181683
29.4966 181694
29.4969 181705
29.4974 181716
29.4978 181727
29.4981 181738
29.4984 181749
29.4989 181760
29.4993 181771
29.4999 181782
29.5614 181793
29.5621 181804
29.5626 181815
29.5629 181826
29.5632 181837
29.5635 181848
29.5638 181859
29.5641 181870
29.5644 181881
29.5647 181892
29.565 181903
29.5653 181914
29.5659 181925
29.5662 181936
29.5665 181947
29.5668 181958
29.5671 181969
29.5674 181980
29.5677 181991
29.5681 182002
29.5686 182013
29.5689 182024
29.5692 182035
29.5698 182046
29.5701 182057
29.5704 182068
29.5707 182079
29.571 182090
29.5713 182101
29.5716 182112
29.5719 182123
29.5722 182134
29.5725 182145
29.5728 182156
29.5731 182167
29.5734 182178
29.5737 182189
29.574 182200
29.5743 182211
29.5746 182222
29.5749 182233
29.5752 182244
29.5755 182255
29.5758 182266
29.5761 182277
29.5764 182288
29.577 182299
29.5773 182310
29.5776 182321
29.5779 182332
29.5782 182343
29.5785 182354
29.5788 182365
29.5791 182376
29.5794 182387
29.5797 182398
29.5803 182409
29.5806 182420
29.5809 182431
29.5812 182442
29.5818 182453
29.5822 182464
29.6438 182475
29.6446 182486
29.645 182497
29.6453 182508
29.6456 182519
29.6459 182530
29.6462 182541
29.6465 182552
29.6468 182563
29.6471 182574
29.6474 182585
29.6477 182596
29.6483 182607
29.6486 182618
29.6489 182629
29.6492 182640
29.6495 182651
29.6498 182662
29.6501 182673
29.6506 182684
29.651 182695
29.6513 182706
29.6516 182717
29.6522 182728
29.6525 182739
29.6528 182750
29.6531 182761
29.6534 182772
29.6537 182783
29.654 182794
29.6543 182805
29.6546 182816
29.6549 182827
29.6552 182838
29.6555 182849
29.6558 182860
29.6561 182871
29.6564 182882
29.6567 182893
29.657 182904
29.6573 182915
29.6576 182926
29.6579 182937
29.6582 182948
29.6585 182959
29.6588 182970
29.6594 182981
29.6598 182992
29.6601 183003
29.6604 183014
29.6607 183025
29.661 183036
29.6613 183047
29.6616 183058
29.6619 183069
29.6622 183080
29.6628 183091
29.6631 183102
29.6634 183113
29.6637 183124
29.6643 183135
29.6647 183146
29.6652 183157
29.7267 183168
29.7275 183179
29.7278 183190
29.7281 183201
29.7284 183212
29.7287 183223
29.729 183234
29.7293 183245
29.7296 183256
29.7299 183267
29.7302 183278
29.7306 183289
29.7311 183300
29.7314 183311
29.7317 183322
29.732 183333
29.7323 183344
29.7326 183355
29.7329 183366
29.7335 183377
29.7338 183388
29.7341 183399
29.7345 183410
29.735 183421
29.7353 183432
29.7356 183443
29.7359 183454
29.7362 183465
29.7365 183476
29.7368 183487
29.7371 183498
29.7374 183509
29.7377 183520
29.738 183531
29.7383 183542
29.7386 183553
29.7389 183564
29.7392 183575
29.7395 183586
29.7398 183597
29.7401 183608
29.7404 183619
29.7407 183630
29.741 183641
29.7413 183652
29.7418 183663
29.7422 183674
29.7425 183685
29.7428 183696
29.7431 183707
29.7434 183718
29.7437 183729
29.744 183740
29.7443 183751
29.7446 183762
29.7451 183773
29.7455 183784
29.7458 183795
29.7461 183806
29.7466 183817
29.747 183828
29.7476 183839
29.7481 183850
29.8098 183861
29.8106 183872
29.8109 183883
29.8112 183894
29.8115 183905
29.8118 183916
29.8121 183927
29.8124 183938
29.8127 183949
29.813 183960
29.8133 183971
29.8137 183982
29.8142 183993
29.8145 184004
29.8148 184015
29.8151 184026
29.8154 184037
29.8157 184048
29.816 184059
29.8166 184070
29.8169 184081
29.8172 184092
29.8176 184103
29.8181 184114
29.8184 184125
29.8187 184136
29.819 184147
29.8193 184158
29.8196 184169
29.8199 184180
29.8202 184191
29.8205 184202
29.8208 184213
29.8211 184224
29.8214 184235
29.8217 184246
29.822 184257
29.8223 184268
29.8226 184279
29.8229 184290
29.8232 184301
29.8235 184312
29.8238 184323
29.8241 184334
29.8244 184345
29.8248 184356
29.8253 184367
29.8256 184378
29.8259 184389
29.8262 184400
29.8265 184411
29.8268 184422
29.8271 184433
29.8274 184444
29.8277 184455
29.8281 184466
29.8286 184477
29.8289 184488
29.8292 184499
29.8296 184510
29.8301 184521
29.8307 184532
29.8311 184543
29.8932 184554
29.8939 184565
29.8942 184576
29.8945 184587
29.8948 184598
29.8951 184609
29.8954 184620
29.8957 184631
29.896 184642
29.8963 184653
29.8966 184664
29.8969 184675
29.8975 184686
29.8978 184697
29.8981 184708
29.8984 184719
29.8987 184730
29.899 184741
29.8993 184752
29.8998 184763
29.9002 184774
29.9005 184785
29.9008 184796
29.9014 184807
29.9017 184818
29.902 184829
29.9023 184840
29.9026 184851
29.9029 184862
29.9032 184873
29.9035 184884
29.9038 184895
29.9041 184906
29.9044 184917
29.9047 184928
29.905 184939
29.9053 184950
29.9056 184961
29.9059 184972
29.9062 184983
29.9065 184994
29.9068 185005
29.9071 185016
29.9074 185027
29.9077 185038
29.908 185049
29.9086 185060
29.9089 185071
29.9092 185082
29.9095 185093
29.9098 185104
29.9101 185115
29.9104 185126
29.9107 185137
29.911 185148
29.9113 185159
29.9119 185170
29.9122 185181
29.9125 185192
29.9128 185203
29.9134 185214
29.9139 185225
29.9143 185236
29.9765 185247
29.9773 185258
29.9776 185269
29.9779 185280
29.9782 185291
29.9785 185302
29.9788 185313
29.9791 185324
29.9794 185335
29.9797 185346
29.98 185357
29.9803 185368
29.9809 185379
29.9812 185390
29.9815 185401
29.9818 185412
29.9821 185423
29.9824 185434
29.9827 185445
29.9831 185456
29.9834 185467
