1.0
1.0
1.0
1.0
1.0
1.0
1.0
1.0
1.0
1.0
0.8609774820714392
0.8519335890289451
0.9015446505495163
0.8524656324361082
0.8255189517316135
0.8424229657236167
0.9255175638629111
0.9436553377682263
0.9569406721562781
0.9628011243682715
0.9677239941611063
0.971148750470514
0.9704576232926798
0.9711268153251751
0.9788827036270257
0.9788935950390472
0.985926195988228
0.9841134674034424
0.9900615921302557
0.944946802713
0.8546252902689443
0.5156970205638522
0.705812959972106
0.7235427198231789
0.7193785943870876
0.7333930245488337
0.7539488020130344
0.7613583821318711
0.7837219033601789
0.7694140480167718
0.7637416429654327
0.7760563102931756
0.7596964218456151
0.7566075321422906
0.7749622537928096
0.77535927648629
0.7714681903195432
0.7766985707781131
0.7863727126912112
0.7853936866133716
0.8023459496912725
0.7940932051760469
0.7895057834879396
0.8081975853947727
0.8456198427374905
0.8500412435820504
0.8056679514676378
0.8592132759257427
0.9302209130544812
0.9773910977392329
0.9996504160942032
0.9981735699543097
0.9998606499063729
0.9999693910393724
0.9999875904893536
0.999930827724129
0.9999458867025628
0.999923618867077
0.9999990416573343
0.9998734366687135
0.9999888738928547
0.9999049563777452
0.9999814005488321
0.9998524195391425
0.9999995407221713
0.9998237678013154
0.9343979323636489
1.0
1.0
1.0
1.0
1.0
1.0
1.0
1.0
1.0
