0.681453 27.486 0 264704 265216
0.691517 27.516 0 265216 265728
0.713446 27.54 0 265728 266240
0.735375 27.559 0 266240 266752
0.757605 27.605 0 266752 267264
0.779534 27.641 0 267264 267776
0.801463 27.67 0 267776 268288
0.823693 27.724 0 268288 268800
0.845922 27.766 0 268800 269312
0.867852 27.8 0 269312 269824
0.890081 27.858 0 269824 270336
0.91201 27.903 0 270336 270848
0.93424 27.97 0 270848 271360
0.956169 28.024 0 271360 271872
0.978098 28.066 0 271872 272384
1.00063 28.13 0 272384 272896
1.02256 28.182 0 272896 273408
1.04449 28.223 0 273408 273920
1.06672 28.286 0 273920 274432
1.08865 28.336 0 274432 274944
1.11057 28.376 0 274944 275456
1.1328 28.439 0 275456 275968
1.15503 28.488 0 275968 276480
1.17696 28.528 0 276480 276992
1.19919 28.59 0 276992 277504
1.22112 28.64 0 277504 278016
1.24305 28.679 0 278016 278528
1.26528 28.741 0 278528 279040
1.28721 28.791 0 279040 279552
1.30974 28.86 0 279552 280064
1.33167 28.916 0 280064 280576
1.3536 28.96 0 280576 281088
1.37583 29.026 0 281088 281600
1.39776 29.078 0 281600 282112
1.41969 29.12 0 282112 282624
1.44192 29.184 0 282624 283136
1.46415 29.235 0 283136 283648
1.48607 29.276 0 283648 284160
1.5083 29.338 0 284160 284672
1.53023 29.388 0 284672 285184
1.55216 29.429 0 285184 285696
1.57439 29.491 0 285696 286208
1.59632 29.54 0 286208 286720
1.61885 29.61 0 286720 287232
1.64078 29.666 0 287232 287744
1.66271 29.711 0 287744 288256
1.68494 29.776 0 288256 288768
1.70687 29.829 0 288768 289280
1.75914 28.67 0 230912 231424
1.77596 27.742 0 231424 231936
1.79338 27.03 0 231936 232448
1.81051 26.46 0 232448 232960
1.82763 26.005 0 232960 233472
1.84716 25.67 0 233472 233984
1.86638 25.402 0 233984 234496
1.88561 25.188 0 234496 235008
1.90513 25.047 0 235008 235520
1.92436 24.934 0 235520 236032
1.94388 24.874 0 236032 236544
1.96311 24.825 0 236544 237056
1.98234 24.787 0 237056 237568
2.00186 24.786 0 237568 238080
2.02109 24.785 0 238080 238592
2.04031 24.785 0 238592 239104
2.05984 24.814 0 239104 239616
2.07906 24.838 0 239616 240128
2.09829 24.857 0 240128 240640
2.11782 24.902 0 240640 241152
2.13704 24.938 0 241152 241664
2.15627 24.967 0 241664 242176
2.17579 25.02 0 242176 242688
2.19502 25.063 0 242688 243200
2.21424 25.097 0 243200 243712
2.23377 25.154 0 243712 244224
2.253 25.2 0 244224 244736
2.27252 25.267 0 244736 245248
2.29175 25.32 0 245248 245760
2.31097 25.363 0 245760 246272
2.3305 25.427 0 246272 246784
2.34972 25.478 0 246784 247296
2.36895 25.519 0 247296 247808
2.38848 25.582 0 247808 248320
2.4077 25.633 0 248320 248832
2.42693 25.673 0 248832 249344
2.44645 25.735 0 249344 249856
2.46568 25.785 0 249856 250368
2.4849 25.825 0 250368 250880
2.50443 25.887 0 250880 251392
2.52366 25.936 0 251392 251904
2.54288 25.976 0 251904 252416
2.56241 26.038 0 252416 252928
2.58163 26.087 0 252928 253440
2.60116 26.156 0 253440 253952
2.62039 26.212 0 253952 254464
2.63961 26.257 0 254464 254976
2.65914 26.322 0 254976 255488
2.67836 26.375 0 255488 256000
2.69759 26.417 0 256000 256512
2.75106 25.459 0 207872 208384
2.76638 24.693 0 208384 208896
2.782 24.11 0 208896 209408
2.79732 23.644 0 209408 209920
2.81354 23.271 0 209920 210432
2.83097 23.002 0 210432 210944
2.84809 22.788 0 210944 211456
2.86551 22.646 0 211456 211968
2.88263 22.532 0 211968 212480
2.89946 22.442 0 212480 212992
2.91688 22.399 0 212992 213504
2.934 22.365 0 213504 214016
2.95113 22.338 0 214016 214528
2.96855 22.346 0 214528 215040
2.98567 22.353 0 215040 215552
3.00279 22.358 0 215552 216064
3.02022 22.392 0 216064 216576
3.03734 22.42 0 216576 217088
3.05416 22.442 0 217088 217600
3.07159 22.489 0 217600 218112
3.08871 22.527 0 218112 218624
3.10583 22.558 0 218624 219136
3.12325 22.612 0 219136 219648
3.14038 22.656 0 219648 220160
3.1578 22.721 0 220160 220672
3.17492 22.773 0 220672 221184
3.19205 22.814 0 221184 221696
3.20917 22.877 0 221696 222208
3.22629 22.928 0 222208 222720
3.24341 22.968 0 222720 223232
3.26084 23.031 0 223232 223744
3.27796 23.081 0 223744 224256
3.29508 23.121 0 224256 224768
3.31251 23.183 0 224768 225280
3.32963 23.232 0 225280 225792
3.34675 23.272 0 225792 226304
3.36388 23.334 0 226304 226816
3.381 23.383 0 226816 227328
3.39812 23.423 0 227328 227840
3.41554 23.484 0 227840 228352
3.43267 23.534 0 228352 228864
3.45009 23.603 0 228864 229376
3.46721 23.659 0 229376 229888
3.48434 23.703 0 229888 230400
3.50176 23.769 0 230400 230912
3.51858 23.821 0 230912 231424
3.5357 23.863 0 231424 231936
3.55313 23.927 0 231936 232448
3.57025 23.978 0 232448 232960
3.58737 24.019 0 232960 233472
3.6069 24.081 0 233472 233984
3.62612 24.132 0 233984 234496
3.64535 24.172 0 234496 235008
3.66488 24.234 0 235008 235520
3.6841 24.283 0 235520 236032
3.70363 24.353 0 236032 236544
3.75019 23.928 0 212992 213504
3.76701 23.588 0 213504 214016
3.78413 23.317 0 214016 214528
3.80156 23.129 0 214528 215040
3.81868 22.979 0 215040 215552
3.8358 22.859 0 215552 216064
3.85323 22.793 0 216064 216576
3.87035 22.741 0 216576 217088
3.88747 22.698 0 217088 217600
3.9046 22.695 0 217600 218112
3.92172 22.692 0 218112 218624
3.93884 22.689 0 218624 219136
3.95626 22.717 0 219136 219648
3.97339 22.74 0 219648 220160
3.99081 22.788 0 220160 220672
4.00793 22.826 0 220672 221184
4.02506 22.857 0 221184 221696
4.04248 22.912 0 221696 222208
4.0593 22.955 0 222208 222720
4.07642 22.99 0 222720 223232
4.09385 23.048 0 223232 223744
4.11097 23.095 0 223744 224256
4.12809 23.132 0 224256 224768
4.14552 23.192 0 224768 225280
4.16264 23.24 0 225280 225792
4.17976 23.278 0 225792 226304
4.19718 23.338 0 226304 226816
4.21401 23.387 0 226816 227328
4.23113 23.426 0 227328 227840
4.24855 23.487 0 227840 228352
4.26568 23.536 0 228352 228864
4.2831 23.605 0 228864 229376
4.30022 23.66 0 229376 229888
4.31734 23.704 0 229888 230400
4.33477 23.77 0 230400 230912
4.35189 23.822 0 230912 231424
4.36871 23.864 0 231424 231936
4.38614 23.928 0 231936 232448
4.40326 23.978 0 232448 232960
4.42038 24.019 0 232960 233472
4.43991 24.082 0 233472 233984
4.45913 24.132 0 233984 234496
4.47836 24.172 0 234496 235008
4.49789 24.234 0 235008 235520
4.51711 24.283 0 235520 236032
4.53664 24.353 0 236032 236544
4.55586 24.409 0 236544 237056
4.57509 24.454 0 237056 237568
4.59461 24.519 0 237568 238080
4.61384 24.572 0 238080 238592
4.63307 24.614 0 238592 239104
4.65259 24.678 0 239104 239616
4.67182 24.729 0 239616 240128
4.69104 24.77 0 240128 240640
4.75082 24.262 0 213504 214016
4.76764 23.855 0 214016 214528
4.78507 23.56 0 214528 215040
4.80219 23.324 0 215040 215552
4.81931 23.135 0 215552 216064
4.83674 23.014 0 216064 216576
4.85386 22.917 0 216576 217088
4.87098 22.839 0 217088 217600
4.88841 22.808 0 217600 218112
4.90523 22.782 0 218112 218624
4.92235 22.761 0 218624 219136
4.93977 22.775 0 219136 219648
4.9569 22.786 0 219648 220160
4.97432 22.825 0 220160 220672
4.99144 22.856 0 220672 221184
5.00857 22.881 0 221184 221696
5.02599 22.931 0 221696 222208
5.04311 22.971 0 222208 222720
5.05993 23.003 0 222720 223232
5.07736 23.058 0 223232 223744
5.09448 23.103 0 223744 224256
5.1116 23.138 0 224256 224768
5.12903 23.197 0 224768 225280
5.14615 23.243 0 225280 225792
5.16327 23.281 0 225792 226304
5.18069 23.341 0 226304 226816
5.19782 23.389 0 226816 227328
5.21464 23.427 0 227328 227840
5.23206 23.488 0 227840 228352
5.24919 23.537 0 228352 228864
5.26661 23.606 0 228864 229376
5.28373 23.661 0 229376 229888
5.30085 23.705 0 229888 230400
5.31828 23.77 0 230400 230912
5.3354 23.822 0 230912 231424
5.35252 23.864 0 231424 231936
5.36965 23.928 0 231936 232448
5.38677 23.979 0 232448 232960
5.40389 24.019 0 232960 233472
5.42342 24.082 0 233472 233984
5.44264 24.132 0 233984 234496
5.46187 24.172 0 234496 235008
5.48139 24.234 0 235008 235520
5.50062 24.283 0 235520 236032
5.52015 24.353 0 236032 236544
5.53937 24.409 0 236544 237056
5.5586 24.454 0 237056 237568
5.57812 24.519 0 237568 238080
5.59735 24.572 0 238080 238592
5.61657 24.614 0 238592 239104
5.6361 24.678 0 239104 239616
5.65533 24.729 0 239616 240128
5.67455 24.77 0 240128 240640
5.69408 24.832 0 240640 241152
5.74995 24.252 0 210944 211456
5.76708 23.817 0 211456 211968
5.7842 23.469 0 211968 212480
5.80132 23.191 0 212480 212992
5.81874 22.999 0 212992 213504
5.83587 22.845 0 213504 214016
5.85299 22.722 0 214016 214528
5.87041 22.653 0 214528 215040
5.88754 22.598 0 215040 215552
5.90436 22.555 0 215552 216064
5.92178 22.55 0 216064 216576
5.9389 22.546 0 216576 217088
5.95603 22.542 0 217088 217600
5.97345 22.57 0 217600 218112
5.99057 22.592 0 218112 218624
6.0077 22.609 0 218624 219136
6.02512 22.653 0 219136 219648
6.04224 22.689 0 219648 220160
6.05936 22.747 0 220160 220672
6.07649 22.794 0 220672 221184
6.09361 22.831 0 221184 221696
6.11103 22.891 0 221696 222208
6.12816 22.939 0 222208 222720
6.14528 22.977 0 222720 223232
6.1627 23.038 0 223232 223744
6.17982 23.086 0 223744 224256
6.19695 23.125 0 224256 224768
6.21407 23.186 0 224768 225280
6.23119 23.235 0 225280 225792
6.24832 23.274 0 225792 226304
6.26574 23.336 0 226304 226816
6.28286 23.385 0 226816 227328
6.29998 23.424 0 227328 227840
6.31741 23.485 0 227840 228352
6.33453 23.534 0 228352 228864
6.35195 23.604 0 228864 229376
6.36878 23.659 0 229376 229888
6.3859 23.704 0 229888 230400
6.40332 23.769 0 230400 230912
6.42045 23.822 0 230912 231424
6.43757 23.864 0 231424 231936
6.45499 23.927 0 231936 232448
6.47211 23.978 0 232448 232960
6.48924 24.019 0 232960 233472
6.50846 24.081 0 233472 233984
6.52769 24.132 0 233984 234496
6.54691 24.172 0 234496 235008
6.56644 24.234 0 235008 235520
6.58567 24.283 0 235520 236032
6.60519 24.353 0 236032 236544
6.62442 24.409 0 236544 237056
6.64364 24.454 0 237056 237568
6.66317 24.519 0 237568 238080
6.68239 24.572 0 238080 238592
6.70162 24.614 0 238592 239104
6.75028 24.137 0 213504 214016
6.76711 23.756 0 214016 214528
6.78453 23.48 0 214528 215040
6.80165 23.26 0 215040 215552
6.81878 23.084 0 215552 216064
6.8362 22.973 0 216064 216576
6.85332 22.884 0 216576 217088
6.87044 22.813 0 217088 217600
6.88787 22.787 0 217600 218112
6.90469 22.765 0 218112 218624
6.92181 22.748 0 218624 219136
6.93924 22.764 0 219136 219648
6.95636 22.778 0 219648 220160
6.97378 22.818 0 220160 220672
6.9909 22.85 0 220672 221184
7.00803 22.876 0 221184 221696
7.02545 22.927 0 221696 222208
7.04257 22.968 0 222208 222720
7.0594 23 0 222720 223232
7.07682 23.056 0 223232 223744
7.09394 23.101 0 223744 224256
7.11106 23.137 0 224256 224768
7.12849 23.196 0 224768 225280
7.14561 23.243 0 225280 225792
7.16273 23.28 0 225792 226304
7.18016 23.34 0 226304 226816
7.19728 23.389 0 226816 227328
7.2141 23.427 0 227328 227840
7.23153 23.488 0 227840 228352
7.24865 23.536 0 228352 228864
7.26607 23.605 0 228864 229376
7.28319 23.661 0 229376 229888
7.30032 23.705 0 229888 230400
7.31774 23.77 0 230400 230912
7.33486 23.822 0 230912 231424
7.35199 23.864 0 231424 231936
7.36911 23.928 0 231936 232448
7.38623 23.979 0 232448 232960
7.40335 24.019 0 232960 233472
7.42288 24.082 0 233472 233984
7.44211 24.132 0 233984 234496
7.46133 24.172 0 234496 235008
7.48086 24.234 0 235008 235520
7.50008 24.283 0 235520 236032
7.51961 24.353 0 236032 236544
7.53883 24.409 0 236544 237056
7.55806 24.454 0 237056 237568
7.57759 24.519 0 237568 238080
7.59681 24.572 0 238080 238592
7.61604 24.614 0 238592 239104
7.63556 24.678 0 239104 239616
7.65479 24.729 0 239616 240128
7.67401 24.77 0 240128 240640
7.69354 24.832 0 240640 241152
7.75032 24.282 0 211968 212480
7.76714 23.841 0 212480 212992
7.78456 23.519 0 212992 213504
7.80168 23.261 0 213504 214016
7.81881 23.054 0 214016 214528
7.83623 22.919 0 214528 215040
7.85335 22.811 0 215040 215552
7.87048 22.725 0 215552 216064
7.8879 22.686 0 216064 216576
7.90472 22.655 0 216576 217088
7.92184 22.63 0 217088 217600
7.93927 22.64 0 217600 218112
7.95639 22.648 0 218112 218624
7.97351 22.654 0 218624 219136
7.99094 22.689 0 219136 219648
8.00806 22.717 0 219648 220160
8.02548 22.77 0 220160 220672
8.04261 22.812 0 220672 221184
8.05943 22.846 0 221184 221696
8.07685 22.903 0 221696 222208
8.09397 22.948 0 222208 222720
8.1111 22.985 0 222720 223232
8.12852 23.044 0 223232 223744
8.14564 23.091 0 223744 224256
8.16277 23.129 0 224256 224768
8.18019 23.189 0 224768 225280
8.19731 23.238 0 225280 225792
8.21413 23.276 0 225792 226304
8.23156 23.337 0 226304 226816
8.24868 23.386 0 226816 227328
8.2658 23.425 0 227328 227840
8.28323 23.486 0 227840 228352
8.30035 23.535 0 228352 228864
8.31777 23.604 0 228864 229376
8.33489 23.66 0 229376 229888
8.35202 23.704 0 229888 230400
8.36914 23.77 0 230400 230912
8.38626 23.822 0 230912 231424
8.40339 23.864 0 231424 231936
8.42081 23.927 0 231936 232448
8.43793 23.978 0 232448 232960
8.45505 24.019 0 232960 233472
8.47458 24.082 0 233472 233984
8.49381 24.132 0 233984 234496
8.51303 24.172 0 234496 235008
8.53256 24.234 0 235008 235520
8.55178 24.283 0 235520 236032
8.57131 24.353 0 236032 236544
8.59053 24.409 0 236544 237056
8.60976 24.454 0 237056 237568
8.62929 24.519 0 237568 238080
8.64851 24.572 0 238080 238592
8.66774 24.614 0 238592 239104
8.68726 24.678 0 239104 239616
8.75065 24.218 0 214528 215040
8.76747 23.85 0 215040 215552
8.78459 23.556 0 215552 216064
8.80202 23.351 0 216064 216576
8.81914 23.187 0 216576 217088
8.83626 23.055 0 217088 217600
8.85369 22.98 0 217600 218112
8.87081 22.92 0 218112 218624
8.88793 22.872 0 218624 219136
8.90505 22.864 0 219136 219648
8.92218 22.857 0 219648 220160
8.9396 22.881 0 220160 220672
8.95672 22.901 0 220672 221184
8.97385 22.917 0 221184 221696
8.99127 22.96 0 221696 222208
9.00839 22.994 0 222208 222720
9.02551 23.021 0 222720 223232
9.04294 23.073 0 223232 223744
9.05976 23.114 0 223744 224256
9.07688 23.148 0 224256 224768
9.09431 23.204 0 224768 225280
9.11143 23.25 0 225280 225792
9.12855 23.286 0 225792 226304
9.14597 23.345 0 226304 226816
9.1631 23.392 0 226816 227328
9.18022 23.43 0 227328 227840
9.19764 23.49 0 227840 228352
9.21447 23.538 0 228352 228864
9.23189 23.607 0 228864 229376
9.24901 23.662 0 229376 229888
9.26613 23.706 0 229888 230400
9.28356 23.771 0 230400 230912
9.30068 23.823 0 230912 231424
9.3178 23.865 0 231424 231936
9.33523 23.928 0 231936 232448
9.35235 23.979 0 232448 232960
9.36917 24.019 0 232960 233472
9.3887 24.082 0 233472 233984
9.40792 24.132 0 233984 234496
9.42715 24.172 0 234496 235008
9.44667 24.234 0 235008 235520
9.4659 24.284 0 235520 236032
9.48543 24.353 0 236032 236544
9.50465 24.409 0 236544 237056
9.52388 24.454 0 237056 237568
9.5434 24.519 0 237568 238080
9.56263 24.572 0 238080 238592
9.58185 24.614 0 238592 239104
9.60138 24.678 0 239104 239616
9.62061 24.729 0 239616 240128
9.63983 24.77 0 240128 240640
9.65936 24.832 0 240640 241152
9.67858 24.882 0 241152 241664
9.69781 24.922 0 241664 242176
9.75098 24.414 0 215040 215552
9.7678 24.007 0 215552 216064
9.78523 23.711 0 216064 216576
9.80235 23.475 0 216576 217088
9.81947 23.286 0 217088 217600
9.83689 23.165 0 217600 218112
9.85402 23.068 0 218112 218624
9.87114 22.99 0 218624 219136
9.88856 22.958 0 219136 219648
9.90539 22.932 0 219648 220160
9.92281 22.942 0 220160 220672
9.93993 22.95 0 220672 221184
9.95705 22.956 0 221184 221696
9.97448 22.991 0 221696 222208
9.9916 23.019 0 222208 222720
10.0087 23.041 0 222720 223232
10.0262 23.09 0 223232 223744
10.0439 23.249 0 223744 224256
10.0615 23.406 0 224256 224768
10.0802 23.681 0 224768 225280
10.0978 23.992 0 225280 225792
10.1163 24.24 0 225792 226304
10.1364 24.649 0 226304 226816
10.1576 25.246 0 226816 227328
10.1747 25.724 0 227328 227840
10.1984 26.587 0 227840 228352
10.225 27.909 0 228352 228864
10.2554 29.777 0 228864 229376
10.2732 31.391 0 229376 229888
10.3115 34.125 0 229888 230400
10.3582 37.964 0 230400 230912
10.3871 42.027 0 230912 231424
10.4421 47.89 0 231424 231936
10.5154 55.104 0 231936 232448
10.5732 61.447 0 232448 232960
10.6188 66.49 0 232960 233472
10.6698 64.397 0 233472 233984
10.7261 65.036 0 233984 234496
10.9044 66.327 0 199168 199680
10.9607 67.391 0 199680 200192
11.0203 68.302 0 200192 200704
11.0697 69.03 0 200704 201216
11.1106 69.613 0 201216 201728
11.1753 70.17 0 201728 202240
11.2336 70.585 0 202240 202752
11.2832 71.007 0 202752 203264
11.3254 71.345 0 203264 203776
11.3898 71.585 0 203776 204288
11.4458 71.988 0 204288 204800
11.4953 72.37 0 204800 205312
11.5412 72.435 0 205312 205824
11.6051 72.607 0 205824 206336
11.6563 72.745 0 206336 206848
11.7013 72.826 0 206848 207360
11.9008 71.568 0 126464 126976
11.9405 70.292 0 126976 127488
11.9661 64.104 0 127488 128000
11.9911 59.153 0 128000 128512
12.0253 55.193 0 128512 129024
12.0552 52.205 0 129024 129536
12.08 49.695 0 129536 130048
12.1064 47.656 0 130048 130560
12.1413 46.115 0 130560 131072
12.1682 44.913 0 131072 131584
12.1973 43.921 0 131584 132096
12.2255 43.127 0 132096 132608
12.2608 42.552 0 132608 133120
12.2891 42.093 0 133120 133632
12.3182 41.785 0 133632 134144
12.346 41.538 0 134144 134656
12.3811 41.341 0 134656 135168
12.4113 41.394 0 135168 135680
12.4388 41.286 0 135680 136192
12.4675 41.23 0 136192 136704
12.5027 41.245 0 136704 137216
12.5288 41.227 0 137216 137728
12.5566 41.452 0 137728 138240
12.5892 41.423 0 138240 138752
12.6225 41.429 0 138752 139264
12.6486 41.494 0 139264 139776
12.6746 41.547 0 139776 140288
12.712 41.588 0 140288 140800
12.8131 40.69 0 86016 86528
12.8241 39.822 0 86528 87040
12.8582 39.187 0 87040 87552
12.8903 38.709 0 87552 88064
12.9019 38.297 0 88064 88576
12.9312 37.607 0 88576 89088
12.9636 37.055 0 89088 89600
12.9938 36.673 0 89600 90112
13.0052 36.428 0 90112 90624
13.0353 36.202 0 90624 91136
13.0676 36.051 0 91136 91648
13.0983 36.05 0 91648 92160
13.1084 35.989 0 92160 92672
13.141 35.911 0 92672 93184
13.1742 35.938 0 93184 93696
13.2036 35.96 0 93696 94208
13.2151 36.008 0 94208 94720
13.2481 36.016 0 94720 95232
13.2802 36.082 0 95232 95744
13.3098 36.195 0 95744 96256
13.3227 36.256 0 96256 96768
13.3568 36.334 0 96768 97280
13.3893 36.427 0 97280 97792
13.4015 36.501 0 97792 98304
13.4321 36.561 0 98304 98816
13.4663 36.668 0 98816 99328
13.4985 36.785 0 99328 99840
13.5088 36.877 0 99840 100352
13.5428 36.952 0 100352 100864
13.577 37.071 0 100864 101376
13.6096 37.227 0 101376 101888
13.6209 37.352 0 101888 102400
13.6548 37.451 0 102400 102912
13.6897 37.591 0 102912 103424
13.8079 37.703 0 103936 104448
13.8435 37.852 0 104448 104960
13.8768 37.972 0 104960 105472
13.9076 38.098 0 105472 105984
13.9223 38.198 0 105984 106496
13.9501 36.717 0 106496 107008
13.976 35.562 0 107008 107520
13.9865 34.668 0 107520 108032
14.0143 33.952 0 108032 108544
14.0424 33.41 0 108544 109056
14.0683 33.036 0 109056 109568
14.0787 32.677 0 109568 110080
14.1071 32.45 0 110080 110592
14.1352 32.328 0 110592 111104
14.1607 32.231 0 111104 111616
14.1733 32.183 0 111616 112128
14.2019 32.115 0 112128 112640
14.2295 32.06 0 112640 113152
14.2564 32.137 0 113152 113664
14.2684 32.168 0 113664 114176
14.2975 32.193 0 114176 114688
14.3253 32.303 0 114688 115200
14.3507 32.361 0 115200 115712
14.3644 32.377 0 115712 116224
14.394 32.45 0 116224 116736
14.4212 32.539 0 116736 117248
14.4324 32.61 0 117248 117760
14.4626 32.727 0 117760 118272
14.4924 32.79 0 118272 118784
14.5204 32.961 0 118784 119296
14.5317 33.068 0 119296 119808
14.5619 33.153 0 119808 120320
14.5924 33.281 0 120320 120832
14.62 33.414 0 120832 121344
14.6314 33.46 0 121344 121856
14.6619 33.557 0 121856 122368
14.6912 33.695 0 122368 122880
14.7858 33.865 0 124416 124928
14.8004 34.001 0 124928 125440
14.8317 34.14 0 125440 125952
14.8611 34.281 0 125952 126464
14.8895 34.484 0 126464 126976
14.9042 34.556 0 126976 127488
14.9345 34.404 0 127488 128000
14.9626 34.312 0 128000 128512
14.9746 34.239 0 128512 129024
15.0045 34.18 0 129024 129536
15.0347 34.163 0 129536 130048
15.0627 34.179 0 130048 130560
15.075 34.223 0 130560 131072
15.1058 34.287 0 131072 131584
15.1361 34.339 0 131584 132096
15.1657 34.53 0 132096 132608
15.1783 34.563 0 132608 133120
15.2096 34.62 0 133120 133632
15.241 34.755 0 133632 134144
15.2695 34.833 0 134144 134656
15.2827 34.866 0 134656 135168
15.3147 34.952 0 135168 135680
15.3456 35.051 0 135680 136192
15.3749 35.22 0 136192 136704
15.3884 35.326 0 136704 137216
15.42 35.38 0 137216 137728
15.4508 35.513 0 137728 138240
15.4786 36.191 0 138240 138752
15.4943 36.162 0 138752 139264
15.5266 36.199 0 139264 139776
15.5564 36.259 0 139776 140288
15.5696 36.247 0 140288 140800
15.6025 36.297 0 140800 141312
15.6352 36.367 0 141312 141824
15.6659 36.424 0 141824 142336
15.6932 36.559 0 142336 142848
15.7126 36.637 0 142848 143360
15.8044 36.819 0 144896 145408
15.8236 36.935 0 145408 145920
15.8571 37.058 0 145920 146432
15.888 37.186 0 146432 146944
15.9018 37.259 0 146944 147456
15.9347 37.347 0 147456 147968
15.9682 37.538 0 147968 148480
15.9981 37.66 0 148480 148992
16.0133 37.728 0 148992 149504
16.0474 37.843 0 149504 150016
16.0798 37.964 0 150016 150528
16.1103 38.062 0 150528 151040
16.1282 38.169 0 151040 151552
16.1632 38.286 0 151552 152064
16.1968 38.379 0 152064 152576
16.2288 38.573 0 152576 153088
16.2447 38.639 0 153088 153600
16.2799 38.752 0 153600 154112
16.3143 38.902 0 154112 154624
16.3461 38.992 0 154624 155136
16.362 39.064 0 155136 155648
16.3973 39.151 0 155648 156160
16.4313 39.252 0 156160 156672
16.464 39.422 0 156672 157184
16.4801 39.528 0 157184 157696
16.5152 39.583 0 157696 158208
16.5493 39.747 0 158208 158720
16.5771 39.848 0 158720 159232
16.5983 39.929 0 159232 159744
16.6345 40.054 0 159744 160256
16.6666 40.124 0 160256 160768
16.6826 40.24 0 160768 161280
16.7179 40.333 0 161280 161792
16.8045 40.527 0 164864 165376
16.8415 40.683 0 165376 165888
16.8778 40.867 0 165888 166400
16.9115 41.015 0 166400 166912
16.929 41.193 0 166912 167424
16.9664 41.395 0 167424 167936
17.0026 41.557 0 167936 168448
17.0376 41.747 0 168448 168960
17.0546 41.869 0 168960 169472
17.0925 42.026 0 169472 169984
17.1291 42.182 0 169984 170496
17.1628 42.307 0 170496 171008
17.1812 42.437 0 171008 171520
17.2191 42.511 0 171520 172032
17.2545 42.63 0 172032 172544
17.2838 45.429 0 172544 173056
17.3082 44.995 0 173056 173568
17.3462 44.677 0 173568 174080
17.3807 44.483 0 174080 174592
17.3975 44.268 0 174592 175104
17.4367 44.126 0 175104 175616
17.4759 44.102 0 175616 176128
17.5126 44.084 0 176128 176640
17.5303 44.068 0 176640 177152
17.57 44.056 0 177152 177664
17.6095 44.077 0 177664 178176
17.647 44.183 0 178176 178688
17.6787 44.479 0 178688 179200
17.7036 44.505 0 179200 179712
17.8375 44.526 0 178688 179200
17.8777 44.572 0 179200 179712
17.9168 44.7 0 179712 180224
17.9527 44.591 0 180224 180736
17.9711 44.445 0 180736 181248
18.0108 44.387 0 181248 181760
18.0486 44.402 0 181760 182272
18.0845 44.383 0 182272 182784
18.1035 44.368 0 182784 183296
18.143 44.386 0 183296 183808
18.1807 44.431 0 183808 184320
18.2172 44.557 0 184320 184832
18.2365 44.627 0 184832 185344
18.2759 44.653 0 185344 185856
18.3139 44.795 0 185856 186368
18.3444 44.878 0 186368 186880
18.3701 44.974 0 186880 187392
18.4097 45.051 0 187392 187904
18.4461 45.143 0 187904 188416
18.4639 45.247 0 188416 188928
18.5039 45.299 0 188928 189440
18.5425 45.401 0 189440 189952
18.5788 45.573 0 189952 190464
18.5984 45.651 0 190464 190976
18.6394 45.743 0 190976 191488
18.6802 45.877 0 191488 192000
18.7182 45.953 0 192000 192512
18.8205 46.015 0 186880 187392
18.8563 46.064 0 187392 187904
18.8749 46.044 0 187904 188416
18.9156 46.087 0 188416 188928
18.9528 45.821 0 188928 189440
18.9826 45.579 0 189440 189952
19.0078 45.415 0 189952 190464
19.0467 45.314 0 190464 190976
19.0832 45.233 0 190976 191488
19.1157 45.228 0 191488 192000
19.1425 45.164 0 192000 192512
19.1833 45.143 0 192512 193024
19.2226 45.187 0 193024 193536
19.2597 45.251 0 193536 194048
19.2804 45.333 0 194048 194560
19.321 45.369 0 194560 195072
19.362 45.457 0 195072 195584
19.3994 45.588 0 195584 196096
19.4188 45.692 0 196096 196608
19.4595 45.776 0 196608 197120
19.5006 45.843 0 197120 197632
19.5386 45.927 0 197632 198144
19.5688 46.024 0 198144 198656
19.5987 46.131 0 198656 199168
19.64 46.247 0 199168 199680
19.6779 46.31 0 199680 200192
19.7111 46.451 0 200192 200704
19.8204 46.353 0 190976 191488
19.8586 46.364 0 191488 192000
19.8788 46.344 0 192000 192512
19.9203 46.297 0 192512 193024
19.9604 45.959 0 193024 193536
19.9969 45.749 0 193536 194048
20.0296 45.641 0 194048 194560
20.0564 45.496 0 194560 195072
20.0971 45.53 0 195072 195584
20.1363 45.676 0 195584 196096
20.1738 45.943 0 196096 196608
20.1958 46.127 0 196608 197120
20.2381 46.364 0 197120 197632
20.28 46.794 0 197632 198144
20.3203 47.409 0 198144 198656
20.3412 47.9 0 198656 199168
20.3883 48.774 0 199168 199680
20.4379 50.134 0 199680 200192
20.4874 52.003 0 200192 200704
20.5086 53.618 0 200704 201216
20.5705 56.382 0 201216 201728
20.6429 60.817 0 201728 202240
20.6971 64.815 0 202240 202752
20.7401 69.215 0 202752 203264
21.8758 62.507 0 6144 6656
21.911 57.185 0 6656 6656
21.9665 56.803 0 7168 7680
22.0051 53.282 0 7680 8192
22.0431 50.286 0 8192 8704
22.0814 47.949 0 8704 8704
22.1204 46.139 0 9216 9728
22.1588 44.692 0 9728 10240
22.1599 43.624 0 10240 10752
22.2368 50.34 0 10752 11264
22.2375 48.142 0 11264 11776
22.2772 46.474 0 11776 12288
22.3165 45.14 0 12288 12800
22.3559 44.102 0 12800 13312
22.3957 50.933 0 13312 13824
22.3975 48.797 0 13824 14336
22.4368 47.118 0 14336 14848
22.4775 45.865 0 14848 15360
22.5176 44.893 0 15360 15872
22.5193 44.115 0 15872 16384
22.56 43.523 0 16384 16896
22.6004 43.079 0 16896 17408
22.6414 42.814 0 17408 17920
22.6828 42.603 0 17920 18432
22.6845 42.463 0 18432 18944
22.8071 42.322 0 14336 14848
22.8087 42.268 0 14848 15360
22.85 42.196 0 15360 15872
22.8918 42.198 0 15872 16384
22.9325 42.079 0 16384 16896
22.9741 42.044 0 16896 17408
22.9762 42.077 0 17408 17920
23.0169 42.012 0 17920 18432
23.0576 41.961 0 18432 18944
23.0994 42.01 0 18944 19456
23.1408 49.889 0 19456 19968
23.1429 48.383 0 19968 20480
23.1851 47.268 0 20480 20992
23.2269 46.375 0 20992 21504
23.2686 45.692 0 21504 22016
23.2712 45.205 0 22016 22528
23.3134 44.815 0 22528 23040
23.3559 44.564 0 23040 23552
23.3987 44.332 0 23552 24064
23.4013 44.177 0 24064 24576
23.4438 44.083 0 24576 25088
23.4873 44.098 0 25088 25600
23.5306 44.17 0 25600 26112
23.5333 44.288 0 26112 26624
23.5768 44.352 0 26624 27136
23.6199 44.374 0 27136 27648
23.6641 44.511 0 27648 28160
23.7078 52.731 0 28160 28672
23.7108 51.227 0 28672 29184
23.8454 50.234 0 35328 35840
23.8484 49.409 0 35840 36352
23.8938 48.84 0 36352 36864
23.939 48.354 0 36864 37376
23.9833 47.935 0 37376 37888
23.9879 47.691 0 37888 38400
24.0321 47.375 0 38400 38912
24.077 47.152 0 38912 39424
24.1218 47.034 0 39424 39936
24.126 46.939 0 39936 40448
24.1707 46.864 0 40448 40960
24.2164 46.863 0 40960 41472
24.2615 46.923 0 41472 41984
24.2655 46.971 0 41984 42496
24.3119 47.099 0 42496 43008
24.3574 47.142 0 43008 43520
24.4035 47.326 0 43520 44032
24.408 47.414 0 44032 44544
24.4542 47.544 0 44544 45056
24.5012 47.678 0 45056 45568
24.547 56.076 0 45568 46080
24.5516 54.534 0 46080 46592
24.599 53.39 0 46592 47104
24.6461 52.535 0 47104 47616
24.6508 51.821 0 47616 48128
24.6982 51.34 0 48128 48640
24.8376 50.624 0 30208 30720
24.8409 50.112 0 30720 31232
24.8875 49.672 0 31232 31744
24.9325 49.08 0 31744 32256
24.9784 48.637 0 32256 32768
24.9814 48.252 0 32768 33280
25.0255 47.703 0 33280 33792
25.0706 47.295 0 33792 34304
25.115 47.028 0 34304 34816
25.1186 46.905 0 34816 35328
25.1634 46.776 0 35328 35840
25.2083 46.673 0 35840 36352
25.2535 46.621 0 36352 36864
25.2571 46.609 0 36864 37376
25.3023 46.659 0 37376 37888
25.3481 46.76 0 37888 38400
25.394 46.84 0 38400 38912
25.3974 46.905 0 38912 39424
25.4437 47.016 0 39424 39936
25.4893 47.166 0 39936 40448
25.4935 47.285 0 40448 40960
25.54 47.471 0 40960 41472
25.5864 47.559 0 41472 41984
25.6329 47.69 0 41984 42496
25.6798 56.296 0 42496 43008
25.684 54.74 0 43008 43520
25.8252 53.314 0 30208 30720
25.8717 52.264 0 30720 31232
25.9183 51.394 0 31232 31744
25.9218 50.698 0 31744 32256
25.9673 49.931 0 32256 32768
26.0111 49.077 0 32768 33280
26.015 48.393 0 33280 33792
26.0598 47.847 0 33792 34304
26.1038 47.47 0 34304 34816
26.1484 47.198 0 34816 35328
26.1936 47.071 0 35328 35840
26.1977 46.939 0 35840 36352
26.2429 46.893 0 36352 36864
26.288 46.917 0 36864 37376
26.3333 46.906 0 37376 37888
26.3377 46.927 0 37888 38400
26.383 46.974 0 38400 38912
26.4285 47.072 0 38912 39424
26.4749 47.21 0 39424 39936
26.4789 47.261 0 39936 40448
26.5245 47.361 0 40448 40960
26.5712 47.502 0 40960 41472
26.6179 47.644 0 41472 41984
26.6224 47.758 0 41984 42496
26.669 47.909 0 42496 43008
26.7159 48.06 0 43008 43520
26.7208 48.241 0 43520 44032
26.8589 48.115 0 29696 30208
26.8622 48.015 0 30208 30720
26.909 48.055 0 30720 31232
26.9541 47.756 0 31232 31744
26.9984 47.307 0 31744 32256
27.0025 47.008 0 32256 32768
27.0465 46.708 0 32768 33280
27.0908 46.529 0 33280 33792
27.1357 46.505 0 33792 34304
27.139 46.426 0 34304 34816
27.1846 46.483 0 34816 35328
27.2294 46.529 0 35328 35840
27.274 46.536 0 35840 36352
27.2785 46.571 0 36352 36864
27.3237 46.629 0 36864 37376
27.3694 46.736 0 37376 37888
27.4152 46.941 0 37888 38400
27.4197 47.106 0 38400 38912
27.4652 47.147 0 38912 39424
27.5116 47.24 0 39424 39936
27.5576 47.375 0 39936 40448
27.5624 47.513 0 40448 40960
27.6091 47.713 0 40960 41472
27.6557 47.843 0 41472 41984
27.6602 47.947 0 41984 42496
27.7075 48.121 0 42496 43008
27.8485 48.289 0 39424 39936
27.8524 48.394 0 39936 40448
27.8994 48.478 0 40448 40960
27.9457 48.305 0 40960 41472
27.9502 48.197 0 41472 41984
27.9953 47.9 0 41984 42496
28.0406 47.632 0 42496 43008
28.0861 47.448 0 43008 43520
28.0896 47.361 0 43520 44032
28.1353 47.321 0 44032 44544
28.1809 47.259 0 44544 45056
28.227 47.33 0 45056 45568
28.2305 47.357 0 45568 46080
28.2767 47.378 0 46080 46592
28.3232 47.455 0 46592 47104
28.3696 47.577 0 47104 47616
28.3732 47.674 0 47616 48128
28.4202 47.782 0 48128 48640
28.4669 47.868 0 48640 49152
28.5136 47.997 0 49152 49664
28.5178 48.131 0 49664 50176
28.5654 48.298 0 50176 50688
28.6129 48.461 0 50688 51200
28.6604 48.592 0 51200 51712
28.6643 48.696 0 51712 52224
28.7125 48.87 0 52224 52736
28.8553 48.769 0 37888 38400
28.858 48.688 0 38400 38912
28.9053 48.683 0 38912 39424
28.9507 48.199 0 39424 39936
28.954 47.811 0 39936 40448
28.9983 47.411 0 40448 40960
29.0399 46.46 0 40960 41472
29.0812 45.699 0 41472 41984
29.0842 45.091 0 41984 42496
29.1264 44.694 0 42496 43008
29.1683 44.437 0 43008 43520
29.2107 44.231 0 43520 44032
29.214 44.066 0 44032 44544
29.2562 43.964 0 44544 45056
29.2987 43.913 0 45056 45568
29.3412 43.932 0 45568 46080
29.3445 43.947 0 46080 46592
29.3876 44.05 0 46592 47104
29.4307 44.131 0 47104 47616
29.4738 44.197 0 47616 48128
29.4779 44.309 0 48128 48640
29.5209 44.429 0 48640 49152
29.5649 44.585 0 49152 49664
29.6089 44.74 0 49664 50176
29.6125 44.864 0 50176 50688
29.6568 44.993 0 50688 51200
29.7008 45.157 0 51200 51712
29.8397 45.618 0 62976 63488
29.8445 46.017 0 63488 64000
29.8903 46.366 0 64000 64512
29.9354 46.495 0 64512 65024
29.9602 42.665 0 65024 65536
29.9661 39.66 0 65536 66048
29.991 37.195 0 66048 66560
30.0167 35.253 0 66560 67072
30.023 33.79 0 67072 67584
30.0476 32.589 0 67584 68096
30.0739 31.689 0 68096 68608
30.0997 30.939 0 68608 69120
30.1056 30.37 0 69120 69632
30.1311 29.943 0 69632 70144
30.1576 29.632 0 70144 70656
30.1839 29.413 0 70656 71168
30.1902 29.298 0 71168 71680
30.2157 29.146 0 71680 72192
30.2423 29.055 0 72192 72704
30.2693 29.042 0 72704 73216
30.2753 29.031 0 73216 73728
30.3019 29.053 0 73728 74240
30.329 29.07 0 74240 74752
30.3549 29.113 0 74752 75264
30.3618 29.148 0 75264 75776
30.3892 29.237 0 75776 76288
30.4165 29.307 0 76288 76800
30.4431 33.299 0 76800 77312
30.4503 32.647 0 77312 77824
30.4773 32.065 0 77824 78336
30.5054 31.66 0 78336 78848
30.5126 31.396 0 78848 79360
30.5391 31.155 0 79360 79872
30.5675 31.022 0 79872 80384
30.5954 30.885 0 80384 80896
30.602 30.806 0 80896 81408
30.6298 30.773 0 81408 81920
30.6583 30.777 0 81920 82432
30.6867 30.809 0 82432 82944
30.6938 30.896 0 82944 83456
30.7797 31.055 0 88064 88576
30.7869 31.182 0 88576 89088
30.8157 31.314 0 89088 89600
30.845 31.45 0 89600 90112
30.8736 31.618 0 90112 90624
30.8817 31.693 0 90624 91136
30.9107 31.783 0 91136 91648
30.9346 30.683 0 91648 92160
30.9421 29.803 0 92160 92672
30.9655 29.07 0 92672 93184
30.9891 28.543 0 93184 93696
31.0128 28.151 0 93696 94208
31.0206 27.868 0 94208 94720
31.0444 27.701 0 94720 95232
31.0679 27.508 0 95232 95744
31.0924 27.414 0 95744 96256
31.1002 27.338 0 96256 96768
31.1243 27.308 0 96768 97280
31.1493 27.343 0 97280 97792
31.1737 27.372 0 97792 98304
31.1812 27.365 0 98304 98816
31.206 27.419 0 98816 99328
31.2306 27.492 0 99328 99840
31.2381 27.551 0 99840 100352
31.2638 27.658 0 100352 100864
31.2887 27.744 0 100864 101376
31.314 27.813 0 101376 101888
31.3225 27.928 0 101888 102400
31.3472 27.989 0 102400 102912
31.3727 28.099 0 102912 103424
31.3984 28.217 0 103424 103936
31.4062 28.311 0 103936 104448
31.432 28.416 0 104448 104960
31.4574 28.501 0 104960 105472
31.4835 28.598 0 105472 105984
31.4923 28.706 0 105984 106496
31.5184 28.823 0 106496 107008
31.5441 28.886 0 107008 107520
31.5707 28.996 0 107520 108032
31.5791 29.085 0 108032 108544
31.6052 29.186 0 108544 109056
31.6321 29.326 0 109056 109568
31.6563 29.439 0 109568 110080
31.6672 29.529 0 110080 110592
31.6938 29.631 0 110592 111104
31.7835 30.404 0 141312 141824
31.7964 30.992 0 141824 142336
31.8261 31.492 0 142336 142848
31.8557 31.923 0 142848 143360
31.8846 32.357 0 143360 143872
31.8972 32.675 0 143872 144384
31.9235 32.238 0 144384 144896
31.9498 31.858 0 144896 145408
31.9763 31.615 0 145408 145920
31.9878 31.42 0 145920 146432
32.0139 31.264 0 146432 146944
32.0405 31.169 0 146944 147456
32.0519 31.093 0 147456 147968
32.0786 31.093 0 147968 148480
32.1049 31.123 0 148480 148992
32.1317 31.116 0 148992 149504
32.1434 31.141 0 149504 150016
32.1706 31.251 0 150016 150528
32.1979 31.309 0 150528 151040
32.226 31.416 0 151040 151552
32.2383 31.501 0 151552 152064
32.2662 31.569 0 152064 152576
32.2937 31.654 0 152576 153088
32.322 31.752 0 153088 153600
32.3346 31.86 0 153600 154112
32.3627 31.976 0 154112 154624
32.3903 32.04 0 154624 155136
32.4187 32.15 0 155136 155648
32.4313 32.269 0 155648 156160
32.4592 32.364 0 156160 156672
32.4879 32.5 0 156672 157184
32.5162 32.578 0 157184 157696
32.5282 32.641 0 157696 158208
32.557 32.782 0 158208 158720
32.5851 32.864 0 158720 159232
32.5985 32.96 0 159232 159744
32.6263 33.067 0 159744 160256
32.6546 33.182 0 160256 160768
32.6838 33.275 0 160768 161280
32.6961 33.349 0 161280 161792
32.7895 34.129 0 192512 193024
32.806 34.783 0 193024 193536
32.8379 35.276 0 193536 194048
32.8705 35.731 0 194048 194560
32.9032 36.125 0 194560 195072
32.9202 36.44 0 195072 195584
32.955 37.292 0 195584 196096
32.9903 37.975 0 196096 196608
33.0256 38.49 0 196608 197120
33.045 39.023 0 197120 197632
33.0773 39.419 0 197632 198144
33.1132 39.736 0 198144 198656
33.1491 40.05 0 198656 199168
33.1686 40.301 0 199168 199680
33.2008 40.502 0 199680 200192
33.2367 40.692 0 200192 200704
33.2727 40.875 0 200704 201216
33.2918 41.021 0 201216 201728
33.325 41.228 0 201728 202240
33.3609 41.363 0 202240 202752
33.3971 41.502 0 202752 203264
33.4157 41.642 0 203264 203776
33.4494 41.755 0 203776 204288
33.4859 41.905 0 204288 204800
33.5222 41.995 0 204800 205312
33.5387 42.068 0 205312 205824
33.5749 42.185 0 205824 206336
33.6113 42.31 0 206336 206848
33.6475 42.439 0 206848 207360
33.6643 42.573 0 207360 207872
33.7006 42.649 0 207872 208384
33.8349 42.801 0 207872 208384
33.8716 42.892 0 208384 208896
33.9088 42.995 0 208896 209408
33.9253 43.078 0 209408 209920
33.9621 43.114 0 209920 210432
34.0009 43.202 0 210432 210944
34.0398 43.303 0 210944 211456
34.0614 43.444 0 211456 211968
34.0966 43.497 0 211968 212480
34.1352 43.569 0 212480 212992
34.1739 43.687 0 212992 213504
34.213 43.781 0 213504 214016
34.2316 43.887 0 214016 214528
34.2699 44.001 0 214528 215040
34.309 44.123 0 215040 215552
34.3479 44.19 0 215552 216064
34.3696 44.394 0 216064 216576
34.4052 44.467 0 216576 217088
34.4444 44.555 0 217088 217600
34.4835 44.626 0 217600 218112
34.5224 44.743 0 218112 218624
34.5407 44.806 0 218624 219136
34.5804 44.917 0 219136 219648
34.6199 45.036 0 219648 220160
34.6598 45.161 0 220160 220672
34.6778 45.23 0 220672 221184
34.717 45.316 0 221184 221696
34.8186 45.325 0 213504 214016
34.8548 45.272 0 214016 214528
34.895 45.26 0 214528 215040
34.9338 45.069 0 215040 215552
34.9728 44.947 0 215552 216064
34.9912 44.88 0 216064 216576
35.0296 44.795 0 216576 217088
35.0685 44.758 0 217088 217600
35.1082 44.788 0 217600 218112
35.1262 44.813 0 218112 218624
35.1648 44.862 0 218624 219136
35.2041 44.901 0 219136 219648
35.2436 44.963 0 219648 220160
35.2627 45.072 0 220160 220672
35.301 45.16 0 220672 221184
35.3407 45.26 0 221184 221696
35.3805 45.34 0 221696 222208
35.3994 45.464 0 222208 222720
35.4374 45.533 0 222720 223232
35.4775 45.679 0 223232 223744
35.5175 45.795 0 223744 224256
35.5359 45.889 0 224256 224768
35.5751 45.963 0 224768 225280
35.6148 46.023 0 225280 225792
35.6549 46.1 0 225792 226304
35.6735 46.223 0 226304 226816
35.7129 46.32 0 226816 227328
35.836 46.158 0 213504 214016
35.8535 46.029 0 214016 214528
35.894 45.985 0 214528 215040
35.9344 45.98 0 215040 215552
35.9736 45.676 0 215552 216064
35.991 45.463 0 216064 216576
36.0304 45.322 0 216576 217088
36.0699 45.239 0 217088 217600
36.1095 45.173 0 217600 218112
36.1267 45.121 0 218112 218624
36.1657 45.078 0 218624 219136
36.2055 45.105 0 219136 219648
36.2452 45.156 0 219648 220160
36.2655 45.257 0 220160 220672
36.3024 45.337 0 220672 221184
36.3421 45.372 0 221184 221696
36.3822 45.46 0 221696 222208
36.4026 45.62 0 222208 222720
36.4389 45.688 0 222720 223232
36.4793 45.803 0 223232 223744
36.5193 45.864 0 223744 224256
36.5372 45.944 0 224256 224768
36.5768 46.037 0 224768 225280
36.6171 46.142 0 225280 225792
36.6575 46.256 0 225792 226304
36.6755 46.407 0 226304 226816
36.7152 46.468 0 226816 227328
36.8386 46.397 0 214528 215040
36.8554 46.309 0 215040 215552
36.896 46.21 0 215552 216064
36.9355 45.89 0 216064 216576
36.9749 45.663 0 216576 217088
36.992 45.483 0 217088 217600
37.0316 45.368 0 217600 218112
37.0711 45.306 0 218112 218624
37.1105 45.227 0 218624 219136
37.1281 45.223 0 219136 219648
37.1671 45.221 0 219648 220160
37.2071 45.279 0 220160 220672
37.2467 45.325 0 220672 221184
37.2644 45.362 0 221184 221696
37.3039 45.452 0 221696 222208
37.3436 45.493 0 222208 222720
37.3834 45.557 0 222720 223232
37.4014 45.638 0 223232 223744
37.4405 45.732 0 223744 224256
37.4806 45.838 0 224256 224768
37.5208 45.923 0 224768 225280
37.5383 46.05 0 225280 225792
37.5781 46.123 0 225792 226304
37.6186 46.24 0 226304 226816
37.659 46.365 0 226816 227328
37.6761 46.464 0 227328 227840
37.7167 46.544 0 227840 228352
37.8417 46.427 0 215040 215552
37.8585 46.334 0 215552 216064
37.8993 46.259 0 216064 216576
37.9385 45.929 0 216576 217088
37.9779 45.695 0 217088 217600
37.9953 45.538 0 217600 218112
38.0347 45.412 0 218112 218624
38.0742 45.342 0 218624 219136
38.1138 45.285 0 219136 219648
38.1308 45.27 0 219648 220160
38.1704 45.288 0 220160 220672
38.2101 45.332 0 220672 221184
38.2499 45.398 0 221184 221696
38.2676 45.481 0 221696 222208
38.307 45.516 0 222208 222720
38.3466 45.545 0 222720 223232
38.3867 45.628 0 223232 223744
38.4042 45.695 0 223744 224256
38.4435 45.778 0 224256 224768
38.4839 45.905 0 224768 225280
38.5239 45.976 0 225280 225792
38.541 46.033 0 225792 226304
38.5814 46.139 0 226304 226816
38.6216 46.253 0 226816 227328
38.662 46.375 0 227328 227840
38.6795 46.502 0 227840 228352
38.7197 46.574 0 228352 228864
38.8199 46.422 0 212992 213504
38.8597 46.299 0 213504 214016
38.9003 46.172 0 214016 214528
38.9398 45.829 0 214528 215040
38.9791 45.615 0 215040 215552
38.9962 45.414 0 215552 216064
39.0359 45.283 0 216064 216576
39.0754 45.208 0 216576 217088
39.1148 45.118 0 217088 217600
39.1319 45.077 0 217600 218112
39.1714 45.073 0 218112 218624
39.211 45.1 0 218624 219136
39.2511 45.182 0 219136 219648
39.2683 45.248 0 219648 220160
39.3082 45.3 0 220160 220672
39.3479 45.342 0 220672 221184
39.3877 45.406 0 221184 221696
39.4057 45.517 0 221696 222208
39.4447 45.606 0 222208 222720
39.4848 45.707 0 222720 223232
39.5251 45.788 0 223232 223744
39.5422 45.852 0 223744 224256
39.5823 45.934 0 224256 224768
39.6229 46.059 0 224768 225280
39.6633 46.19 0 225280 225792
39.6804 46.294 0 225792 226304
39.721 46.378 0 226304 226816
39.8199 46.234 0 213504 214016
39.8594 46.15 0 214016 214528
39.9003 46.082 0 214528 215040
39.9395 45.758 0 215040 215552
39.9566 41.083 0 215552 216064
39.9741 37.374 0 216064 216576
39.9912 34.405 0 216576 217088
40.0083 32.03 0 217088 217600
40.0257 30.161 0 217600 218112
40.0426 28.665 0 218112 218624
40.0597 27.468 0 218624 219136
40.0771 26.541 0 219136 219648
40.0942 25.8 0 219648 220160
40.1116 25.236 0 220160 220672
40.1288 24.785 0 220672 221184
40.1459 24.424 0 221184 221696
40.1633 24.165 0 221696 222208
40.1804 23.958 0 222208 222720
40.1973 23.793 0 222720 223232
40.2147 23.69 0 223232 223744
40.2318 23.608 0 223744 224256
40.2489 23.543 0 224256 224768
40.2664 23.52 0 224768 225280
40.2835 23.502 0 225280 225792
40.3006 23.488 0 225792 226304
40.318 23.507 0 226304 226816
40.3351 23.521 0 226816 227328
40.352 23.533 0 227328 227840
40.3694 23.573 0 227840 228352
40.3865 23.605 0 228352 228864
40.4039 23.66 0 228864 229376
40.4211 23.704 0 229376 229888
40.4382 23.74 0 229888 230400
40.4556 23.798 0 230400 230912
40.4727 23.845 0 230912 231424
40.4899 23.882 0 231424 231936
40.507 23.942 0 231936 232448
40.5241 23.99 0 232448 232960
40.5412 24.028 0 232960 233472
40.5607 24.089 0 233472 233984
40.58 24.138 0 233984 234496
40.5992 24.176 0 234496 235008
40.6187 24.238 0 235008 235520
40.6379 24.286 0 235520 236032
40.6575 24.356 0 236032 236544
40.6767 24.411 0 236544 237056
40.6959 24.455 0 237056 237568
40.7471 23.656 0 196608 197120
40.7627 23.047 0 197120 197632
40.7781 22.56 0 197632 198144
40.7934 22.163 0 198144 198656
40.809 21.876 0 198656 199168
40.8243 21.646 0 199168 199680
40.84 21.463 0 199680 200192
40.8556 21.345 0 200192 200704
40.8709 21.252 0 200704 201216
40.8862 21.177 0 201216 201728
40.9018 21.147 0 201728 202240
40.9175 21.123 0 202240 202752
40.9331 21.134 0 202752 203264
40.9484 21.143 0 203264 203776
40.9637 21.15 0 203776 204288
40.9793 21.185 0 204288 204800
40.995 21.214 0 204800 205312
41.0103 21.237 0 205312 205824
41.0259 21.285 0 205824 206336
41.0412 21.324 0 206336 206848
41.0565 21.355 0 206848 207360
41.0725 21.409 0 207360 207872
41.0878 21.453 0 207872 208384
41.1031 21.488 0 208384 208896
41.1187 21.546 0 208896 209408
41.134 21.593 0 209408 209920
41.1503 21.63 0 209920 210432
41.1677 21.69 0 210432 210944
41.1848 21.737 0 210944 211456
41.2022 21.806 0 211456 211968
41.2194 21.86 0 211968 212480
41.2365 21.904 0 212480 212992
41.2539 21.969 0 212992 213504
41.271 22.021 0 213504 214016
41.2879 22.063 0 214016 214528
41.3053 22.126 0 214528 215040
41.3224 22.177 0 215040 215552
41.3395 22.217 0 215552 216064
41.3569 22.28 0 216064 216576
41.3741 22.33 0 216576 217088
41.3912 22.37 0 217088 217600
41.4086 22.432 0 217600 218112
41.4257 22.481 0 218112 218624
41.4426 22.521 0 218624 219136
41.46 22.583 0 219136 219648
41.4771 22.632 0 219648 220160
41.4945 22.702 0 220160 220672
41.5116 22.757 0 220672 221184
41.5288 22.802 0 221184 221696
41.5462 22.868 0 221696 222208
41.5633 22.92 0 222208 222720
41.5804 22.962 0 222720 223232
41.5976 23.026 0 223232 223744
41.6147 23.077 0 223744 224256
41.6318 23.118 0 224256 224768
41.6492 23.18 0 224768 225280
41.6664 23.23 0 225280 225792
41.6835 23.27 0 225792 226304
41.7009 23.332 0 226304 226816
41.7481 22.992 0 207872 208384
41.7634 22.719 0 208384 208896
41.779 22.531 0 208896 209408
41.7943 22.38 0 209408 209920
41.8105 22.26 0 209920 210432
41.828 22.194 0 210432 210944
41.8451 22.141 0 210944 211456
41.8625 22.128 0 211456 211968
41.8796 22.118 0 211968 212480
41.8965 22.111 0 212480 212992
41.9139 22.134 0 212992 213504
41.931 22.153 0 213504 214016
41.9481 22.168 0 214016 214528
41.9656 22.211 0 214528 215040
41.9827 22.244 0 215040 215552
41.9998 22.271 0 215552 216064
42.0172 22.323 0 216064 216576
42.0343 22.364 0 216576 217088
42.0512 22.397 0 217088 217600
42.0686 22.454 0 217600 218112
42.0857 22.499 0 218112 218624
42.1028 22.535 0 218624 219136
42.1203 22.594 0 219136 219648
42.1374 22.641 0 219648 220160
42.1548 22.709 0 220160 220672
42.1719 22.763 0 220672 221184
42.1891 22.807 0 221184 221696
42.2062 22.871 0 221696 222208
42.2233 22.923 0 222208 222720
42.2404 22.965 0 222720 223232
42.2578 23.028 0 223232 223744
42.275 23.078 0 223744 224256
42.2921 23.119 0 224256 224768
42.3095 23.181 0 224768 225280
42.3266 23.231 0 225280 225792
42.3438 23.271 0 225792 226304
42.3609 23.333 0 226304 226816
42.378 23.383 0 226816 227328
42.3951 23.422 0 227328 227840
42.4125 23.484 0 227840 228352
42.4297 23.533 0 228352 228864
42.4471 23.603 0 228864 229376
42.4642 23.659 0 229376 229888
42.4813 23.703 0 229888 230400
42.4988 23.769 0 230400 230912
42.5156 23.821 0 230912 231424
42.5327 23.863 0 231424 231936
42.5501 23.927 0 231936 232448
42.5673 23.978 0 232448 232960
42.5844 24.019 0 232960 233472
42.6039 24.081 0 233472 233984
42.6231 24.131 0 233984 234496
42.6424 24.172 0 234496 235008
42.6619 24.234 0 235008 235520
42.6811 24.283 0 235520 236032
42.7006 24.353 0 236032 236544
42.7475 23.658 0 200704 201216
42.7628 23.102 0 201216 201728
42.7784 22.687 0 201728 202240
42.7938 22.355 0 202240 202752
42.8094 22.12 0 202752 203264
42.8247 21.931 0 203264 203776
42.8403 21.781 0 203776 204288
42.8559 21.69 0 204288 204800
42.8713 21.618 0 204800 205312
42.8866 21.56 0 205312 205824
42.9022 21.543 0 205824 206336
42.9178 21.53 0 206336 206848
42.9331 21.52 0 206848 207360
42.9488 21.542 0 207360 207872
42.9641 21.559 0 207872 208384
42.9794 21.573 0 208384 208896
42.9953 21.614 0 208896 209408
43.0106 21.647 0 209408 209920
43.0269 21.673 0 209920 210432
43.0443 21.724 0 210432 210944
43.0614 21.765 0 210944 211456
43.0785 21.828 0 211456 211968
43.0957 21.878 0 211968 212480
43.1128 21.918 0 212480 212992
43.1302 21.98 0 212992 213504
43.1473 22.03 0 213504 214016
43.1644 22.07 0 214016 214528
43.1819 22.132 0 214528 215040
43.199 22.181 0 215040 215552
43.2161 22.221 0 215552 216064
43.2332 22.283 0 216064 216576
43.2504 22.332 0 216576 217088
43.2675 22.372 0 217088 217600
43.2849 22.433 0 217600 218112
43.302 22.482 0 218112 218624
43.3192 22.522 0 218624 219136
43.3366 22.584 0 219136 219648
43.3537 22.633 0 219648 220160
43.3711 22.702 0 220160 220672
43.3879 22.758 0 220672 221184
43.4051 22.802 0 221184 221696
43.4225 22.868 0 221696 222208
43.4396 22.92 0 222208 222720
43.4567 22.962 0 222720 223232
43.4742 23.026 0 223232 223744
43.4913 23.077 0 223744 224256
43.5084 23.118 0 224256 224768
43.5258 23.18 0 224768 225280
43.5427 23.23 0 225280 225792
43.5598 23.27 0 225792 226304
43.5772 23.332 0 226304 226816
43.5943 23.382 0 226816 227328
43.6114 23.422 0 227328 227840
43.6289 23.484 0 227840 228352
43.646 23.533 0 228352 228864
43.6634 23.603 0 228864 229376
43.6805 23.659 0 229376 229888
43.6974 23.703 0 229888 230400
43.7466 23.108 0 198656 199168
43.7619 22.632 0 199168 199680
43.7773 22.251 0 199680 200192
43.7929 21.976 0 200192 200704
43.8082 21.756 0 200704 201216
43.8235 21.581 0 201216 201728
43.8394 21.47 0 201728 202240
43.8548 21.381 0 202240 202752
43.8704 21.341 0 202752 203264
43.8857 21.308 0 203264 203776
43.901 21.282 0 203776 204288
43.917 21.291 0 204288 204800
43.9323 21.299 0 204800 205312
43.9476 21.304 0 205312 205824
43.9632 21.339 0 205824 206336
43.9785 21.367 0 206336 206848
43.9942 21.389 0 206848 207360
44.0098 21.437 0 207360 207872
44.0251 21.475 0 207872 208384
44.0404 21.506 0 208384 208896
44.056 21.56 0 208896 209408
44.0717 21.604 0 209408 209920
44.0879 21.639 0 209920 210432
44.105 21.697 0 210432 210944
44.1221 21.743 0 210944 211456
44.1395 21.81 0 211456 211968
44.1567 21.864 0 211968 212480
44.1738 21.907 0 212480 212992
44.1912 21.971 0 212992 213504
44.2083 22.023 0 213504 214016
44.2255 22.064 0 214016 214528
44.2429 22.127 0 214528 215040
44.2597 22.178 0 215040 215552
44.2768 22.218 0 215552 216064
44.2943 22.28 0 216064 216576
44.3114 22.33 0 216576 217088
44.3285 22.37 0 217088 217600
44.3459 22.432 0 217600 218112
44.363 22.481 0 218112 218624
44.3802 22.521 0 218624 219136
44.3976 22.583 0 219136 219648
44.4144 22.632 0 219648 220160
44.4318 22.702 0 220160 220672
44.449 22.758 0 220672 221184
44.4661 22.802 0 221184 221696
44.4835 22.868 0 221696 222208
44.5006 22.92 0 222208 222720
44.5178 22.962 0 222720 223232
44.5352 23.026 0 223232 223744
44.5523 23.077 0 223744 224256
44.5691 23.118 0 224256 224768
44.5865 23.18 0 224768 225280
44.6037 23.23 0 225280 225792
44.6208 23.27 0 225792 226304
44.6382 23.332 0 226304 226816
44.6553 23.382 0 226816 227328
44.6725 23.422 0 227328 227840
44.6899 23.484 0 227840 228352
44.7476 23.053 0 204288 204800
44.7629 22.708 0 204800 205312
44.7782 22.432 0 205312 205824
44.7938 22.241 0 205824 206336
44.8091 22.088 0 206336 206848
44.8245 21.966 0 206848 207360
44.8404 21.899 0 207360 207872
44.8557 21.845 0 207872 208384
44.871 21.801 0 208384 208896
44.8866 21.797 0 208896 209408
44.902 21.793 0 209408 209920
44.9182 21.79 0 209920 210432
44.9356 21.818 0 210432 210944
44.9527 21.84 0 210944 211456
44.9702 21.888 0 211456 211968
44.9873 21.926 0 211968 212480
45.0044 21.957 0 212480 212992
45.0218 22.011 0 212992 213504
45.0389 22.055 0 213504 214016
45.0558 22.09 0 214016 214528
45.0732 22.148 0 214528 215040
45.0903 22.194 0 215040 215552
45.1074 22.231 0 215552 216064
45.1249 22.291 0 216064 216576
45.142 22.338 0 216576 217088
45.1591 22.377 0 217088 217600
45.1765 22.437 0 217600 218112
45.1937 22.486 0 218112 218624
45.2105 22.525 0 218624 219136
45.2279 22.586 0 219136 219648
45.245 22.634 0 219648 220160
45.2624 22.704 0 220160 220672
45.2796 22.759 0 220672 221184
45.2967 22.803 0 221184 221696
45.3141 22.869 0 221696 222208
45.3312 22.921 0 222208 222720
45.3484 22.963 0 222720 223232
45.3655 23.026 0 223232 223744
45.3826 23.077 0 223744 224256
45.3997 23.118 0 224256 224768
45.4171 23.18 0 224768 225280
45.4343 23.23 0 225280 225792
45.4514 23.271 0 225792 226304
45.4688 23.333 0 226304 226816
45.4859 23.382 0 226816 227328
45.5031 23.422 0 227328 227840
45.5202 23.484 0 227840 228352
45.5373 23.533 0 228352 228864
45.5547 23.603 0 228864 229376
45.5719 23.659 0 229376 229888
45.589 23.703 0 229888 230400
45.6064 23.769 0 230400 230912
45.6235 23.821 0 230912 231424
45.6406 23.863 0 231424 231936
45.6581 23.927 0 231936 232448
45.6749 23.978 0 232448 232960
45.692 24.019 0 232960 233472
45.7476 23.451 0 203264 203776
45.7629 22.996 0 203776 204288
45.7785 22.662 0 204288 204800
45.7939 22.395 0 204800 205312
45.8092 22.182 0 205312 205824
45.8248 22.041 0 205824 206336
45.8404 21.929 0 206336 206848
45.8557 21.838 0 206848 207360
45.8714 21.796 0 207360 207872
45.8867 21.763 0 207872 208384
45.902 21.736 0 208384 208896
45.9179 21.744 0 208896 209408
45.9332 21.751 0 209408 209920
45.9495 21.757 0 209920 210432
45.9669 21.791 0 210432 210944
45.984 21.819 0 210944 211456
46.0011 21.871 0 211456 211968
46.0182 21.912 0 211968 212480
46.0354 21.946 0 212480 212992
46.0528 22.002 0 212992 213504
46.0699 22.048 0 213504 214016
46.087 22.084 0 214016 214528
46.1045 22.143 0 214528 215040
46.1216 22.19 0 215040 215552
46.1387 22.228 0 215552 216064
46.1558 22.288 0 216064 216576
46.173 22.337 0 216576 217088
46.1901 22.375 0 217088 217600
46.2075 22.436 0 217600 218112
46.2246 22.485 0 218112 218624
46.2417 22.524 0 218624 219136
46.2592 22.585 0 219136 219648
46.2763 22.634 0 219648 220160
46.2937 22.703 0 220160 220672
46.3105 22.759 0 220672 221184
46.3277 22.803 0 221184 221696
46.3451 22.868 0 221696 222208
46.3622 22.921 0 222208 222720
46.3793 22.963 0 222720 223232
46.3968 23.026 0 223232 223744
46.4139 23.077 0 223744 224256
46.431 23.118 0 224256 224768
46.4484 23.18 0 224768 225280
46.4652 23.23 0 225280 225792
46.4824 23.27 0 225792 226304
46.4998 23.333 0 226304 226816
46.5169 23.382 0 226816 227328
46.534 23.422 0 227328 227840
46.5515 23.484 0 227840 228352
46.5686 23.533 0 228352 228864
46.586 23.603 0 228864 229376
46.6031 23.659 0 229376 229888
46.62 23.703 0 229888 230400
46.6374 23.769 0 230400 230912
46.6545 23.821 0 230912 231424
46.6716 23.863 0 231424 231936
46.689 23.927 0 231936 232448
46.7473 23.347 0 202240 202752
46.7629 22.913 0 202752 203264
46.7783 22.566 0 203264 203776
46.7936 22.288 0 203776 204288
46.8092 22.096 0 204288 204800
46.8245 21.943 0 204800 205312
46.8401 21.82 0 205312 205824
46.8558 21.751 0 205824 206336
46.8711 21.697 0 206336 206848
46.8864 21.653 0 206848 207360
46.902 21.648 0 207360 207872
46.9176 21.644 0 207872 208384
46.933 21.641 0 208384 208896
46.9486 21.668 0 208896 209408
46.9639 21.69 0 209408 209920
46.9801 21.708 0 209920 210432
46.9976 21.752 0 210432 210944
47.0147 21.787 0 210944 211456
47.0321 21.846 0 211456 211968
47.0492 21.892 0 211968 212480
47.0663 21.93 0 212480 212992
47.0835 21.99 0 212992 213504
47.1006 22.037 0 213504 214016
47.1177 22.076 0 214016 214528
47.1351 22.137 0 214528 215040
47.1523 22.185 0 215040 215552
47.1694 22.224 0 215552 216064
47.1868 22.285 0 216064 216576
47.2039 22.334 0 216576 217088
47.2211 22.373 0 217088 217600
47.2382 22.434 0 217600 218112
47.2553 22.483 0 218112 218624
47.2724 22.523 0 218624 219136
47.2898 22.584 0 219136 219648
47.307 22.633 0 219648 220160
47.3244 22.703 0 220160 220672
47.3415 22.758 0 220672 221184
47.3586 22.803 0 221184 221696
47.3761 22.868 0 221696 222208
47.3929 22.921 0 222208 222720
47.41 22.962 0 222720 223232
47.4274 23.026 0 223232 223744
47.4445 23.077 0 223744 224256
47.4617 23.118 0 224256 224768
47.4791 23.18 0 224768 225280
47.4962 23.23 0 225280 225792
47.5133 23.27 0 225792 226304
47.5308 23.333 0 226304 226816
47.5476 23.382 0 226816 227328
47.5647 23.422 0 227328 227840
47.5821 23.484 0 227840 228352
47.5993 23.533 0 228352 228864
47.6167 23.603 0 228864 229376
47.6338 23.659 0 229376 229888
47.6509 23.703 0 229888 230400
47.6683 23.769 0 230400 230912
47.6855 23.821 0 230912 231424
47.7023 23.863 0 231424 231936
47.7471 23.266 0 201216 201728
47.7627 22.818 0 201728 202240
47.778 22.46 0 202240 202752
47.7936 22.204 0 202752 203264
47.8089 21.999 0 203264 203776
47.8243 21.834 0 203776 204288
47.8402 21.733 0 204288 204800
47.8555 21.652 0 204800 205312
47.8708 21.587 0 205312 205824
47.8864 21.565 0 205824 206336
47.9018 21.548 0 206336 206848
47.9174 21.534 0 206848 207360
47.933 21.553 0 207360 207872
47.9483 21.568 0 207872 208384
47.9636 21.58 0 208384 208896
47.9793 21.62 0 208896 209408
47.9949 21.651 0 209408 209920
48.0111 21.677 0 209920 210432
48.0282 21.727 0 210432 210944
48.0453 21.768 0 210944 211456
48.0628 21.83 0 211456 211968
48.0799 21.88 0 211968 212480
48.097 21.919 0 212480 212992
48.1144 21.981 0 212992 213504
48.1316 22.031 0 213504 214016
48.1487 22.071 0 214016 214528
48.1661 22.132 0 214528 215040
48.1829 22.182 0 215040 215552
48.2001 22.221 0 215552 216064
48.2175 22.283 0 216064 216576
48.2346 22.332 0 216576 217088
48.2517 22.372 0 217088 217600
48.2691 22.433 0 217600 218112
48.2863 22.483 0 218112 218624
48.3034 22.522 0 218624 219136
48.3208 22.584 0 219136 219648
48.3376 22.633 0 219648 220160
48.3551 22.702 0 220160 220672
48.3722 22.758 0 220672 221184
48.3893 22.802 0 221184 221696
48.4067 22.868 0 221696 222208
48.4239 22.92 0 222208 222720
48.441 22.962 0 222720 223232
48.4584 23.026 0 223232 223744
48.4755 23.077 0 223744 224256
48.4923 23.118 0 224256 224768
48.5098 23.18 0 224768 225280
48.5269 23.23 0 225280 225792
48.544 23.27 0 225792 226304
48.5614 23.333 0 226304 226816
48.5786 23.382 0 226816 227328
48.5957 23.422 0 227328 227840
48.6131 23.484 0 227840 228352
48.6302 23.533 0 228352 228864
48.6474 23.603 0 228864 229376
48.6645 23.659 0 229376 229888
48.6816 23.703 0 229888 230400
48.699 23.769 0 230400 230912
48.7468 23.19 0 200704 201216
48.7621 22.728 0 201216 201728
48.7777 22.388 0 201728 202240
48.793 22.116 0 202240 202752
48.8087 21.928 0 202752 203264
48.824 21.778 0 203264 203776
48.8396 21.658 0 203776 204288
48.8552 21.592 0 204288 204800
48.8705 21.539 0 204800 205312
48.8859 21.497 0 205312 205824
48.9015 21.493 0 205824 206336
48.9171 21.49 0 206336 206848
48.9324 21.488 0 206848 207360
48.9481 21.516 0 207360 207872
48.9634 21.538 0 207872 208384
48.9787 21.556 0 208384 208896
48.9946 21.601 0 208896 209408
49.0099 21.636 0 209408 209920
49.0262 21.665 0 209920 210432
49.0436 21.718 0 210432 210944
49.0607 21.76 0 210944 211456
49.0778 21.824 0 211456 211968
49.0949 21.875 0 211968 212480
49.1121 21.916 0 212480 212992
49.1295 21.978 0 212992 213504
49.1466 22.028 0 213504 214016
49.1637 22.069 0 214016 214528
49.1812 22.131 0 214528 215040
49.1983 22.18 0 215040 215552
49.2154 22.22 0 215552 216064
49.2325 22.282 0 216064 216576
49.2497 22.332 0 216576 217088
49.2668 22.371 0 217088 217600
49.2842 22.433 0 217600 218112
49.3013 22.482 0 218112 218624
49.3184 22.522 0 218624 219136
49.3359 22.583 0 219136 219648
49.353 22.633 0 219648 220160
49.3704 22.702 0 220160 220672
49.3872 22.758 0 220672 221184
49.4044 22.802 0 221184 221696
49.4218 22.868 0 221696 222208
49.4389 22.92 0 222208 222720
49.456 22.962 0 222720 223232
49.4735 23.026 0 223232 223744
49.4906 23.077 0 223744 224256
49.5077 23.118 0 224256 224768
49.5251 23.18 0 224768 225280
49.5419 23.23 0 225280 225792
49.5591 23.27 0 225792 226304
49.5765 23.332 0 226304 226816
49.5936 23.382 0 226816 227328
49.6107 23.422 0 227328 227840
49.6282 23.484 0 227840 228352
49.6453 23.533 0 228352 228864
49.6627 23.603 0 228864 229376
49.6798 23.659 0 229376 229888
49.6966 23.703 0 229888 230400
49.7471 23.168 0 201728 202240
49.7624 22.74 0 202240 202752
49.7781 22.427 0 202752 203264
49.7934 22.177 0 203264 203776
49.8087 21.978 0 203776 204288
49.8243 21.848 0 204288 204800
49.8399 21.744 0 204800 205312
49.8553 21.661 0 205312 205824
49.8709 21.624 0 205824 206336
49.8862 21.595 0 206336 206848
49.9015 21.571 0 206848 207360
