0.681453 27.486 77.1255 0 264704
0.691517 27.516 77.4624 0 265216
0.713446 27.54 77.3949 0 265728
0.735375 27.559 77.3416 0 266240
0.757605 27.605 77.6323 0 266752
0.779534 27.641 77.5312 0 267264
0.801463 27.67 77.4499 0 267776
0.823693 27.724 77.7169 0 268288
0.845922 27.766 77.5994 0 268800
0.867852 27.8 77.5045 0 269312
0.890081 27.858 77.7589 0 269824
0.91201 27.903 77.6335 0 270336
0.93424 27.97 77.8617 0 270848
0.956169 28.024 77.7117 0 271360
0.978098 28.066 77.5954 0 271872
1.00063 28.13 77.8306 0 272384
1.02256 28.182 77.687 0 272896
1.04449 28.223 77.5742 0 273408
1.06672 28.286 77.8109 0 273920
1.08865 28.336 77.6736 0 274432
1.11057 28.376 77.5641 0 274944
1.1328 28.439 77.7996 0 275456
1.15503 28.488 77.6658 0 275968
1.17696 28.528 77.5569 0 276480
1.19919 28.59 77.7939 0 276992
1.22112 28.64 77.6581 0 277504
1.24305 28.679 77.5525 0 278016
1.26528 28.741 77.7882 0 278528
1.28721 28.791 77.6532 0 279040
1.30974 28.86 77.8689 0 279552
1.33167 28.916 77.7181 0 280064
1.3536 28.96 77.6 0 280576
1.37583 29.026 77.8226 0 281088
1.39776 29.078 77.6835 0 281600
1.41969 29.12 77.5714 0 282112
1.44192 29.184 77.7982 0 282624
1.46415 29.235 77.6625 0 283136
1.48607 29.276 77.5538 0 283648
1.5083 29.338 77.7847 0 284160
1.53023 29.388 77.6524 0 284672
1.55216 29.429 77.5442 0 285184
1.57439 29.491 77.774 0 285696
1.59632 29.54 77.645 0 286208
1.61885 29.61 77.8526 0 286720
1.64078 29.666 77.7057 0 287232
1.66271 29.711 77.588 0 287744
1.68494 29.776 77.8076 0 288256
1.70687 29.829 77.6694 0 288768
1.75914 28.67 64.6474 0 230912
1.77596 27.742 66.8099 0 231424
1.79338 27.03 68.9983 0 231936
1.81051 26.46 70.4847 0 232448
1.82763 26.005 71.7179 0 232960
1.84716 25.67 73.1051 0 233472
1.86638 25.402 73.8764 0 233984
1.88561 25.188 74.504 0 234496
1.90513 25.047 75.386 0 235008
1.92436 24.934 75.7276 0 235520
1.94388 24.874 76.376 0 236032
1.96311 24.825 76.5267 0 236544
1.98234 24.787 76.644 0 237056
2.00186 24.786 77.1145 0 237568
2.02109 24.785 77.1176 0 238080
2.04031 24.785 77.1176 0 238592
2.05984 24.814 77.4943 0 239104
2.07906 24.838 77.4194 0 239616
2.09829 24.857 77.3603 0 240128
2.11782 24.902 77.6856 0 240640
2.13704 24.938 77.5735 0 241152
2.15627 24.967 77.4834 0 241664
2.17579 25.02 77.7823 0 242176
2.19502 25.063 77.6488 0 242688
2.21424 25.097 77.5436 0 243200
2.23377 25.154 77.8284 0 243712
2.253 25.2 77.6863 0 244224
2.27252 25.267 77.9388 0 244736
2.29175 25.32 77.7757 0 245248
2.31097 25.363 77.6438 0 245760
2.3305 25.427 77.904 0 246272
2.34972 25.478 77.748 0 246784
2.36895 25.519 77.6231 0 247296
2.38848 25.582 77.8848 0 247808
2.4077 25.633 77.7298 0 248320
2.42693 25.673 77.6087 0 248832
2.44645 25.735 77.8718 0 249344
2.46568 25.785 77.7208 0 249856
2.4849 25.825 77.6005 0 250368
2.50443 25.887 77.8621 0 250880
2.52366 25.936 77.715 0 251392
2.54288 25.976 77.5953 0 251904
2.56241 26.038 77.8554 0 252416
2.58163 26.087 77.7092 0 252928
2.60116 26.156 77.9471 0 253440
2.62039 26.212 77.7806 0 253952
2.63961 26.257 77.6473 0 254464
2.65914 26.322 77.8956 0 254976
2.67836 26.375 77.7391 0 255488
2.69759 26.417 77.6155 0 256000
2.75106 25.459 65.5209 0 207872
2.76638 24.693 67.5534 0 208384
2.782 24.11 69.6674 0 208896
2.79732 23.644 71.0404 0 209408
2.81354 23.271 72.1791 0 209920
2.83097 23.002 73.5268 0 210432
2.84809 22.788 74.2173 0 210944
2.86551 22.646 75.1942 0 211456
2.88263 22.532 75.5746 0 211968
2.89946 22.442 75.8777 0 212480
2.91688 22.399 76.5406 0 212992
2.934 22.365 76.6569 0 213504
2.95113 22.338 76.7496 0 214016
2.96855 22.346 77.2405 0 214528
2.98567 22.353 77.2163 0 215040
3.00279 22.358 77.199 0 215552
3.02022 22.392 77.5991 0 216064
3.03734 22.42 77.5022 0 216576
3.05416 22.442 77.4263 0 217088
3.07159 22.489 77.7795 0 217600
3.08871 22.527 77.6483 0 218112
3.10583 22.558 77.5416 0 218624
3.12325 22.612 77.8687 0 219136
3.14038 22.656 77.7175 0 219648
3.1578 22.721 78.005 0 220160
3.17492 22.773 77.8269 0 220672
3.19205 22.814 77.687 0 221184
3.20917 22.877 77.9795 0 221696
3.22629 22.928 77.806 0 222208
3.24341 22.968 77.6705 0 222720
3.26084 23.031 77.961 0 223232
3.27796 23.081 77.7921 0 223744
3.29508 23.121 77.6575 0 224256
3.31251 23.183 77.9495 0 224768
3.32963 23.232 77.7851 0 225280
3.34675 23.272 77.6514 0 225792
3.36388 23.334 77.9415 0 226304
3.381 23.383 77.7782 0 226816
3.39812 23.423 77.6454 0 227328
3.41554 23.484 77.937 0 227840
3.43267 23.534 77.7714 0 228352
3.45009 23.603 78.0348 0 228864
3.46721 23.659 77.8501 0 229376
3.48434 23.703 77.7056 0 229888
3.50176 23.769 77.9772 0 230400
3.51858 23.821 77.807 0 230912
3.5357 23.863 77.67 0 231424
3.55313 23.927 77.9464 0 231936
3.57025 23.978 77.7806 0 232448
3.58737 24.019 77.6479 0 232960
3.6069 24.081 77.929 0 233472
3.62612 24.132 77.7643 0 233984
3.64535 24.172 77.6356 0 234496
3.66488 24.234 77.915 0 235008
3.6841 24.283 77.7578 0 235520
3.70363 24.353 78.0099 0 236032
3.75019 23.928 71.6496 0 212992
3.76701 23.588 72.6824 0 213504
3.78413 23.317 73.5271 0 214016
3.80156 23.129 74.6256 0 214528
3.81868 22.979 75.1128 0 215040
3.8358 22.859 75.5071 0 215552
3.85323 22.793 76.2339 0 216064
3.87035 22.741 76.4082 0 216576
3.88747 22.698 76.553 0 217088
3.9046 22.695 77.0735 0 217600
3.92172 22.692 77.0837 0 218112
3.93884 22.689 77.0939 0 218624
3.95626 22.717 77.5088 0 219136
3.97339 22.74 77.4304 0 219648
3.99081 22.788 77.7757 0 220160
4.00793 22.826 77.6462 0 220672
4.02506 22.857 77.5409 0 221184
4.04248 22.912 77.8603 0 221696
4.0593 22.955 77.7145 0 222208
4.07642 22.99 77.5962 0 222720
4.09385 23.048 77.9035 0 223232
4.11097 23.095 77.745 0 223744
4.12809 23.132 77.6206 0 224256
4.14552 23.192 77.9193 0 224768
4.16264 23.24 77.7583 0 225280
4.17976 23.278 77.6314 0 225792
4.19718 23.338 77.9282 0 226304
4.21401 23.387 77.7649 0 226816
4.23113 23.426 77.6354 0 227328
4.24855 23.487 77.927 0 227840
4.26568 23.536 77.7648 0 228352
4.2831 23.605 78.0282 0 228864
4.30022 23.66 77.8468 0 229376
4.31734 23.704 77.7023 0 229888
4.33477 23.77 77.9739 0 230400
4.35189 23.822 77.8037 0 230912
4.36871 23.864 77.6668 0 231424
4.38614 23.928 77.9432 0 231936
4.40326 23.978 77.7806 0 232448
4.42038 24.019 77.6479 0 232960
4.43991 24.082 77.9258 0 233472
4.45913 24.132 77.7643 0 233984
4.47836 24.172 77.6356 0 234496
4.49789 24.234 77.915 0 235008
4.51711 24.283 77.7578 0 235520
4.53664 24.353 78.0099 0 236032
4.55586 24.409 77.831 0 236544
4.57509 24.454 77.6877 0 237056
4.59461 24.519 77.9542 0 237568
4.61384 24.572 77.7861 0 238080
4.63307 24.614 77.6534 0 238592
4.65259 24.678 77.9214 0 239104
4.67182 24.729 77.7607 0 239616
4.69104 24.77 77.632 0 240128
4.75082 24.262 70.6633 0 213504
4.76764 23.855 71.8689 0 214016
4.78507 23.56 73.2604 0 214528
4.80219 23.324 74.0017 0 215040
4.81931 23.135 74.6063 0 215552
4.83674 23.014 75.5019 0 216064
4.85386 22.917 75.8214 0 216576
4.87098 22.839 76.0804 0 217088
4.88841 22.808 76.6917 0 217600
4.90523 22.782 76.7792 0 218112
4.92235 22.761 76.8501 0 218624
4.93977 22.775 77.3114 0 219136
4.9569 22.786 77.2741 0 219648
4.97432 22.825 77.6496 0 220160
4.99144 22.856 77.5443 0 220672
5.00857 22.881 77.4596 0 221184
5.02599 22.931 77.7958 0 221696
5.04311 22.971 77.6604 0 222208
5.05993 23.003 77.5523 0 222720
5.07736 23.058 77.8697 0 223232
5.09448 23.103 77.718 0 223744
5.1116 23.138 77.6005 0 224256
5.12903 23.197 77.9025 0 224768
5.14615 23.243 77.7483 0 225280
5.16327 23.281 77.6214 0 225792
5.18069 23.341 77.9182 0 226304
5.19782 23.389 77.7583 0 226816
5.21464 23.427 77.6321 0 227328
5.23206 23.488 77.9237 0 227840
5.24919 23.537 77.7615 0 228352
5.26661 23.606 78.0249 0 228864
5.28373 23.661 77.8435 0 229376
5.30085 23.705 77.6991 0 229888
5.31828 23.77 77.9739 0 230400
5.3354 23.822 77.8037 0 230912
5.35252 23.864 77.6668 0 231424
5.36965 23.928 77.9432 0 231936
5.38677 23.979 77.7774 0 232448
5.40389 24.019 77.6479 0 232960
5.42342 24.082 77.9258 0 233472
5.44264 24.132 77.7643 0 233984
5.46187 24.172 77.6356 0 234496
5.48139 24.234 77.915 0 235008
5.50062 24.283 77.7578 0 235520
5.52015 24.353 78.0099 0 236032
5.53937 24.409 77.831 0 236544
5.5586 24.454 77.6877 0 237056
5.57812 24.519 77.9542 0 237568
5.59735 24.572 77.7861 0 238080
5.61657 24.614 77.6534 0 238592
5.6361 24.678 77.9214 0 239104
5.65533 24.729 77.7607 0 239616
5.67455 24.77 77.632 0 240128
5.69408 24.832 77.9046 0 240640
5.74995 24.252 69.7371 0 210944
5.76708 23.817 71.4972 0 211456
5.7842 23.469 72.5573 0 211968
5.80132 23.191 73.4271 0 212480
5.81874 22.999 74.5438 0 212992
5.83587 22.845 75.0463 0 213504
5.85299 22.722 75.4525 0 214016
5.87041 22.653 76.1937 0 214528
5.88754 22.598 76.3791 0 215040
5.90436 22.555 76.5248 0 215552
5.92178 22.55 77.0554 0 216064
5.9389 22.546 77.0691 0 216576
5.95603 22.542 77.0828 0 217088
5.97345 22.57 77.5004 0 217600
5.99057 22.592 77.4249 0 218112
6.0077 22.609 77.3667 0 218624
6.02512 22.653 77.7278 0 219136
6.04224 22.689 77.6045 0 219648
6.05936 22.747 77.9159 0 220160
6.07649 22.794 77.7552 0 220672
6.09361 22.831 77.6292 0 221184
6.11103 22.891 77.9318 0 221696
6.12816 22.939 77.7687 0 222208
6.14528 22.977 77.6401 0 222720
6.1627 23.038 77.9373 0 223232
6.17982 23.086 77.7753 0 223744
6.19695 23.125 77.6441 0 224256
6.21407 23.186 77.9394 0 224768
6.23119 23.235 77.7751 0 225280
6.24832 23.274 77.6448 0 225792
6.26574 23.336 77.9349 0 226304
6.28286 23.385 77.7716 0 226816
6.29998 23.424 77.6421 0 227328
6.31741 23.485 77.9337 0 227840
6.33453 23.534 77.7714 0 228352
6.35195 23.604 78.0315 0 228864
6.36878 23.659 77.8501 0 229376
6.3859 23.704 77.7023 0 229888
6.40332 23.769 77.9772 0 230400
6.42045 23.822 77.8037 0 230912
6.43757 23.864 77.6668 0 231424
6.45499 23.927 77.9464 0 231936
6.47211 23.978 77.7806 0 232448
6.48924 24.019 77.6479 0 232960
6.50846 24.081 77.929 0 233472
6.52769 24.132 77.7643 0 233984
6.54691 24.172 77.6356 0 234496
6.56644 24.234 77.915 0 235008
6.58567 24.283 77.7578 0 235520
6.60519 24.353 78.0099 0 236032
6.62442 24.409 77.831 0 236544
6.64364 24.454 77.6877 0 237056
6.66317 24.519 77.9542 0 237568
6.68239 24.572 77.7861 0 238080
6.70162 24.614 77.6534 0 238592
6.75028 24.137 71.0292 0 213504
6.76711 23.756 72.1684 0 214016
6.78453 23.48 73.5101 0 214528
6.80165 23.26 74.2053 0 215040
6.81878 23.084 74.7711 0 215552
6.8362 22.973 75.6366 0 216064
6.85332 22.884 75.9308 0 216576
6.87044 22.813 76.1671 0 217088
6.88787 22.787 76.7624 0 217600
6.90469 22.765 76.8365 0 218112
6.92181 22.748 76.894 0 218624
6.93924 22.764 77.3488 0 219136
6.95636 22.778 77.3013 0 219648
6.97378 22.818 77.6734 0 220160
6.9909 22.85 77.5646 0 220672
7.00803 22.876 77.4765 0 221184
7.02545 22.927 77.8094 0 221696
7.04257 22.968 77.6705 0 222208
7.0594 23 77.5624 0 222720
7.07682 23.056 77.8765 0 223232
7.09394 23.101 77.7248 0 223744
7.11106 23.137 77.6038 0 224256
7.12849 23.196 77.9058 0 224768
7.14561 23.243 77.7483 0 225280
7.16273 23.28 77.6247 0 225792
7.18016 23.34 77.9215 0 226304
7.19728 23.389 77.7583 0 226816
7.2141 23.427 77.6321 0 227328
7.23153 23.488 77.9237 0 227840
7.24865 23.536 77.7648 0 228352
7.26607 23.605 78.0282 0 228864
7.28319 23.661 77.8435 0 229376
7.30032 23.705 77.6991 0 229888
7.31774 23.77 77.9739 0 230400
7.33486 23.822 77.8037 0 230912
7.35199 23.864 77.6668 0 231424
7.36911 23.928 77.9432 0 231936
7.38623 23.979 77.7774 0 232448
7.40335 24.019 77.6479 0 232960
7.42288 24.082 77.9258 0 233472
7.44211 24.132 77.7643 0 233984
7.46133 24.172 77.6356 0 234496
7.48086 24.234 77.915 0 235008
7.50008 24.283 77.7578 0 235520
7.51961 24.353 78.0099 0 236032
7.53883 24.409 77.831 0 236544
7.55806 24.454 77.6877 0 237056
7.57759 24.519 77.9542 0 237568
7.59681 24.572 77.7861 0 238080
7.61604 24.614 77.6534 0 238592
7.63556 24.678 77.9214 0 239104
7.65479 24.729 77.7607 0 239616
7.67401 24.77 77.632 0 240128
7.69354 24.832 77.9046 0 240640
7.75032 24.282 70.128 0 211968
7.76714 23.841 71.4252 0 212480
7.78456 23.519 72.8956 0 212992
7.80168 23.261 73.7041 0 213504
7.81881 23.054 74.3659 0 214016
7.83623 22.919 75.3094 0 214528
7.85335 22.811 75.666 0 215040
7.87048 22.725 75.9523 0 215552
7.8879 22.686 76.5935 0 216064
7.90472 22.655 76.6983 0 216576
7.92184 22.63 76.783 0 217088
7.93927 22.64 77.2608 0 217600
7.95639 22.648 77.2335 0 218112
7.97351 22.654 77.213 0 218624
7.99094 22.689 77.6045 0 219136
8.00806 22.717 77.5088 0 219648
8.02548 22.77 77.8372 0 220160
8.04261 22.812 77.6938 0 220672
8.05943 22.846 77.5782 0 221184
8.07685 22.903 77.8909 0 221696
8.09397 22.948 77.7382 0 222208
8.1111 22.985 77.6131 0 222720
8.12852 23.044 77.917 0 223232
8.14564 23.091 77.7584 0 223744
8.16277 23.129 77.6307 0 224256
8.18019 23.189 77.9294 0 224768
8.19731 23.238 77.765 0 225280
8.21413 23.276 77.6381 0 225792
8.23156 23.337 77.9315 0 226304
8.24868 23.386 77.7682 0 226816
8.2658 23.425 77.6388 0 227328
8.28323 23.486 77.9303 0 227840
8.30035 23.535 77.7681 0 228352
8.31777 23.604 78.0315 0 228864
8.33489 23.66 77.8468 0 229376
8.35202 23.704 77.7023 0 229888
8.36914 23.77 77.9739 0 230400
8.38626 23.822 77.8037 0 230912
8.40339 23.864 77.6668 0 231424
8.42081 23.927 77.9464 0 231936
8.43793 23.978 77.7806 0 232448
8.45505 24.019 77.6479 0 232960
8.47458 24.082 77.9258 0 233472
8.49381 24.132 77.7643 0 233984
8.51303 24.172 77.6356 0 234496
8.53256 24.234 77.915 0 235008
8.55178 24.283 77.7578 0 235520
8.57131 24.353 78.0099 0 236032
8.59053 24.409 77.831 0 236544
8.60976 24.454 77.6877 0 237056
8.62929 24.519 77.9542 0 237568
8.64851 24.572 77.7861 0 238080
8.66774 24.614 77.6534 0 238592
8.68726 24.678 77.9214 0 239104
8.75065 24.218 71.27 0 214528
8.76747 23.85 72.3696 0 215040
8.78459 23.556 73.2729 0 215552
8.80202 23.351 74.4122 0 216064
8.81914 23.187 74.9385 0 216576
8.83626 23.055 75.3676 0 217088
8.85369 22.98 76.1177 0 217600
8.87081 22.92 76.3169 0 218112
8.88793 22.872 76.4771 0 218624
8.90505 22.864 77.0105 0 219136
8.92218 22.857 77.0341 0 219648
8.9396 22.881 77.4596 0 220160
8.95672 22.901 77.3919 0 220672
8.97385 22.917 77.3379 0 221184
8.99127 22.96 77.6976 0 221696
9.00839 22.994 77.5827 0 222208
9.02551 23.021 77.4917 0 222720
9.04294 23.073 77.8191 0 223232
9.05976 23.114 77.6811 0 223744
9.07688 23.148 77.567 0 224256
9.09431 23.204 77.879 0 224768
9.11143 23.25 77.7249 0 225280
9.12855 23.286 77.6047 0 225792
9.14597 23.345 77.9048 0 226304
9.1631 23.392 77.7483 0 226816
9.18022 23.43 77.6222 0 227328
9.19764 23.49 77.9171 0 227840
9.21447 23.538 77.7582 0 228352
9.23189 23.607 78.0216 0 228864
9.24901 23.662 77.8403 0 229376
9.26613 23.706 77.6958 0 229888
9.28356 23.771 77.9706 0 230400
9.30068 23.823 77.8004 0 230912
9.3178 23.865 77.6635 0 231424
9.33523 23.928 77.9432 0 231936
9.35235 23.979 77.7774 0 232448
9.36917 24.019 77.6479 0 232960
9.3887 24.082 77.9258 0 233472
9.40792 24.132 77.7643 0 233984
9.42715 24.172 77.6356 0 234496
9.44667 24.234 77.915 0 235008
9.4659 24.284 77.7546 0 235520
9.48543 24.353 78.0099 0 236032
9.50465 24.409 77.831 0 236544
9.52388 24.454 77.6877 0 237056
9.5434 24.519 77.9542 0 237568
9.56263 24.572 77.7861 0 238080
9.58185 24.614 77.6534 0 238592
9.60138 24.678 77.9214 0 239104
9.62061 24.729 77.7607 0 239616
9.63983 24.77 77.632 0 240128
9.65936 24.832 77.9046 0 240640
9.67858 24.882 77.7481 0 241152
9.69781 24.922 77.6233 0 241664
9.75098 24.414 70.6978 0 215040
9.7678 24.007 71.8964 0 215552
9.78523 23.711 73.2824 0 216064
9.80235 23.475 74.0192 0 216576
9.81947 23.286 74.6199 0 217088
9.83689 23.165 75.5098 0 217600
9.85402 23.068 75.8273 0 218112
9.87114 22.99 76.0846 0 218624
9.88856 22.958 76.6952 0 219136
9.90539 22.932 76.7821 0 219648
9.92281 22.942 77.2536 0 220160
9.93993 22.95 77.2267 0 220672
9.95705 22.956 77.2065 0 221184
9.97448 22.991 77.5928 0 221696
9.9916 23.019 77.4984 0 222208
10.0087 23.041 77.4244 0 222720
10.0262 23.09 77.7618 0 223232
10.0439 23.249 77.23 0 223744
10.0615 23.406 76.712 0 224256
10.0802 23.681 76.3103 0 224768
10.0978 23.992 75.3211 0 225280
10.1163 24.24 74.5505 0 225792
10.1364 24.649 73.7834 0 226304
10.1576 25.246 72.0387 0 226816
10.1747 25.724 70.7 0 227328
10.1984 26.587 68.8409 0 227840
10.225 27.909 65.58 0 228352
10.2554 29.777 61.855 0 228864
10.2732 31.391 58.6747 0 229376
10.3115 34.125 53.9738 0 229888
10.3582 37.964 48.821 0 230400
10.3871 42.027 44.1012 0 230912
10.4421 47.89 38.702 0 231424
10.5154 55.104 33.8455 0 231936
10.5732 61.447 30.3518 0 232448
10.6188 66.49 28.0497 0 232960
10.6698 64.397 29.1412 0 233472
10.7261 65.036 28.8549 0 233984
10.9044 66.327 24.1017 0 199168
10.9607 67.391 23.7211 0 199680
11.0203 68.302 23.5744 0 200192
11.0697 69.03 23.3257 0 200704
11.1106 69.613 23.1304 0 201216
11.1753 70.17 23.1119 0 201728
11.2336 70.585 22.976 0 202240
11.2832 71.007 23.0026 0 202752
11.3254 71.345 22.8936 0 203264
11.3898 71.585 22.8168 0 203776
11.4458 71.988 22.85 0 204288
11.4953 72.37 22.7294 0 204800
11.5412 72.435 22.709 0 205312
11.6051 72.607 22.8148 0 205824
11.6563 72.745 22.7715 0 206336
11.7013 72.826 22.7462 0 206848
11.9008 71.568 14.2437 0 126464
11.9405 70.292 14.5022 0 126976
11.9661 64.104 16.0829 0 127488
11.9911 59.153 17.429 0 128000
12.0253 55.193 18.6795 0 128512
12.0552 52.205 19.9705 0 129024
12.08 49.695 20.9792 0 129536
12.1064 47.656 21.8768 0 130048
12.1413 46.115 22.859 0 130560
12.1682 44.913 23.4708 0 131072
12.1973 43.921 24.0009 0 131584
12.2255 43.127 24.7114 0 132096
12.2608 42.552 25.0453 0 132608
12.2891 42.093 25.3184 0 133120
12.3182 41.785 25.7823 0 133632
12.346 41.538 25.9356 0 134144
12.3811 41.341 26.0592 0 134656
12.4113 41.394 26.3056 0 135168
12.4388 41.286 26.3745 0 135680
12.4675 41.23 26.6912 0 136192
12.5027 41.245 26.6815 0 136704
12.5288 41.227 26.6932 0 137216
12.5566 41.452 26.8278 0 137728
12.5892 41.423 26.8465 0 138240
12.6225 41.429 26.8426 0 138752
12.6486 41.494 27.0798 0 139264
12.6746 41.547 27.0452 0 139776
12.712 41.588 27.0186 0 140288
12.8131 40.69 17.0813 0 86016
12.8241 39.822 17.4537 0 86528
12.8582 39.187 18.0321 0 87040
12.8903 38.709 18.2548 0 87552
12.9019 38.297 18.4512 0 88064
12.9312 37.607 19.0977 0 88576
12.9636 37.055 19.3822 0 89088
12.9938 36.673 19.5841 0 89600
13.0052 36.428 20.0338 0 90112
13.0353 36.202 20.1589 0 90624
13.0676 36.051 20.2433 0 91136
13.0983 36.05 20.5652 0 91648
13.1084 35.989 20.6001 0 92160
13.141 35.911 20.6448 0 92672
13.1742 35.938 20.9516 0 93184
13.2036 35.96 20.9388 0 93696
13.2151 36.008 21.2326 0 94208
13.2481 36.016 21.2279 0 94720
13.2802 36.082 21.1891 0 95232
13.3098 36.195 21.443 0 95744
13.3227 36.256 21.4069 0 96256
13.3568 36.334 21.3609 0 96768
13.3893 36.427 21.6244 0 97280
13.4015 36.501 21.5806 0 97792
13.4321 36.561 21.5451 0 98304
13.4663 36.668 21.7982 0 98816
13.4985 36.785 21.7289 0 99328
13.5088 36.877 21.6746 0 99840
13.5428 36.952 21.9441 0 100352
13.577 37.071 21.8737 0 100864
13.6096 37.227 22.0932 0 101376
13.6209 37.352 22.0193 0 101888
13.6548 37.451 21.9611 0 102400
13.6897 37.591 22.1874 0 102912
13.8079 37.703 22.1215 0 103936
13.8435 37.852 22.3405 0 104448
13.8768 37.972 22.2699 0 104960
13.9076 38.098 22.1962 0 105472
13.9223 38.198 22.4414 0 105984
13.9501 36.717 23.3466 0 106496
13.976 35.562 24.1048 0 107008
13.9865 34.668 25.0606 0 107520
14.0143 33.952 25.5891 0 108032
14.0424 33.41 26.0042 0 108544
14.0683 33.036 26.6492 0 109056
14.0787 32.677 26.942 0 109568
14.1071 32.45 27.4875 0 110080
14.1352 32.328 27.5912 0 110592
14.1607 32.231 27.6742 0 111104
14.1733 32.183 28.0754 0 111616
14.2019 32.115 28.1349 0 112128
14.2295 32.06 28.1832 0 112640
14.2564 32.137 28.4761 0 113152
14.2684 32.168 28.4486 0 113664
14.2975 32.193 28.4266 0 114176
14.3253 32.303 28.6884 0 114688
14.3507 32.361 28.6369 0 115200
14.3644 32.377 28.6228 0 115712
14.394 32.45 28.9154 0 116224
14.4212 32.539 28.8363 0 116736
14.4324 32.61 28.7735 0 117248
14.4626 32.727 29.0246 0 117760
14.4924 32.79 28.9688 0 118272
14.5204 32.961 29.17 0 118784
14.5317 33.068 29.0756 0 119296
14.5619 33.153 29.0011 0 119808
14.5924 33.281 29.2376 0 120320
14.62 33.414 29.1212 0 120832
14.6314 33.46 29.0812 0 121344
14.6619 33.557 29.3423 0 121856
14.6912 33.695 29.2221 0 122368
14.7858 33.865 29.4175 0 124416
14.8004 34.001 29.6405 0 124928
14.8317 34.14 29.5199 0 125440
14.8611 34.281 29.3984 0 125952
14.8895 34.484 29.5613 0 126464
14.9042 34.556 29.4997 0 126976
14.9345 34.404 29.9667 0 127488
14.9626 34.312 30.0471 0 128000
14.9746 34.239 30.1112 0 128512
15.0045 34.18 30.502 0 129024
15.0347 34.163 30.5172 0 129536
15.0627 34.179 30.5029 0 130048
15.075 34.223 30.8022 0 130560
15.1058 34.287 30.7447 0 131072
15.1361 34.339 30.6982 0 131584
15.1657 34.53 30.8638 0 132096
15.1783 34.563 30.8344 0 132608
15.2096 34.62 30.7836 0 133120
15.241 34.755 30.9973 0 133632
15.2695 34.833 30.9279 0 134144
15.2827 34.866 30.8986 0 134656
15.3147 34.952 31.154 0 135168
15.3456 35.051 31.066 0 135680
15.3749 35.22 31.2459 0 136192
15.3884 35.326 31.1521 0 136704
15.42 35.38 31.1046 0 137216
15.4508 35.513 31.3143 0 137728
15.4786 36.191 30.7276 0 138240
15.4943 36.162 30.7523 0 138752
15.5266 36.199 31.0409 0 139264
15.5564 36.259 30.9895 0 139776
15.5696 36.247 30.9998 0 140288
15.6025 36.297 31.2762 0 140800
15.6352 36.367 31.216 0 141312
15.6659 36.424 31.1671 0 141824
15.6932 36.559 31.3689 0 142336
15.7126 36.637 31.3021 0 142848
15.8044 36.819 31.7766 0 144896
15.8236 36.935 31.6768 0 145408
15.8571 37.058 31.5717 0 145920
15.888 37.186 31.7745 0 146432
15.9018 37.259 31.7123 0 146944
15.9347 37.347 31.6376 0 147456
15.9682 37.538 31.7852 0 147968
15.9981 37.66 31.6822 0 148480
16.0133 37.728 31.6251 0 148992
16.0474 37.843 31.8351 0 149504
16.0798 37.964 31.7336 0 150016
16.1103 38.062 31.6519 0 150528
16.1282 38.169 31.8667 0 151040
16.1632 38.286 31.7693 0 151552
16.1968 38.379 31.9942 0 152064
16.2288 38.573 31.8333 0 152576
16.2447 38.639 31.7789 0 153088
16.2799 38.752 31.9851 0 153600
16.3143 38.902 31.8618 0 154112
16.3461 38.992 31.7883 0 154624
16.362 39.064 32.0262 0 155136
16.3973 39.151 31.955 0 155648
16.4313 39.252 31.8728 0 156160
16.464 39.422 32.0292 0 156672
16.4801 39.528 31.9433 0 157184
16.5152 39.583 31.8989 0 157696
16.5493 39.747 32.0588 0 158208
16.5771 39.848 31.9775 0 158720
16.5983 39.929 31.9126 0 159232
16.6345 40.054 32.1023 0 159744
16.6666 40.124 32.0463 0 160256
16.6826 40.24 32.2417 0 160768
16.7179 40.333 32.1674 0 161280
16.8045 40.527 32.5851 0 164864
16.8415 40.683 32.7449 0 165376
16.8778 40.867 32.5975 0 165888
16.9115 41.015 32.4798 0 166400
16.929 41.193 32.6207 0 166912
16.9664 41.395 32.4615 0 167424
17.0026 41.557 32.335 0 167936
17.0376 41.747 32.4653 0 168448
17.0546 41.869 32.3707 0 168960
17.0925 42.026 32.5254 0 169472
17.1291 42.182 32.4051 0 169984
17.1628 42.307 32.3094 0 170496
17.1812 42.437 32.4834 0 171008
17.2191 42.511 32.4268 0 171520
17.2545 42.63 32.3363 0 172032
17.2838 45.429 30.599 0 172544
17.3082 44.995 30.8941 0 173056
17.3462 44.677 31.114 0 173568
17.3807 44.483 31.5101 0 174080
17.3975 44.268 31.6631 0 174592
17.4367 44.126 31.765 0 175104
17.4759 44.102 32.045 0 175616
17.5126 44.084 32.0581 0 176128
17.5303 44.068 32.0697 0 176640
17.57 44.056 32.3414 0 177152
17.6095 44.077 32.326 0 177664
17.647 44.183 32.5106 0 178176
17.6787 44.479 32.2943 0 178688
17.7036 44.505 32.2754 0 179200
17.8375 44.526 32.2602 0 178688
17.8777 44.572 32.2269 0 179200
17.9168 44.7 32.3937 0 179712
17.9527 44.591 32.4729 0 180224
17.9711 44.445 32.5796 0 180736
18.0108 44.387 32.8831 0 181248
18.0486 44.402 32.872 0 181760
18.0845 44.383 32.8861 0 182272
18.1035 44.368 33.1583 0 182784
18.143 44.386 33.1449 0 183296
18.1807 44.431 33.1113 0 183808
18.2172 44.557 33.2776 0 184320
18.2365 44.627 33.2254 0 184832
18.2759 44.653 33.2061 0 185344
18.3139 44.795 33.3594 0 185856
18.3444 44.878 33.2977 0 186368
18.3701 44.974 33.4842 0 186880
18.4097 45.051 33.427 0 187392
18.4461 45.143 33.3589 0 187904
18.4639 45.247 33.5382 0 188416
18.5039 45.299 33.4997 0 188928
18.5425 45.401 33.4245 0 189440
18.5788 45.573 33.5525 0 189952
18.5984 45.651 33.4952 0 190464
18.6394 45.743 33.4278 0 190976
18.6802 45.877 33.5827 0 191488
18.7182 45.953 33.5271 0 192000
18.8205 46.015 32.7267 0 186880
18.8563 46.064 32.6919 0 187392
18.8749 46.044 32.7061 0 187904
18.9156 46.087 32.9269 0 188416
18.9528 45.821 33.1181 0 188928
18.9826 45.579 33.2939 0 189440
19.0078 45.415 33.6692 0 189952
19.0467 45.314 33.7443 0 190464
19.0832 45.233 33.8047 0 190976
19.1157 45.228 34.0646 0 191488
19.1425 45.164 34.1128 0 192000
19.1833 45.143 34.1287 0 192512
19.2226 45.187 34.3518 0 193024
19.2597 45.251 34.3032 0 193536
19.2804 45.333 34.4967 0 194048
19.321 45.369 34.4694 0 194560
19.362 45.457 34.4026 0 195072
19.3994 45.588 34.5579 0 195584
19.4188 45.692 34.4792 0 196096
19.4595 45.776 34.4159 0 196608
19.5006 45.843 34.6183 0 197120
19.5386 45.927 34.555 0 197632
19.5688 46.024 34.4822 0 198144
19.5987 46.131 34.6533 0 198656
19.64 46.247 34.5664 0 199168
19.6779 46.31 34.5194 0 199680
19.7111 46.451 34.664 0 200192
19.8204 46.353 32.9879 0 190976
19.8586 46.364 33.2299 0 191488
19.8788 46.344 33.2443 0 192000
19.9203 46.297 33.278 0 192512
19.9604 45.959 33.7748 0 193024
19.9969 45.749 33.9298 0 193536
20.0296 45.641 34.2639 0 194048
20.0564 45.496 34.3731 0 194560
20.0971 45.53 34.3475 0 195072
20.1363 45.676 34.4913 0 195584
20.1738 45.943 34.2908 0 196096
20.1958 46.127 34.1541 0 196608
20.2381 46.364 34.2293 0 197120
20.28 46.794 33.9148 0 197632
20.3203 47.409 33.4748 0 198144
20.3412 47.9 33.3735 0 198656
20.3883 48.774 32.7755 0 199168
20.4379 50.134 31.8864 0 199680
20.4874 52.003 30.9631 0 200192
20.5086 53.618 30.0305 0 200704
20.5705 56.382 28.5583 0 201216
20.6429 60.817 26.6662 0 201728
20.6971 64.815 25.0214 0 202240
20.7401 69.215 22.7613 75 202752
21.8758 62.507 0.834467 0 6144
21.911 57.185 1.01285 0 6656
21.9665 56.803 1.01966 0 7168
22.0051 53.282 1.30446 0 7680
22.0431 50.286 1.38217 0 8192
22.0814 47.949 1.69113 0 8704
22.1204 46.139 1.75747 0 9216
22.1588 44.692 1.81437 0 9728
22.1599 43.624 2.12434 0 10240
22.2368 50.34 1.84092 0 10752
22.2375 48.142 1.92497 0 11264
22.2772 46.474 2.24332 0 11776
22.3165 45.14 2.30961 0 12288
22.3559 44.102 2.36397 0 12800
22.3957 50.933 2.27436 0 13312
22.3975 48.797 2.37392 0 13824
22.4368 47.118 2.45851 0 14336
22.4775 45.865 2.77824 0 14848
22.5176 44.893 2.83839 0 15360
22.5193 44.115 2.88845 0 15872
22.56 43.523 3.1939 0 16384
22.6004 43.079 3.22682 0 16896
22.6414 42.814 3.51735 0 17408
22.6828 42.603 3.53477 0 17920
22.6845 42.463 3.54643 0 18432
22.8071 42.322 2.73711 0 14336
22.8087 42.268 3.01467 0 14848
22.85 42.196 3.01981 0 15360
22.8918 42.198 3.01967 0 15872
22.9325 42.079 3.3035 0 16384
22.9741 42.044 3.30625 0 16896
22.9762 42.077 3.57896 0 17408
23.0169 42.012 3.5845 0 17920
23.0576 41.961 3.58886 0 18432
23.0994 42.01 3.86041 0 18944
23.1408 49.889 3.25074 0 19456
23.1429 48.383 3.35192 0 19968
23.1851 47.268 3.67606 0 20480
23.2269 46.375 3.74685 0 20992
23.2686 45.692 3.80285 0 21504
23.2712 45.205 4.10008 0 22016
23.3134 44.815 4.13576 0 22528
23.3559 44.564 4.15905 0 23040
23.3987 44.332 4.44212 0 23552
23.4013 44.177 4.4577 0 24064
23.4438 44.083 4.46721 0 24576
23.4873 44.098 4.72838 0 25088
23.5306 44.17 4.72067 0 25600
23.5333 44.288 4.96965 0 26112
23.5768 44.352 4.96248 0 26624
23.6199 44.374 4.96002 0 27136
23.6641 44.511 5.20501 0 27648
23.7078 52.731 4.39362 0 28160
23.7108 51.227 4.52262 0 28672
23.8454 50.234 5.76502 0 35328
23.8484 49.409 5.86128 0 35840
23.8938 48.84 6.16675 0 36352
23.939 48.354 6.22873 0 36864
23.9833 47.935 6.28318 0 37376
23.9879 47.691 6.55822 0 37888
24.0321 47.375 6.60196 0 38400
24.077 47.152 6.63319 0 38912
24.1218 47.034 6.89612 0 39424
24.126 46.939 6.91007 0 39936
24.1707 46.864 6.92113 0 40448
24.2164 46.863 7.16847 0 40960
24.2615 46.923 7.1593 0 41472
24.2655 46.971 7.15199 0 41984
24.3119 47.099 7.3785 0 42496
24.3574 47.142 7.37177 0 43008
24.4035 47.326 7.58788 0 43520
24.408 47.414 7.5738 0 44032
24.4542 47.544 7.55309 0 44544
24.5012 47.678 7.77482 0 45056
24.547 56.076 6.61046 0 45568
24.5516 54.534 6.79737 0 46080
24.599 53.39 7.15999 0 46592
24.6461 52.535 7.27652 0 47104
24.6508 51.821 7.37678 0 47616
24.6982 51.34 7.67152 0 48128
24.8376 50.624 4.80531 0 30208
24.8409 50.112 5.08557 0 30720
24.8875 49.672 5.13062 0 31232
24.9325 49.08 5.1925 0 31744
24.9784 48.637 5.47797 0 32256
24.9814 48.252 5.52168 0 32768
25.0255 47.703 5.58523 0 33280
25.0706 47.295 5.87834 0 33792
25.115 47.028 5.91171 0 34304
25.1186 46.905 6.17418 0 34816
25.1634 46.776 6.19121 0 35328
25.2083 46.673 6.20487 0 35840
25.2535 46.621 6.46026 0 36352
25.2571 46.609 6.46193 0 36864
25.3023 46.659 6.455 0 37376
25.3481 46.76 6.68879 0 37888
25.394 46.84 6.67737 0 38400
25.3974 46.905 6.66812 0 38912
25.4437 47.016 6.89876 0 39424
25.4893 47.166 6.87682 0 39936
25.4935 47.285 6.85951 0 40448
25.54 47.471 7.07666 0 40960
25.5864 47.559 7.06356 0 41472
25.6329 47.69 7.04416 0 41984
25.6798 56.296 6.17309 0 42496
25.684 54.74 6.34856 0 43008
25.8252 53.314 4.56285 0 30208
25.8717 52.264 4.87617 0 30720
25.9183 51.394 4.95871 0 31232
25.9218 50.698 5.02679 0 31744
25.9673 49.931 5.336 0 32256
26.0111 49.077 5.42886 0 32768
26.015 48.393 5.50559 0 33280
26.0598 47.847 5.81052 0 33792
26.1038 47.47 5.85667 0 34304
26.1484 47.198 6.13585 0 34816
26.1936 47.071 6.15241 0 35328
26.1977 46.939 6.16971 0 35840
26.2429 46.893 6.42279 0 36352
26.288 46.917 6.41951 0 36864
26.3333 46.906 6.42101 0 37376
26.3377 46.927 6.66499 0 37888
26.383 46.974 6.65832 0 38400
26.4285 47.072 6.64446 0 38912
26.4749 47.21 6.87041 0 39424
26.4789 47.261 6.86299 0 39936
26.5245 47.361 6.8485 0 40448
26.5712 47.502 7.07204 0 40960
26.6179 47.644 7.05096 0 41472
26.6224 47.758 7.03413 0 41984
26.669 47.909 7.25375 0 42496
26.7159 48.06 7.23096 0 43008
26.7208 48.241 7.44396 0 43520
26.8589 48.115 5.05589 0 29696
26.8622 48.015 5.06642 0 30208
26.909 48.055 5.30326 0 30720
26.9541 47.756 5.33646 0 31232
26.9984 47.307 5.38711 0 31744
27.0025 47.008 5.6678 0 32256
27.0465 46.708 5.7042 0 32768
27.0908 46.529 5.72615 0 33280
27.1357 46.505 5.9782 0 33792
27.139 46.426 5.98837 0 34304
27.1846 46.483 6.23023 0 34816
27.2294 46.529 6.22408 0 35328
27.274 46.536 6.22314 0 35840
27.2785 46.571 6.4672 0 36352
27.3237 46.629 6.45916 0 36864
27.3694 46.736 6.44437 0 37376
27.4152 46.941 6.663 0 37888
27.4197 47.106 6.63966 0 38400
27.4652 47.147 6.63389 0 38912
27.5116 47.24 6.86605 0 39424
27.5576 47.375 6.84648 0 39936
27.5624 47.513 6.82659 0 40448
27.6091 47.713 7.04076 0 40960
27.6557 47.843 7.02163 0 41472
27.6602 47.947 7.0064 0 41984
27.7075 48.121 7.2218 0 42496
27.8485 48.289 6.71689 0 39424
27.8524 48.394 6.70232 0 39936
27.8994 48.478 6.69071 0 40448
27.9457 48.305 6.95448 0 40960
27.9502 48.197 6.97006 0 41472
27.9953 47.9 7.01328 0 41984
28.0406 47.632 7.29594 0 42496
28.0861 47.448 7.32423 0 43008
28.0896 47.361 7.58227 0 43520
28.1353 47.321 7.58868 0 44032
28.1809 47.259 7.59864 0 44544
28.227 47.33 7.83199 0 45056
28.2305 47.357 7.82752 0 45568
28.2767 47.378 7.82405 0 46080
28.3232 47.455 8.05546 0 46592
28.3696 47.577 8.03481 0 47104
28.3732 47.674 8.01846 0 47616
28.4202 47.782 8.24277 0 48128
28.4669 47.868 8.22796 0 48640
28.5136 47.997 8.20585 0 49152
28.5178 48.131 8.42368 0 49664
28.5654 48.298 8.39455 0 50176
28.6129 48.461 8.60535 0 50688
28.6604 48.592 8.58215 0 51200
28.6643 48.696 8.56382 0 51712
28.7125 48.87 8.77037 0 52224
28.8553 48.769 6.41325 0 37888
28.858 48.688 6.42392 0 38400
28.9053 48.683 6.42458 0 38912
28.9507 48.199 6.72943 0 39424
28.954 47.811 6.78405 0 39936
28.9983 47.411 6.84128 0 40448
29.0399 46.46 7.23065 0 40960
29.0812 45.699 7.35106 0 41472
29.0842 45.091 7.45018 0 41984
29.1264 44.694 7.77554 0 42496
29.1683 44.437 7.82051 0 43008
29.2107 44.231 8.11883 0 43520
29.214 44.066 8.14923 0 44032
29.2562 43.964 8.16814 0 44544
29.2987 43.913 8.44142 0 45056
29.3412 43.932 8.43777 0 45568
29.3445 43.947 8.43489 0 46080
29.3876 44.05 8.67814 0 46592
29.4307 44.131 8.66221 0 47104
29.4738 44.197 8.64927 0 47616
29.4779 44.309 8.88885 0 48128
29.5209 44.429 8.86484 0 48640
29.5649 44.585 8.83382 0 49152
29.6089 44.74 9.06214 0 49664
29.6125 44.864 9.03709 0 50176
29.6568 44.993 9.26864 0 50688
29.7008 45.157 9.23498 0 51200
29.8397 45.618 11.1731 0 62976
29.8445 46.017 11.0763 0 63488
29.8903 46.366 11.2427 0 64000
29.9354 46.495 11.2115 0 64512
29.9602 42.665 12.218 0 65024
29.9661 39.66 13.4358 0 65536
29.991 37.195 14.3262 0 66048
30.0167 35.253 15.1154 0 66560
30.023 33.79 16.1127 0 67072
30.0476 32.589 16.7065 0 67584
30.0739 31.689 17.5465 0 68096
30.0997 30.939 17.9719 0 68608
30.1056 30.37 18.3086 0 69120
30.1311 29.943 18.9566 0 69632
30.1576 29.632 19.1555 0 70144
30.1839 29.413 19.2981 0 70656
30.1902 29.298 19.7693 0 71168
30.2157 29.146 19.8724 0 71680
30.2423 29.055 19.9346 0 72192
30.2693 29.042 20.3424 0 72704
30.2753 29.031 20.3501 0 73216
30.3019 29.053 20.3347 0 73728
30.329 29.07 20.7213 0 74240
30.3549 29.113 20.6907 0 74752
30.3618 29.148 20.6658 0 75264
30.3892 29.237 20.9991 0 75776
30.4165 29.307 20.949 0 76288
30.4431 33.299 18.7854 0 76800
30.4503 32.647 19.1606 0 77312
30.4773 32.065 19.5084 0 77824
30.5054 31.66 20.1238 0 78336
30.5126 31.396 20.293 0 78848
30.5391 31.155 20.45 0 79360
30.5675 31.022 20.9111 0 79872
30.5954 30.885 21.0039 0 80384
30.602 30.806 21.0577 0 80896
30.6298 30.773 21.4567 0 81408
30.6583 30.777 21.4539 0 81920
30.6867 30.809 21.4317 0 82432
30.6938 30.896 21.7462 0 82944
30.7797 31.055 22.754 0 88064
30.7869 31.182 23.0328 0 88576
30.8157 31.314 22.9357 0 89088
30.845 31.45 22.8365 0 89600
30.8736 31.618 23.0815 0 90112
30.8817 31.693 23.0269 0 90624
30.9107 31.783 22.9617 0 91136
30.9346 30.683 24.1624 0 91648
30.9421 29.803 24.8759 0 92160
30.9655 29.07 25.5031 0 92672
30.9891 28.543 26.3798 0 93184
31.0128 28.151 26.7472 0 93696
31.0206 27.868 27.4345 0 94208
31.0444 27.701 27.5999 0 94720
31.0679 27.508 27.7935 0 95232
31.0924 27.414 28.3114 0 95744
31.1002 27.338 28.3901 0 96256
31.1243 27.308 28.4213 0 96768
31.1493 27.343 28.8085 0 97280
31.1737 27.372 28.778 0 97792
31.1812 27.365 28.7854 0 98304
31.206 27.419 29.1512 0 98816
31.2306 27.492 29.0738 0 99328
31.2381 27.551 29.0115 0 99840
31.2638 27.658 29.3181 0 100352
31.2887 27.744 29.2272 0 100864
31.314 27.813 29.5712 0 101376
31.3225 27.928 29.4494 0 101888
31.3472 27.989 29.3853 0 102400
31.3727 28.099 29.6825 0 102912
31.3984 28.217 29.5584 0 103424
31.4062 28.311 29.4602 0 103936
31.432 28.416 29.759 0 104448
31.4574 28.501 29.6703 0 104960
31.4835 28.598 29.5696 0 105472
31.4923 28.706 29.8619 0 105984
31.5184 28.823 29.7407 0 106496
31.5441 28.886 29.6758 0 107008
31.5707 28.996 29.9628 0 107520
31.5791 29.085 29.8711 0 108032
31.6052 29.186 29.7677 0 108544
31.6321 29.326 30.0206 0 109056
31.6563 29.439 29.9054 0 109568
31.6672 29.529 30.2065 0 110080
31.6938 29.631 30.1025 0 110592
31.7835 30.404 37.3382 0 141312
31.7964 30.992 36.6298 0 141824
31.8261 31.492 36.4161 0 142336
31.8557 31.923 35.9244 0 142848
31.8846 32.357 35.8006 0 143360
31.8972 32.675 35.4522 0 143872
31.9235 32.238 35.9328 0 144384
31.9498 31.858 36.725 0 144896
31.9763 31.615 37.0072 0 145408
31.9878 31.42 37.2369 0 145920
32.0139 31.264 37.7932 0 146432
32.0405 31.169 37.9084 0 146944
32.0519 31.093 38.0011 0 147456
32.0786 31.093 38.3737 0 147968
32.1049 31.123 38.3367 0 148480
32.1317 31.116 38.3453 0 148992
32.1434 31.141 38.6865 0 149504
32.1706 31.251 38.5503 0 150016
32.1979 31.309 38.4789 0 150528
32.226 31.416 38.7166 0 151040
32.2383 31.501 38.6121 0 151552
32.2662 31.569 38.8959 0 152064
32.2937 31.654 38.7914 0 152576
32.322 31.752 38.6717 0 153088
32.3346 31.86 38.9042 0 153600
32.3627 31.976 38.7631 0 154112
32.3903 32.04 38.6856 0 154624
32.4187 32.15 38.9136 0 155136
32.4313 32.269 38.7701 0 155648
32.4592 32.364 38.6563 0 156160
32.4879 32.5 38.851 0 156672
32.5162 32.578 38.7579 0 157184
32.5282 32.641 38.6831 0 157696
32.557 32.782 38.8701 0 158208
32.5851 32.864 38.7731 0 158720
32.5985 32.96 38.6602 0 159232
32.6263 33.067 38.8854 0 159744
32.6546 33.182 38.7506 0 160256
32.6838 33.275 38.9905 0 160768
32.6961 33.349 38.904 0 161280
32.7895 34.129 45.1426 0 192512
32.806 34.783 44.6269 0 193024
32.8379 35.276 44.0032 0 193536
32.8705 35.731 43.767 0 194048
32.9032 36.125 43.2897 0 194560
32.9202 36.44 42.9155 0 195072
32.955 37.292 42.2456 0 195584
32.9903 37.975 41.4858 0 196096
33.0256 38.49 40.9307 0 196608
33.045 39.023 40.6685 0 197120
33.0773 39.419 40.26 0 197632
33.1132 39.736 39.9388 0 198144
33.1491 40.05 39.9149 0 198656
33.1686 40.301 39.6663 0 199168
33.2008 40.502 39.4695 0 199680
33.2367 40.692 39.5698 0 200192
33.2727 40.875 39.3927 0 200704
33.2918 41.021 39.2525 0 201216
33.325 41.228 39.3364 0 201728
33.3609 41.363 39.208 0 202240
33.3971 41.502 39.3558 0 202752
33.4157 41.642 39.2235 0 203264
33.4494 41.755 39.1173 0 203776
33.4859 41.905 39.2537 0 204288
33.5222 41.995 39.1696 0 204800
33.5387 42.068 39.1016 0 205312
33.5749 42.185 39.2678 0 205824
33.6113 42.31 39.1518 0 206336
33.6475 42.439 39.0328 0 206848
33.6643 42.573 39.182 0 207360
33.7006 42.649 39.1122 0 207872
33.8349 42.801 38.9733 0 207872
33.8716 42.892 38.8906 0 208384
33.9088 42.995 39.0669 0 208896
33.9253 43.078 38.9916 0 209408
33.9621 43.114 38.959 0 209920
34.0009 43.202 39.1478 0 210432
34.0398 43.303 39.0565 0 210944
34.0614 43.444 39.1964 0 211456
34.0966 43.497 39.1486 0 211968
34.1352 43.569 39.0839 0 212480
34.1739 43.687 39.2435 0 212992
34.213 43.781 39.1593 0 213504
34.2316 43.887 39.0647 0 214016
34.2699 44.001 39.2267 0 214528
34.309 44.123 39.1183 0 215040
34.3479 44.19 39.059 0 215552
34.3696 44.394 39.1404 0 216064
34.4052 44.467 39.0762 0 216576
34.4444 44.555 38.999 0 217088
34.4835 44.626 39.1965 0 217600
34.5224 44.743 39.094 0 218112
34.5407 44.806 39.0391 0 218624
34.5804 44.917 39.2005 0 219136
34.6199 45.036 39.0969 0 219648
34.6598 45.161 39.2452 0 220160
34.6778 45.23 39.1853 0 220672
34.717 45.316 39.111 0 221184
34.8186 45.325 37.8253 0 213504
34.8548 45.272 37.8696 0 214016
34.895 45.26 38.1356 0 214528
34.9338 45.069 38.2972 0 215040
34.9728 44.947 38.4011 0 215552
34.9912 44.88 38.7166 0 216064
35.0296 44.795 38.79 0 216576
35.0685 44.758 38.8221 0 217088
35.1082 44.788 39.0547 0 217600
35.1262 44.813 39.033 0 218112
35.1648 44.862 38.9903 0 218624
35.2041 44.901 39.2144 0 219136
35.2436 44.963 39.1604 0 219648
35.2627 45.072 39.3227 0 220160
35.301 45.16 39.2461 0 220672
35.3407 45.26 39.1593 0 221184
35.3805 45.34 39.3457 0 221696
35.3994 45.464 39.2384 0 222208
35.4374 45.533 39.179 0 222720
35.4775 45.679 39.3073 0 223232
35.5175 45.795 39.2078 0 223744
35.5359 45.889 39.1275 0 224256
35.5751 45.963 39.3165 0 224768
35.6148 46.023 39.2652 0 225280
35.6549 46.1 39.1997 0 225792
35.6735 46.223 39.346 0 226304
35.7129 46.32 39.2636 0 226816
35.836 46.158 37.1427 0 213504
35.8535 46.029 37.2468 0 214016
35.894 45.985 37.5343 0 214528
35.9344 45.98 37.5384 0 215040
35.9736 45.676 37.7882 0 215552
35.991 45.463 38.2201 0 216064
36.0304 45.322 38.339 0 216576
36.0699 45.239 38.4093 0 217088
36.1095 45.173 38.7219 0 217600
36.1267 45.121 38.7665 0 218112
36.1657 45.078 38.8035 0 218624
36.2055 45.105 39.0371 0 219136
36.2452 45.156 38.993 0 219648
36.2655 45.257 39.1619 0 220160
36.3024 45.337 39.0928 0 220672
36.3421 45.372 39.0627 0 221184
36.3822 45.46 39.2419 0 221696
36.4026 45.62 39.1043 0 222208
36.4389 45.688 39.0461 0 222720
36.4793 45.803 39.2009 0 223232
36.5193 45.864 39.1488 0 223744
36.5372 45.944 39.0806 0 224256
36.5768 46.037 39.2533 0 224768
36.6171 46.142 39.164 0 225280
36.6575 46.256 39.0675 0 225792
36.6755 46.407 39.1899 0 226304
36.7152 46.468 39.1385 0 226816
36.8386 46.397 37.201 0 214528
36.8554 46.309 37.2717 0 215040
36.896 46.21 37.3516 0 215552
36.9355 45.89 37.8645 0 216064
36.9749 45.663 38.0527 0 216576
36.992 45.483 38.2033 0 217088
37.0316 45.368 38.5555 0 217600
37.0711 45.306 38.6082 0 218112
37.1105 45.227 38.6757 0 218624
37.1281 45.223 38.9352 0 219136
37.1671 45.221 38.937 0 219648
37.2071 45.279 39.1429 0 220160
37.2467 45.325 39.1032 0 220672
37.2644 45.362 39.0713 0 221184
37.3039 45.452 39.2488 0 221696
37.3436 45.493 39.2134 0 222208
37.3834 45.557 39.1583 0 222720
37.4014 45.638 39.3427 0 223232
37.4405 45.732 39.2618 0 223744
37.4806 45.838 39.171 0 224256
37.5208 45.923 39.3507 0 224768
37.5383 46.05 39.2422 0 225280
37.5781 46.123 39.1801 0 225792
37.6186 46.24 39.3315 0 226304
37.659 46.365 39.2255 0 226816
37.6761 46.464 39.1419 0 227328
37.7167 46.544 39.3235 0 227840
37.8417 46.427 37.177 0 215040
37.8585 46.334 37.2516 0 215552
37.8993 46.259 37.5624 0 216064
37.9385 45.929 37.8323 0 216576
37.9779 45.695 38.026 0 217088
37.9953 45.538 38.4115 0 217600
38.0347 45.412 38.5181 0 218112
38.0742 45.342 38.5776 0 218624
38.1138 45.285 38.8819 0 219136
38.1308 45.27 38.8948 0 219648
38.1704 45.288 39.1351 0 220160
38.2101 45.332 39.0971 0 220672
38.2499 45.398 39.0403 0 221184
38.2676 45.481 39.2238 0 221696
38.307 45.516 39.1936 0 222208
38.3466 45.545 39.1686 0 222720
38.3867 45.628 39.3513 0 223232
38.4042 45.695 39.2936 0 223744
38.4435 45.778 39.2223 0 224256
38.4839 45.905 39.3662 0 224768
38.5239 45.976 39.3054 0 225280
38.541 46.033 39.2567 0 225792
38.5814 46.139 39.4176 0 226304
38.6216 46.253 39.3204 0 226816
38.662 46.375 39.217 0 227328
38.6795 46.502 39.359 0 227840
38.7197 46.574 39.2981 0 228352
38.8199 46.422 36.9315 0 212992
38.8597 46.299 37.0296 0 213504
38.9003 46.172 37.1314 0 214016
38.9398 45.829 37.6621 0 214528
38.9791 45.615 37.8388 0 215040
38.9962 45.414 38.0063 0 215552
39.0359 45.283 38.372 0 216064
39.0754 45.208 38.4357 0 216576
39.1148 45.118 38.5123 0 217088
39.1319 45.077 38.8044 0 217600
39.1714 45.073 38.8078 0 218112
39.211 45.1 38.7846 0 218624
39.2511 45.182 38.9706 0 219136
39.2683 45.248 38.9137 0 219648
39.3082 45.3 39.1248 0 220160
39.3479 45.342 39.0885 0 220672
39.3877 45.406 39.0334 0 221184
39.4057 45.517 39.1927 0 221696
39.4447 45.606 39.1163 0 222208
39.4848 45.707 39.0298 0 222720
39.5251 45.788 39.2138 0 223232
39.5422 45.852 39.159 0 223744
39.5823 45.934 39.0891 0 224256
39.6229 46.059 39.2345 0 224768
39.6633 46.19 39.1233 0 225280
39.6804 46.294 39.0354 0 225792
39.721 46.378 39.2145 0 226304
39.8199 46.234 37.0816 0 213504
39.8594 46.15 37.1491 0 214016
39.9003 46.082 37.4553 0 214528
39.9395 45.758 37.7205 0 215040
39.9566 41.083 42.0129 0 215552
39.9741 37.374 46.4922 0 216064
39.9912 34.405 50.5043 0 216576
40.0083 32.03 54.2491 0 217088
40.0257 30.161 57.9949 0 217600
40.0426 28.665 61.0216 0 218112
40.0597 27.468 63.6808 0 218624
40.0771 26.541 66.3414 0 219136
40.0942 25.8 68.2468 0 219648
40.1116 25.236 70.2311 0 220160
40.1288 24.785 71.5091 0 220672
40.1459 24.424 72.566 0 221184
40.1633 24.165 73.8231 0 221696
40.1804 23.958 74.461 0 222208
40.1973 23.793 74.9773 0 222720
40.2147 23.69 75.7923 0 223232
40.2318 23.608 76.0556 0 223744
40.2489 23.543 76.2656 0 224256
40.2664 23.52 76.8327 0 224768
40.2835 23.502 76.8915 0 225280
40.3006 23.488 76.9373 0 225792
40.318 23.507 77.3679 0 226304
40.3351 23.521 77.3219 0 226816
40.352 23.533 77.2825 0 227328
40.3694 23.573 77.6427 0 227840
40.3865 23.605 77.5375 0 228352
40.4039 23.66 77.8468 0 228864
40.4211 23.704 77.7023 0 229376
40.4382 23.74 77.5845 0 229888
40.4556 23.798 77.8822 0 230400
40.4727 23.845 77.7287 0 230912
40.4899 23.882 77.6082 0 231424
40.507 23.942 77.8976 0 231936
40.5241 23.99 77.7417 0 232448
40.5412 24.028 77.6188 0 232960
40.5607 24.089 77.9031 0 233472
40.58 24.138 77.745 0 233984
40.5992 24.176 77.6228 0 234496
40.6187 24.238 77.9021 0 235008
40.6379 24.286 77.7482 0 235520
40.6575 24.356 78.0003 0 236032
40.6767 24.411 77.8246 0 236544
40.6959 24.455 77.6846 0 237056
40.7471 23.656 66.5972 0 196608
40.7627 23.047 68.8596 0 197120
40.7781 22.56 70.3461 0 197632
40.7934 22.163 71.6062 0 198144
40.809 21.876 73.0752 0 198656
40.8243 21.646 73.8516 0 199168
40.84 21.463 74.4813 0 199680
40.8556 21.345 75.4357 0 200192
40.8709 21.252 75.7659 0 200704
40.8862 21.177 76.0342 0 201216
40.9018 21.147 76.6898 0 201728
40.9175 21.123 76.777 0 202240
40.9331 21.134 77.2851 0 202752
40.9484 21.143 77.2522 0 203264
40.9637 21.15 77.2267 0 203776
40.9793 21.185 77.6459 0 204288
40.995 21.214 77.5397 0 204800
41.0103 21.237 77.4558 0 205312
41.0259 21.285 77.8253 0 205824
41.0412 21.324 77.683 0 206336
41.0565 21.355 77.5702 0 206848
41.0725 21.409 77.9156 0 207360
41.0878 21.453 77.7558 0 207872
41.1031 21.488 77.6292 0 208384
41.1187 21.546 77.9579 0 208896
41.134 21.593 77.7882 0 209408
41.1503 21.63 77.6551 0 209920
41.1677 21.69 77.9744 0 210432
41.1848 21.737 77.8058 0 210944
41.2022 21.806 78.0908 0 211456
41.2194 21.86 77.8979 0 211968
41.2365 21.904 77.7414 0 212480
41.2539 21.969 78.0387 0 212992
41.271 22.021 77.8544 0 213504
41.2879 22.063 77.7062 0 214016
41.3053 22.126 78.0085 0 214528
41.3224 22.177 77.8291 0 215040
41.3395 22.217 77.689 0 215552
41.3569 22.28 77.9892 0 216064
41.3741 22.33 77.8146 0 216576
41.3912 22.37 77.6755 0 217088
41.4086 22.432 77.9772 0 217600
41.4257 22.481 77.8072 0 218112
41.4426 22.521 77.669 0 218624
41.46 22.583 77.9687 0 219136
41.4771 22.632 77.7999 0 219648
41.4945 22.702 78.0703 0 220160
41.5116 22.757 77.8816 0 220672
41.5288 22.802 77.7279 0 221184
41.5462 22.868 78.0101 0 221696
41.5633 22.92 77.8332 0 222208
41.5804 22.962 77.6908 0 222720
41.5976 23.026 77.9779 0 223232
41.6147 23.077 77.8056 0 223744
41.6318 23.118 77.6676 0 224256
41.6492 23.18 77.9596 0 224768
41.6664 23.23 77.7918 0 225280
41.6835 23.27 77.6581 0 225792
41.7009 23.332 77.9482 0 226304
41.7481 22.992 72.5511 0 207872
41.7634 22.719 73.4229 0 208384
41.779 22.531 74.5497 0 208896
41.7943 22.38 75.0527 0 209408
41.8105 22.26 75.4573 0 209920
41.828 22.194 76.2037 0 210432
41.8451 22.141 76.3861 0 210944
41.8625 22.128 76.9544 0 211456
41.8796 22.118 76.9892 0 211968
41.8965 22.111 77.0136 0 212480
41.9139 22.134 77.4569 0 212992
41.931 22.153 77.3905 0 213504
41.9481 22.168 77.3381 0 214016
41.9656 22.211 77.71 0 214528
41.9827 22.244 77.5947 0 215040
41.9998 22.271 77.5006 0 215552
42.0172 22.323 77.839 0 216064
42.0343 22.364 77.6963 0 216576
42.0512 22.397 77.5818 0 217088
42.0686 22.454 77.9008 0 217600
42.0857 22.499 77.745 0 218112
42.1028 22.535 77.6208 0 218624
42.1203 22.594 77.9308 0 219136
42.1374 22.641 77.769 0 219648
42.1548 22.709 78.0462 0 220160
42.1719 22.763 77.8611 0 220672
42.1891 22.807 77.7109 0 221184
42.2062 22.871 77.9999 0 221696
42.2233 22.923 77.823 0 222208
42.2404 22.965 77.6806 0 222720
42.2578 23.028 77.9712 0 223232
42.275 23.078 77.8022 0 223744
42.2921 23.119 77.6643 0 224256
42.3095 23.181 77.9563 0 224768
42.3266 23.231 77.7885 0 225280
42.3438 23.271 77.6548 0 225792
42.3609 23.333 77.9449 0 226304
42.378 23.383 77.7782 0 226816
42.3951 23.422 77.6487 0 227328
42.4125 23.484 77.937 0 227840
42.4297 23.533 77.7747 0 228352
42.4471 23.603 78.0348 0 228864
42.4642 23.659 77.8501 0 229376
42.4813 23.703 77.7056 0 229888
42.4988 23.769 77.9772 0 230400
42.5156 23.821 77.807 0 230912
42.5327 23.863 77.67 0 231424
42.5501 23.927 77.9464 0 231936
42.5673 23.978 77.7806 0 232448
42.5844 24.019 77.6479 0 232960
42.6039 24.081 77.929 0 233472
42.6231 24.131 77.7675 0 233984
42.6424 24.172 77.6356 0 234496
42.6619 24.234 77.915 0 235008
42.6811 24.283 77.7578 0 235520
42.7006 24.353 78.0099 0 236032
42.7475 23.658 68.0605 0 200704
42.7628 23.102 69.6986 0 201216
42.7784 22.687 71.4841 0 201728
42.7938 22.355 72.5457 0 202240
42.8094 22.12 73.8401 0 202752
42.8247 21.931 74.4765 0 203264
42.8403 21.781 74.9894 0 203776
42.8559 21.69 75.8381 0 204288
42.8713 21.618 76.0907 0 204800
42.8866 21.56 76.2954 0 205312
42.9022 21.543 76.8933 0 205824
42.9178 21.53 76.9397 0 206336
42.9331 21.52 76.9755 0 206848
42.9488 21.542 77.4346 0 207360
42.9641 21.559 77.3735 0 207872
42.9794 21.573 77.3233 0 208384
42.9953 21.614 77.7126 0 208896
43.0106 21.647 77.5941 0 209408
43.0269 21.673 77.501 0 209920
43.0443 21.724 77.8523 0 210432
43.0614 21.765 77.7057 0 210944
43.0785 21.828 78.0121 0 211456
43.0957 21.878 77.8338 0 211968
43.1128 21.918 77.6918 0 212480
43.1302 21.98 77.9996 0 212992
43.1473 22.03 77.8226 0 213504
43.1644 22.07 77.6816 0 214016
43.1819 22.132 77.9873 0 214528
43.199 22.181 77.8151 0 215040
43.2161 22.221 77.675 0 215552
43.2332 22.283 77.9787 0 216064
43.2504 22.332 77.8076 0 216576
43.2675 22.372 77.6685 0 217088
43.2849 22.433 77.9737 0 217600
43.302 22.482 77.8038 0 218112
43.3192 22.522 77.6656 0 218624
43.3366 22.584 77.9653 0 219136
43.3537 22.633 77.7965 0 219648
43.3711 22.702 78.0703 0 220160
43.3879 22.758 77.8782 0 220672
43.4051 22.802 77.7279 0 221184
43.4225 22.868 78.0101 0 221696
43.4396 22.92 77.8332 0 222208
43.4567 22.962 77.6908 0 222720
43.4742 23.026 77.9779 0 223232
43.4913 23.077 77.8056 0 223744
43.5084 23.118 77.6676 0 224256
43.5258 23.18 77.9596 0 224768
43.5427 23.23 77.7918 0 225280
43.5598 23.27 77.6581 0 225792
43.5772 23.332 77.9482 0 226304
43.5943 23.382 77.7815 0 226816
43.6114 23.422 77.6487 0 227328
43.6289 23.484 77.937 0 227840
43.646 23.533 77.7747 0 228352
43.6634 23.603 78.0348 0 228864
43.6805 23.659 77.8501 0 229376
43.6974 23.703 77.7056 0 229888
43.7466 23.108 69.1792 0 198656
43.7619 22.632 70.6341 0 199168
43.7773 22.251 71.8436 0 199680
43.7929 21.976 73.2697 0 200192
43.8082 21.756 74.0107 0 200704
43.8235 21.581 74.6108 0 201216
43.8394 21.47 75.5361 0 201728
43.8548 21.381 75.8505 0 202240
43.8704 21.341 76.5355 0 202752
43.8857 21.308 76.654 0 203264
43.901 21.282 76.7477 0 203776
43.917 21.291 77.2593 0 204288
43.9323 21.299 77.2303 0 204800
43.9476 21.304 77.2122 0 205312
43.9632 21.339 77.6284 0 205824
43.9785 21.367 77.5267 0 206336
43.9942 21.389 77.4469 0 206848
44.0098 21.437 77.8139 0 207360
44.0251 21.475 77.6762 0 207872
44.0404 21.506 77.5642 0 208384
44.056 21.56 77.9072 0 208896
44.0717 21.604 77.7486 0 209408
44.0879 21.639 77.6228 0 209920
44.105 21.697 77.9492 0 210432
44.1221 21.743 77.7843 0 210944
44.1395 21.81 78.0765 0 211456
44.1567 21.864 77.8836 0 211968
44.1738 21.907 77.7308 0 212480
44.1912 21.971 78.0316 0 212992
44.2083 22.023 77.8473 0 213504
44.2255 22.064 77.7027 0 214016
44.2429 22.127 78.005 0 214528
44.2597 22.178 77.8256 0 215040
44.2768 22.218 77.6855 0 215552
44.2943 22.28 77.9892 0 216064
44.3114 22.33 77.8146 0 216576
44.3285 22.37 77.6755 0 217088
44.3459 22.432 77.9772 0 217600
44.363 22.481 77.8072 0 218112
44.3802 22.521 77.669 0 218624
44.3976 22.583 77.9687 0 219136
44.4144 22.632 77.7999 0 219648
44.4318 22.702 78.0703 0 220160
44.449 22.758 77.8782 0 220672
44.4661 22.802 77.7279 0 221184
44.4835 22.868 78.0101 0 221696
44.5006 22.92 77.8332 0 222208
44.5178 22.962 77.6908 0 222720
44.5352 23.026 77.9779 0 223232
44.5523 23.077 77.8056 0 223744
44.5691 23.118 77.6676 0 224256
44.5865 23.18 77.9596 0 224768
44.6037 23.23 77.7918 0 225280
44.6208 23.27 77.6581 0 225792
44.6382 23.332 77.9482 0 226304
44.6553 23.382 77.7815 0 226816
44.6725 23.422 77.6487 0 227328
44.6899 23.484 77.937 0 227840
44.7476 23.053 71.3542 0 204288
44.7629 22.708 72.4383 0 204800
44.7782 22.432 73.3295 0 205312
44.7938 22.241 74.4801 0 205824
44.8091 22.088 74.996 0 206336
44.8245 21.966 75.4125 0 206848
44.8404 21.899 76.1722 0 207360
44.8557 21.845 76.3605 0 207872
44.871 21.801 76.5147 0 208384
44.8866 21.797 77.0601 0 208896
44.902 21.793 77.0743 0 209408
44.9182 21.79 77.0849 0 209920
44.9356 21.818 77.5169 0 210432
44.9527 21.84 77.4388 0 210944
44.9702 21.888 77.7982 0 211456
44.9873 21.926 77.6634 0 211968
45.0044 21.957 77.5538 0 212480
45.0218 22.011 77.8898 0 212992
45.0389 22.055 77.7344 0 213504
45.0558 22.09 77.6112 0 214016
45.0732 22.148 77.931 0 214528
45.0903 22.194 77.7695 0 215040
45.1074 22.231 77.6401 0 215552
45.1249 22.291 77.9507 0 216064
45.142 22.338 77.7867 0 216576
45.1591 22.377 77.6512 0 217088
45.1765 22.437 77.9598 0 217600
45.1937 22.486 77.7899 0 218112
45.2105 22.525 77.6552 0 218624
45.2279 22.586 77.9584 0 219136
45.245 22.634 77.7931 0 219648
45.2624 22.704 78.0634 0 220160
45.2796 22.759 77.8748 0 220672
45.2967 22.803 77.7245 0 221184
45.3141 22.869 78.0067 0 221696
45.3312 22.921 77.8298 0 222208
45.3484 22.963 77.6874 0 222720
45.3655 23.026 77.9779 0 223232
45.3826 23.077 77.8056 0 223744
45.3997 23.118 77.6676 0 224256
45.4171 23.18 77.9596 0 224768
45.4343 23.23 77.7918 0 225280
45.4514 23.271 77.6548 0 225792
45.4688 23.333 77.9449 0 226304
45.4859 23.382 77.7815 0 226816
45.5031 23.422 77.6487 0 227328
45.5202 23.484 77.937 0 227840
45.5373 23.533 77.7747 0 228352
45.5547 23.603 78.0348 0 228864
45.5719 23.659 77.8501 0 229376
45.589 23.703 77.7056 0 229888
45.6064 23.769 77.9772 0 230400
45.6235 23.821 77.807 0 230912
45.6406 23.863 77.67 0 231424
45.6581 23.927 77.9464 0 231936
45.6749 23.978 77.7806 0 232448
45.692 24.019 77.6479 0 232960
45.7476 23.451 69.6492 0 203264
45.7629 22.996 71.0273 0 203776
45.7785 22.662 72.5853 0 204288
45.7939 22.395 73.4507 0 204800
45.8092 22.182 74.156 0 205312
45.8248 22.041 75.1559 0 205824
45.8404 21.929 75.5398 0 206336
45.8557 21.838 75.8546 0 206848
45.8714 21.796 76.5322 0 207360
45.8867 21.763 76.6483 0 207872
45.902 21.736 76.7435 0 208384
45.9179 21.744 77.248 0 208896
45.9332 21.751 77.2231 0 209408
45.9495 21.757 77.2018 0 209920
45.9669 21.791 77.613 0 210432
45.984 21.819 77.5134 0 210944
46.0011 21.871 77.8587 0 211456
46.0182 21.912 77.713 0 211968
46.0354 21.946 77.5926 0 212480
46.0528 22.002 77.9216 0 212992
46.0699 22.048 77.7591 0 213504
46.087 22.084 77.6323 0 214016
46.1045 22.143 77.9486 0 214528
46.1216 22.19 77.7835 0 215040
46.1387 22.228 77.6505 0 215552
46.1558 22.288 77.9612 0 216064
46.173 22.337 77.7902 0 216576
46.1901 22.375 77.6581 0 217088
46.2075 22.436 77.9633 0 217600
46.2246 22.485 77.7934 0 218112
46.2417 22.524 77.6587 0 218624
46.2592 22.585 77.9618 0 219136
46.2763 22.634 77.7931 0 219648
46.2937 22.703 78.0669 0 220160
46.3105 22.759 77.8748 0 220672
46.3277 22.803 77.7245 0 221184
46.3451 22.868 78.0101 0 221696
46.3622 22.921 77.8298 0 222208
46.3793 22.963 77.6874 0 222720
46.3968 23.026 77.9779 0 223232
46.4139 23.077 77.8056 0 223744
46.431 23.118 77.6676 0 224256
46.4484 23.18 77.9596 0 224768
46.4652 23.23 77.7918 0 225280
46.4824 23.27 77.6581 0 225792
46.4998 23.333 77.9449 0 226304
46.5169 23.382 77.7815 0 226816
46.534 23.422 77.6487 0 227328
46.5515 23.484 77.937 0 227840
46.5686 23.533 77.7747 0 228352
46.586 23.603 78.0348 0 228864
46.6031 23.659 77.8501 0 229376
46.62 23.703 77.7056 0 229888
46.6374 23.769 77.9772 0 230400
46.6545 23.821 77.807 0 230912
46.6716 23.863 77.67 0 231424
46.689 23.927 77.9464 0 231936
46.7473 23.347 69.4633 0 202240
46.7629 22.913 71.2846 0 202752
46.7783 22.566 72.3807 0 203264
46.7936 22.288 73.2836 0 203776
46.8092 22.096 74.4446 0 204288
46.8245 21.943 74.9637 0 204800
46.8401 21.82 75.3863 0 205312
46.8558 21.751 76.158 0 205824
46.8711 21.697 76.3475 0 206336
46.8864 21.653 76.5027 0 206848
46.902 21.648 77.0554 0 207360
46.9176 21.644 77.0697 0 207872
46.933 21.641 77.0804 0 208384
46.9486 21.668 77.5189 0 208896
46.9639 21.69 77.4403 0 209408
46.9801 21.708 77.3761 0 209920
46.9976 21.752 77.7521 0 210432
47.0147 21.787 77.6272 0 210944
47.0321 21.846 77.9478 0 211456
47.0492 21.892 77.784 0 211968
47.0663 21.93 77.6492 0 212480
47.0835 21.99 77.9642 0 212992
47.1006 22.037 77.7979 0 213504
47.1177 22.076 77.6604 0 214016
47.1351 22.137 77.9697 0 214528
47.1523 22.185 77.801 0 215040
47.1694 22.224 77.6645 0 215552
47.1868 22.285 77.9717 0 216064
47.2039 22.334 77.8007 0 216576
47.2211 22.373 77.665 0 217088
47.2382 22.434 77.9702 0 217600
47.2553 22.483 77.8003 0 218112
47.2724 22.523 77.6621 0 218624
47.2898 22.584 77.9653 0 219136
47.307 22.633 77.7965 0 219648
47.3244 22.703 78.0669 0 220160
47.3415 22.758 77.8782 0 220672
47.3586 22.803 77.7245 0 221184
47.3761 22.868 78.0101 0 221696
47.3929 22.921 77.8298 0 222208
47.41 22.962 77.6908 0 222720
47.4274 23.026 77.9779 0 223232
47.4445 23.077 77.8056 0 223744
47.4617 23.118 77.6676 0 224256
47.4791 23.18 77.9596 0 224768
47.4962 23.23 77.7918 0 225280
47.5133 23.27 77.6581 0 225792
47.5308 23.333 77.9449 0 226304
47.5476 23.382 77.7815 0 226816
47.5647 23.422 77.6487 0 227328
47.5821 23.484 77.937 0 227840
47.5993 23.533 77.7747 0 228352
47.6167 23.603 78.0348 0 228864
47.6338 23.659 77.8501 0 229376
47.6509 23.703 77.7056 0 229888
47.6683 23.769 77.9772 0 230400
47.6855 23.821 77.807 0 230912
47.7023 23.863 77.67 0 231424
47.7471 23.266 69.2073 0 201216
47.7627 22.818 71.0737 0 201728
47.778 22.46 72.2066 0 202240
47.7936 22.204 73.5608 0 202752
47.8089 21.999 74.2463 0 203264
47.8243 21.834 74.8074 0 203776
47.8402 21.733 75.688 0 204288
47.8555 21.652 75.9712 0 204800
47.8708 21.587 76.1999 0 205312
47.8864 21.565 76.8148 0 205824
47.9018 21.548 76.8754 0 206336
47.9174 21.534 76.9254 0 206848
47.933 21.553 77.3951 0 207360
47.9483 21.568 77.3412 0 207872
47.9636 21.58 77.2982 0 208384
47.9793 21.62 77.691 0 208896
47.9949 21.651 77.5798 0 209408
48.0111 21.677 77.4867 0 209920
48.0282 21.727 77.8416 0 210432
48.0453 21.768 77.695 0 210944
48.0628 21.83 78.0049 0 211456
48.0799 21.88 77.8267 0 211968
48.097 21.919 77.6882 0 212480
48.1144 21.981 77.9961 0 212992
48.1316 22.031 77.8191 0 213504
48.1487 22.071 77.678 0 214016
48.1661 22.132 77.9873 0 214528
48.1829 22.182 77.8116 0 215040
48.2001 22.221 77.675 0 215552
48.2175 22.283 77.9787 0 216064
48.2346 22.332 77.8076 0 216576
48.2517 22.372 77.6685 0 217088
48.2691 22.433 77.9737 0 217600
48.2863 22.483 77.8003 0 218112
48.3034 22.522 77.6656 0 218624
48.3208 22.584 77.9653 0 219136
48.3376 22.633 77.7965 0 219648
48.3551 22.702 78.0703 0 220160
48.3722 22.758 77.8782 0 220672
48.3893 22.802 77.7279 0 221184
48.4067 22.868 78.0101 0 221696
48.4239 22.92 77.8332 0 222208
48.441 22.962 77.6908 0 222720
48.4584 23.026 77.9779 0 223232
48.4755 23.077 77.8056 0 223744
48.4923 23.118 77.6676 0 224256
48.5098 23.18 77.9596 0 224768
48.5269 23.23 77.7918 0 225280
48.544 23.27 77.6581 0 225792
48.5614 23.333 77.9449 0 226304
48.5786 23.382 77.7815 0 226816
48.5957 23.422 77.6487 0 227328
48.6131 23.484 77.937 0 227840
48.6302 23.533 77.7747 0 228352
48.6474 23.603 78.0348 0 228864
48.6645 23.659 77.8501 0 229376
48.6816 23.703 77.7056 0 229888
48.699 23.769 77.9772 0 230400
48.7468 23.19 69.4341 0 200704
48.7621 22.728 70.8455 0 201216
48.7777 22.388 72.4388 0 201728
48.793 22.116 73.3297 0 202240
48.8087 21.928 74.4867 0 202752
48.824 21.778 74.9997 0 203264
48.8396 21.658 75.4153 0 203776
48.8552 21.592 76.1823 0 204288
48.8705 21.539 76.3697 0 204800
48.8859 21.497 76.519 0 205312
48.9015 21.493 77.0722 0 205824
48.9171 21.49 77.0829 0 206336
48.9324 21.488 77.0901 0 206848
48.9481 21.516 77.5282 0 207360
48.9634 21.538 77.449 0 207872
48.9787 21.556 77.3843 0 208384
48.9946 21.601 77.7594 0 208896
49.0099 21.636 77.6336 0 209408
49.0262 21.665 77.5297 0 209920
49.0436 21.718 77.8738 0 210432
49.0607 21.76 77.7235 0 210944
49.0778 21.824 78.0264 0 211456
49.0949 21.875 77.8445 0 211968
49.1121 21.916 77.6989 0 212480
49.1295 21.978 78.0067 0 212992
49.1466 22.028 77.8297 0 213504
49.1637 22.069 77.6851 0 214016
49.1812 22.131 77.9909 0 214528
49.1983 22.18 77.8186 0 215040
49.2154 22.22 77.6785 0 215552
49.2325 22.282 77.9822 0 216064
49.2497 22.332 77.8076 0 216576
49.2668 22.371 77.672 0 217088
49.2842 22.433 77.9737 0 217600
49.3013 22.482 77.8038 0 218112
49.3184 22.522 77.6656 0 218624
49.3359 22.583 77.9687 0 219136
49.353 22.633 77.7965 0 219648
49.3704 22.702 78.0703 0 220160
49.3872 22.758 77.8782 0 220672
49.4044 22.802 77.7279 0 221184
49.4218 22.868 78.0101 0 221696
49.4389 22.92 77.8332 0 222208
49.456 22.962 77.6908 0 222720
49.4735 23.026 77.9779 0 223232
49.4906 23.077 77.8056 0 223744
49.5077 23.118 77.6676 0 224256
49.5251 23.18 77.9596 0 224768
49.5419 23.23 77.7918 0 225280
49.5591 23.27 77.6581 0 225792
49.5765 23.332 77.9482 0 226304
49.5936 23.382 77.7815 0 226816
49.6107 23.422 77.6487 0 227328
49.6282 23.484 77.937 0 227840
49.6453 23.533 77.7747 0 228352
49.6627 23.603 78.0348 0 228864
49.6798 23.659 77.8501 0 229376
49.6966 23.703 77.7056 0 229888
49.7471 23.168 70 0 201728
49.7624 22.74 71.3175 0 202240
49.7781 22.427 72.8294 0 202752
49.7934 22.177 73.6504 0 203264
49.8087 21.978 74.3172 0 203776
49.8243 21.848 75.2896 0 204288
49.8399 21.744 75.6497 0 204800
49.8553 21.661 75.9396 0 205312
49.8709 21.624 76.6053 0 205824
49.8862 21.595 76.7081 0 206336
49.9015 21.571 76.7935 0 206848
