0.0 0
20.3194 5792
20.6414 7240
20.6474 8688
20.8498 10136
20.9707 11584
20.9779 13032
21.1791 14480
21.1821 15928
21.3035 17376
21.3095 18824
21.3131 20272
21.5174 21720
21.521 23168
21.6424 24616
21.6448 26064
21.6508 27512
21.6544 28960
21.6568 30408
21.8586 31856
21.8635 33304
21.8659 34752
21.986 36200
21.9896 37648
21.9932 39096
21.998 40544
22.0004 41992
22.0028 43440
22.0088 44888
22.2095 46336
22.2143 47784
22.2167 49232
22.2203 50680
22.2251 52128
22.3417 53576
22.3465 55024
22.3489 56472
22.3525 57920
22.3561 59368
22.3585 60816
22.3609 62264
22.3657 63712
22.3705 65160
22.3729 66608
22.5736 68056
22.5772 69504
22.582 70952
22.5844 72400
22.5868 73848
22.5916 75296
22.594 76744
22.5988 78192
22.7142 79640
22.7178 81088
22.7214 82536
22.7238 83984
22.7274 85432
22.731 86880
22.7334 88328
22.7358 89776
22.7382 91224
22.743 92672
22.7454 94120
22.7502 95568
22.7526 97016
22.755 98464
22.7586 99912
22.9593 101360
22.9629 102808
22.9653 104256
22.9701 105704
22.9725 107152
22.9749 108600
22.9785 110048
22.9821 111496
22.9845 112944
22.9881 114392
22.9918 115840
22.9966 117288
23.1107 118736
23.1131 120184
23.1179 121632
23.1203 123080
23.1227 124528
23.1251 125976
23.1299 127424
23.1323 128872
23.1347 130320
23.1371 131768
23.1396 133216
23.1432 134664
23.1468 136112
23.1492 137560
23.1528 139008
23.1564 140456
23.1588 141904
23.1612 143352
23.1636 144800
23.1672 146248
23.1732 147696
23.1768 149144
23.3715 150592
23.3751 152040
23.3775 153488
23.3799 154936
23.3835 156384
23.3871 157832
23.3895 159280
23.3919 160728
23.3943 162176
23.3991 163624
23.4015 165072
23.4039 166520
23.4063 167968
23.4111 169416
23.4135 170864
23.4171 172312
23.4207 173760
23.4255 175208
23.5361 176656
23.5385 178104
23.5433 179552
23.5457 181000
23.5481 182448
23.5505 183896
23.5529 185344
23.5577 186792
23.5601 188240
23.5625 189688
23.5649 191136
23.5673 192584
23.5697 194032
23.5733 195480
23.5769 196928
23.5793 198376
23.5817 199824
23.5853 201272
23.5889 202720
23.5914 204168
23.5938 205616
23.5962 207064
23.5986 208512
23.6022 209960
23.607 211408
23.6106 212856
23.613 214304
23.6166 215752
23.6214 217200
23.625 218648
23.6286 220096
23.6334 221544
23.6394 222992
23.8257 224440
23.8281 225888
23.8305 227336
23.8329 228784
23.8353 230232
23.8401 231680
23.8425 233128
23.8449 234576
23.8473 236024
23.8497 237472
23.8533 238920
23.8569 240368
23.8593 241816
23.8617 243264
23.8641 244712
23.8677 246160
23.8713 247608
23.8737 249056
23.8761 250504
23.8809 251952
23.8833 253400
23.8869 254848
23.8906 256296
23.8942 257744
23.899 259192
23.9026 260640
23.9074 262088
24.0119 263536
24.0143 264984
24.0191 266432
24.0215 267880
24.0239 269328
24.0263 270776
24.0287 272224
24.0311 273672
24.0359 275120
24.0383 276568
24.0408 278016
24.0432 279464
24.0456 280912
24.048 282360
24.0504 283808
24.054 285256
24.0576 286704
24.06 288152
24.0624 289600
24.0648 291048
24.0684 292496
24.072 293944
24.0744 295392
24.0768 296840
24.0792 298288
24.0816 299736
24.084 301184
24.0876 302632
24.0912 304080
24.0948 305528
24.0984 306976
24.1008 308424
24.1032 309872
24.1068 311320
24.1104 312768
24.114 314216
24.1177 315664
24.1201 317112
24.1237 318560
24.1273 320008
24.1309 321456
24.1357 322904
24.1393 324352
24.1417 325800
24.1453 327248
24.1513 328696
24.1549 330144
24.1597 331592
24.1645 333040
24.1693 334488
24.3436 335936
24.346 337384
24.3484 338832
24.3508 340280
24.3544 341728
24.358 343176
24.3604 344624
24.3628 346072
24.3652 347520
24.3676 348968
24.37 350416
24.3748 351864
24.3772 353312
24.3796 354760
24.382 356208
24.3844 357656
24.3868 359104
24.3916 360552
24.394 362000
24.3964 363448
24.3988 364896
24.4024 366344
24.406 367792
24.4084 369240
24.4108 370688
24.4156 372136
24.4181 373584
24.4205 375032
24.4229 376480
24.4277 377928
24.4325 379376
24.4349 380824
24.4385 382272
24.4421 383720
24.4457 385168
24.4493 386616
24.4541 388064
24.4589 389512
24.4637 390960
24.4673 392408
24.561 393856
24.5646 395304
24.5671 396752
24.5743 395304
24.5755 393856
24.5767 393101
24.5779 392367
24.5791 391632
24.5803 390898
24.5815 390163
24.5827 389429
24.5839 388694
24.5851 387960
24.5887 387225
24.5899 386491
24.5911 382860
24.5923 382126
24.5935 381391
24.5947 379376
24.5959 377928
24.5971 376480
24.5983 375032
24.5995 373584
24.6007 372136
24.6019 370688
24.6031 369240
24.6043 367792
24.6055 366344
24.6091 364896
24.6103 363448
24.6115 359104
24.6128 357656
24.614 356731
24.6152 354760
24.6164 353312
24.6176 351864
24.6188 350416
24.62 348968
24.6236 347520
24.6248 346072
24.626 341728
24.6272 340280
24.6284 338832
24.6296 337384
24.6308 335936
24.632 334488
24.6332 333040
24.6344 332071
24.6356 330144
24.6368 328696
24.638 327248
24.6392 325800
24.6428 324352
24.644 322904
24.6452 318560
24.6464 317112
24.65 315664
24.6512 314216
24.6524 309872
24.6536 308424
24.6548 306976
24.656 305528
24.6572 304514
24.6584 302632
24.662 301184
24.6632 299736
24.6644 295392
24.6656 293944
24.6692 292496
24.6704 291048
24.6716 286704
24.6728 285256
24.674 283808
24.6752 282360
24.6788 280912
24.68 279464
24.6812 275120
24.6824 274062
24.686 272224
24.6872 270776
24.6909 266432
24.6921 264984
24.6933 260640
24.6945 259192
24.6957 257744
24.6969 256296
24.6981 254848
24.7041 253400
24.7053 251952
24.7065 244712
24.7101 243264
24.7113 241816
24.7149 237818
24.7161 236024
24.7197 231680
24.7209 230232
24.8939 225888
24.8963 224440
24.8975 196928
24.9119 194032
24.93 191136
24.9468 188240
24.96 185344
24.9708 182448
24.9852 179552
24.9876 176656
24.9961 173760
25.0033 170864
25.0117 167968
25.0165 165072
25.0189 162176
25.1162 144800
25.1174 141904
25.1186 139008
25.127 196928
25.1282 194032
25.1354 196928
25.61 196938
25.6124 196948
25.6148 196958
25.6172 196968
25.7662 196978
25.7687 196988
25.7711 196998
25.7759 197008
25.7783 197018
25.7807 197028
25.7831 197038
25.7855 197048
25.7879 197058
25.7903 197068
25.7951 197078
25.7975 197088
25.7999 197098
25.8023 197108
25.8047 197118
25.8071 197128
25.8119 197138
25.8143 197148
25.8167 197158
25.8191 197168
25.8239 197178
25.8263 197188
25.8287 197198
25.8311 197208
25.8359 197218
25.8383 197228
25.8407 197238
25.8432 197248
25.8468 197258
25.8516 197268
25.854 197278
25.8588 197288
25.8612 197298
25.866 197308
25.8684 197318
25.8732 197328
25.878 197338
25.8828 197348
25.8852 197358
25.9621 197368
25.9669 197378
25.9693 197388
25.9717 197398
25.9741 197408
25.9765 197418
25.9789 197428
25.9837 197438
25.9861 197448
25.9885 197458
25.9934 197468
25.9958 197478
26.0006 197488
26.003 197498
26.0078 197508
26.0102 197518
26.015 197528
26.0174 197538
26.0222 197548
26.0246 197558
26.027 197568
26.0294 197578
26.0318 197588
26.0342 197598
26.0366 197608
26.039 197618
26.0414 197628
26.0438 197638
26.0462 197648
26.1964 197658
26.1988 197668
26.2012 197678
26.206 197688
26.2084 197698
26.2108 197708
26.2132 197718
26.2156 197728
26.218 197738
26.2217 197748
26.2253 197758
26.2277 197768
26.2301 197778
26.2325 197788
26.2349 197798
26.2385 197808
26.2421 197818
26.2445 197828
26.2469 197838
26.2493 197848
26.2541 197858
26.2565 197868
26.2589 197878
26.2625 197888
26.2661 197898
26.2685 197908
26.2709 197918
26.2733 197928
26.2769 197938
26.2805 197948
26.2829 197958
26.2877 197968
26.2901 197978
26.295 197988
26.2986 197998
26.3034 198008
26.3082 198018
26.3118 198028
26.3154 198038
26.3935 198048
26.3971 198058
26.3995 198068
26.4019 198078
26.4043 198088
26.4067 198098
26.4103 198108
26.4139 198118
26.4163 198128
26.4187 198138
26.4235 198148
26.4259 198158
26.4307 198168
26.4331 198178
26.4379 198188
26.4403 198198
26.4452 198208
26.4476 198218
26.4524 198228
26.4548 198238
26.4572 198248
26.4596 198258
26.462 198268
26.4644 198278
26.4668 198288
26.4692 198298
26.4716 198308
26.474 198318
26.4776 198328
26.6278 198338
26.6302 198348
26.6326 198358
26.6374 198368
26.6398 198378
26.6422 198388
26.6446 198398
26.647 198408
26.6494 198418
26.653 198428
26.6566 198438
26.659 198448
26.6614 198458
26.6638 198468
26.6662 198478
26.6699 198488
26.6735 198498
26.6759 198508
26.6783 198518
26.6807 198528
26.6855 198538
26.6879 198548
26.6903 198558
26.6939 198568
26.6975 198578
26.6999 198588
26.7023 198598
26.7047 198608
26.7083 198618
26.7119 198628
26.7143 198638
26.7191 198648
26.7215 198658
26.7263 198668
26.7299 198678
26.7347 198688
26.7395 198698
26.7431 198708
26.748 198718
26.8261 198728
26.8297 198738
26.8321 198748
26.8345 198758
26.8369 198768
26.8393 198778
26.8429 198788
26.8465 198798
26.8489 198808
26.8513 198818
26.8561 198828
26.8585 198838
26.8633 198848
26.8657 198858
26.8705 198868
26.8729 198878
26.8777 198888
26.8801 198898
26.8849 198908
26.8873 198918
26.8897 198928
26.8921 198938
26.8946 198948
26.897 198958
26.8994 198968
26.9018 198978
26.9042 198988
26.9066 198998
26.9102 199008
27.0616 199018
27.064 199028
27.0664 199038
27.0712 199048
27.0736 199058
27.076 199068
27.0784 199078
27.0808 199088
27.0832 199098
27.0856 199108
27.0904 199118
27.0928 199128
27.0952 199138
27.0976 199148
27.1 199158
27.1024 199168
27.1072 199178
27.1096 199188
27.112 199198
27.1144 199208
27.1192 199218
27.1217 199228
27.1241 199238
27.1265 199248
27.1313 199258
27.1337 199268
27.1361 199278
27.1385 199288
27.1409 199298
27.1457 199308
27.1481 199318
27.1529 199328
27.1553 199338
27.1601 199348
27.1625 199358
27.1673 199368
27.1721 199378
27.1769 199388
27.1805 199398
27.2598 199408
27.2646 199418
27.267 199428
27.2694 199438
27.2719 199448
27.2743 199458
27.2767 199468
27.2815 199478
27.2839 199488
27.2863 199498
27.2911 199508
27.2935 199518
27.2983 199528
27.3007 199538
27.3055 199548
27.3079 199558
27.3127 199568
27.3151 199578
27.3199 199588
27.3223 199598
27.3247 199608
27.3271 199618
27.3295 199628
27.3319 199638
27.3343 199648
27.3367 199658
27.3391 199668
27.3415 199678
27.3439 199688
27.4954 199698
27.4978 199708
27.5002 199718
27.505 199728
27.5074 199738
27.5098 199748
27.5122 199758
27.5146 199768
27.517 199778
27.5194 199788
27.5242 199798
27.5266 199808
27.529 199818
27.5314 199828
27.5338 199838
27.5362 199848
27.541 199858
27.5434 199868
27.5458 199878
27.5482 199888
27.553 199898
27.5554 199908
27.5578 199918
27.5602 199928
27.565 199938
27.5674 199948
27.5698 199958
27.5723 199968
27.5747 199978
27.5795 199988
27.5819 199998
27.5867 200008
27.5891 200018
27.5939 200028
27.5963 200038
27.6011 200048
27.6059 200058
27.6107 200068
27.6131 200078
27.6924 200088
27.6972 200098
27.6996 200108
27.702 200118
27.7044 200128
27.7068 200138
27.7092 200148
27.714 200158
27.7164 200168
27.7188 200178
27.7237 200188
27.7261 200198
27.7309 200208
27.7333 200218
27.7381 200228
27.7405 200238
27.7453 200248
27.7477 200258
27.7525 200268
27.7549 200278
27.7573 200288
27.7597 200298
27.7621 200308
27.7645 200318
27.7669 200328
27.7693 200338
27.7717 200348
27.7741 200358
27.7765 200368
27.9291 200378
27.9315 200388
27.9339 200398
27.9387 200408
27.9411 200418
27.9435 200428
27.946 200438
27.9484 200448
27.9508 200458
27.9532 200468
27.958 200478
27.9604 200488
27.9628 200498
27.9652 200508
27.9676 200518
27.97 200528
27.9748 200538
27.9772 200548
27.9796 200558
27.982 200568
27.9844 200578
27.9892 200588
27.9916 200598
27.994 200608
27.9976 200618
28.0012 200628
28.0036 200638
28.006 200648
28.0084 200658
28.012 200668
28.0156 200678
28.018 200688
28.0229 200698
28.0253 200708
28.0301 200718
28.0337 200728
28.0385 200738
28.0433 200748
28.0469 200758
28.0505 200768
28.1298 200778
28.1334 200788
28.1358 200798
28.1382 200808
28.1406 200818
28.143 200828
28.1466 200838
28.1502 200848
28.1526 200858
28.155 200868
28.1598 200878
28.1622 200888
28.167 200898
28.1694 200908
28.1743 200918
28.1767 200928
28.1815 200938
28.1839 200948
28.1887 200958
28.1911 200968
28.1935 200978
28.1959 200988
28.1983 200998
28.2007 201008
28.2031 201018
28.2055 201028
28.2079 201038
28.2103 201048
28.2139 201058
28.3677 201068
28.3701 201078
28.3725 201088
28.3773 201098
28.3797 201108
28.3821 201118
28.3845 201128
28.3869 201138
28.3893 201148
28.3917 201158
28.3966 201168
28.399 201178
28.4014 201188
28.4038 201198
28.4062 201208
28.4086 201218
28.4134 201228
28.4158 201238
28.4182 201248
28.4206 201258
28.423 201268
28.4278 201278
28.4302 201288
28.4326 201298
28.4362 201308
28.4398 201318
28.4422 201328
28.4446 201338
28.447 201348
28.4506 201358
28.4542 201368
28.4566 201378
28.4614 201388
28.4638 201398
28.4686 201408
28.4723 201418
28.4771 201428
28.4819 201438
28.4855 201448
28.4903 201458
28.5684 201468
28.572 201478
28.5744 201488
28.5768 201498
28.5792 201508
28.5816 201518
28.5852 201528
28.5888 201538
28.5912 201548
28.5936 201558
28.5984 201568
28.6008 201578
28.6056 201588
28.608 201598
28.6128 201608
28.6152 201618
28.62 201628
28.6225 201638
28.6273 201648
28.6297 201658
28.6321 201668
28.6345 201678
28.6369 201688
28.6393 201698
28.6417 201708
28.6441 201718
28.6465 201728
28.6489 201738
28.6537 201748
28.8075 201758
28.8099 201768
28.8123 201778
28.8171 201788
28.8195 201798
28.8219 201808
28.8243 201818
28.8267 201828
28.8291 201838
28.8315 201848
28.8363 201858
28.8387 201868
28.8411 201878
28.8435 201888
28.8459 201898
28.8484 201908
28.8532 201918
28.8556 201928
28.858 201938
28.8604 201948
28.8628 201958
28.8676 201968
28.87 201978
28.8724 201988
28.8748 201998
28.8796 202008
28.882 202018
28.8844 202028
28.8868 202038
28.8892 202048
28.894 202058
28.8964 202068
28.9012 202078
28.9036 202088
28.9084 202098
28.9108 202108
28.9168 202118
28.9216 202128
28.9265 202138
28.9301 202148
29.0082 202158
29.013 202168
29.0154 202178
29.0178 202188
29.0202 202198
29.0226 202208
29.025 202218
29.0298 202228
29.0322 202238
29.0346 202248
29.0394 202258
29.0418 202268
29.0466 202278
29.049 202288
29.0538 202298
29.0562 202308
29.061 202318
29.0634 202328
29.0682 202338
29.0706 202348
29.0731 202358
29.0755 202368
29.0779 202378
29.0803 202388
29.0827 202398
29.0851 202408
29.0875 202418
29.0899 202428
29.0935 202438
29.2497 202448
29.2521 202458
29.2545 202468
29.2581 202478
29.2617 202488
29.2641 202498
29.2665 202508
29.2689 202518
29.2713 202528
29.2737 202538
29.2773 202548
29.2809 202558
29.2833 202568
29.2857 202578
29.2881 202588
29.2905 202598
29.2941 202608
29.2978 202618
29.3002 202628
29.3026 202638
29.305 202648
29.3098 202658
29.3122 202668
29.3146 202678
29.317 202688
29.3206 202698
29.3242 202708
29.3266 202718
29.329 202728
29.3314 202738
29.335 202748
29.3386 202758
29.3422 202768
29.3458 202778
29.3494 202788
29.353 202798
29.3578 202808
29.3626 202818
29.3674 202828
29.3698 202838
29.4492 202848
29.454 202858
29.4564 202868
29.4588 202878
29.4612 202888
29.4636 202898
29.466 202908
29.4708 202918
29.4732 202928
29.4756 202938
29.4804 202948
29.4828 202958
29.4876 202968
29.49 202978
29.4948 202988
29.4972 202998
29.502 203008
29.5044 203018
29.5092 203028
29.5116 203038
29.514 203048
29.5164 203058
29.5188 203068
29.5212 203078
29.5237 203088
29.5261 203098
29.5285 203108
29.5309 203118
29.5333 203128
29.6895 203138
29.6919 203148
29.6943 203158
29.6979 203168
29.7015 203178
29.7039 203188
29.7063 203198
29.7087 203208
29.7111 203218
29.7135 203228
29.7171 203238
29.7207 203248
29.7231 203258
29.7255 203268
29.7279 203278
29.7303 203288
29.7339 203298
29.7375 203308
29.7399 203318
29.7423 203328
29.7447 203338
29.7496 203348
29.752 203358
29.7544 203368
29.7568 203378
29.7604 203388
29.764 203398
29.7664 203408
29.7688 203418
29.7712 203428
29.7748 203438
29.7784 203448
29.7808 203458
29.7856 203468
29.788 203478
29.7928 203488
29.7952 203498
29.8012 203508
29.806 203518
29.8096 203528
29.8132 203538
29.8937 203548
29.8973 203558
29.8998 203568
29.9022 203578
29.9046 203588
29.907 203598
29.9106 203608
29.9142 203618
29.9166 203628
29.919 203638
29.9238 203648
29.9262 203658
29.931 203668
29.9334 203678
29.9382 203688
29.9406 203698
29.9454 203708
29.9478 203718
29.9526 203728
29.955 203738
29.9574 203748
29.9598 203758
29.9622 203768
29.9646 203778
29.967 203788
29.9694 203798
29.9718 203808
29.9743 203818
29.9779 203828
30.1341 203838
30.1365 203848
30.1389 203858
30.1437 203868
30.1461 203878
30.1485 203888
30.1509 203898
30.1533 203908
30.1557 203918
30.1581 203928
30.1629 203938
30.1653 203948
30.1677 203958
30.1701 203968
30.1725 203978
30.1749 203988
30.1797 203998
30.1821 204008
30.1845 204018
30.1869 204028
30.1893 204038
30.1941 204048
30.1965 204058
30.199 204068
30.2014 204078
30.2062 204088
30.2086 204098
30.211 204108
30.2134 204118
30.2158 204128
30.2206 204138
30.223 204148
30.2266 204158
30.2302 204168
30.2338 204178
30.2374 204188
30.241 204198
30.247 204208
30.2518 204218
30.2542 204228
30.259 204238
30.3395 204248
30.3431 204258
30.3455 204268
