0.0 0
20.1204 120
20.241 120.125
20.242 120.234
20.3626 135.455
20.3636 133.773
20.3646 132.427
20.4847 146.248
20.4857 143.342
20.4862 140.924
20.4871 138.809
20.4876 136.958
20.4883 135.338
20.6082 148.921
20.6092 145.931
20.6097 143.314
20.6102 141.025
20.6111 139.147
20.6116 137.379
20.6121 135.956
20.6128 134.587
20.6138 133.513
20.6145 132.699
20.6152 132.112
20.6162 131.598
20.9615 129.273
20.962 127.239
20.9627 125.459
20.9634 123.902
20.9656 122.664
21.0685 134.206
21.0694 131.68
21.0699 129.345
21.0704 127.427
21.0713 125.749
21.0718 124.155
21.0723 122.886
21.0733 121.775
21.074 120.678
21.0747 119.843
21.0752 119.238
21.0757 118.708
21.0761 118.245
21.0771 117.964
21.0778 117.719
21.0785 117.504
21.0802 117.441
21.1838 130.011
21.1848 128.259
21.1855 126.727
21.186 125.386
21.1867 124.213
21.1874 123.186
21.1879 122.288
21.1884 121.502
21.1893 120.814
21.1901 120.337
21.191 119.92
21.1915 119.43
21.192 119.001
21.1925 118.626
21.1934 118.298
21.1941 118.136
21.1949 117.869
21.1965 117.635
21.3006 117.556
21.3013 117.611
21.3023 117.66
21.3028 117.577
21.3032 117.63
21.304 117.551
21.3047 117.483
21.3052 117.547
21.3056 117.479
21.3066 117.419
21.3076 117.367
21.3085 117.321
21.309 117.406
21.3095 117.48
21.31 117.42
21.3109 117.367
21.3117 117.322
21.3124 117.406
21.3143 117.481
21.4188 117.545
21.4196 117.727
21.4203 117.886
21.421 118.026
21.4215 118.147
21.422 118.129
21.4229 118.238
21.4234 118.333
21.4239 118.291
21.4246 118.38
21.4258 118.458
21.4268 118.525
21.4273 118.585
21.4277 118.512
21.4282 118.573
21.4287 118.626
21.4297 118.673
21.4306 118.714
21.4311 118.749
21.4333 118.781
21.5383 118.933
21.539 118.942
21.5397 118.949
21.5404 118.955
21.5409 118.961
21.5414 119.091
21.5424 119.204
21.5428 119.179
21.5433 119.281
21.544 119.371
21.5455 119.45
21.5462 119.519
21.5467 119.454
21.5472 119.522
21.5477 119.457
21.5481 119.525
21.5489 119.584
21.5503 119.761
21.5508 119.791
21.5527 119.942
21.6587 133.074
21.6596 131.565
21.6601 130.369
21.6611 129.323
21.6616 128.283
21.662 127.497
21.6628 126.685
21.6635 125.975
21.664 125.353
21.6644 124.809
21.6659 124.333
21.6668 123.916
21.6673 123.552
21.6678 123.233
21.6683 122.954
21.6688 122.709
21.6693 122.496
21.67 122.309
21.6712 122.145
21.6719 122.002
21.6736 121.877
21.7805 121.892
21.7815 121.906
21.782 121.792
21.7829 121.693
21.7834 121.732
21.7839 121.64
21.7846 121.685
21.7853 121.725
21.7858 121.759
21.7863 121.789
21.7877 121.815
21.7887 121.839
21.7892 121.859
21.7897 121.876
21.7901 121.892
21.7906 121.905
21.7911 121.917
21.7916 121.928
21.793 122.187
21.7935 122.163
21.7954 122.393
21.9026 135.719
21.9036 134.129
21.9043 132.738
21.905 131.646
21.9057 130.565
21.9062 129.619
21.9067 128.792
21.9076 128.068
21.9081 127.434
21.9086 126.88
21.9101 126.52
21.911 126.205
21.9115 125.804
21.912 125.329
21.9125 125.038
21.9129 124.658
21.9134 124.451
21.9139 124.144
21.9144 124.001
21.9158 123.751
21.9165 123.657
21.9182 123.575
22.0261 123.628
22.0271 123.675
22.0278 123.59
22.0285 123.517
22.0293 123.577
22.0297 123.505
22.0302 123.567
22.0312 123.621
22.0317 123.543
22.0321 123.6
22.0336 123.525
22.0345 123.46
22.035 123.527
22.0355 123.586
22.036 123.513
22.0365 123.574
22.0369 123.502
22.0374 123.564
22.0379 123.494
22.0393 123.682
22.0398 123.722
22.0415 123.882
22.1501 137.396
22.1511 135.847
22.1521 134.491
22.1525 133.305
22.1535 132.267
22.154 131.233
22.1545 130.454
22.1552 129.772
22.1559 129.051
22.1564 128.544
22.1576 128.101
22.1585 127.714
22.1593 127.374
22.1597 126.953
22.1602 126.709
22.1607 126.495
22.1612 126.308
22.1617 126.145
22.1621 126.002
22.1626 125.876
22.1641 125.767
22.1646 125.671
22.1662 125.587
22.2751 125.514
22.2761 125.449
22.277 125.393
22.2775 125.344
22.2785 125.301
22.2789 125.263
22.2794 125.231
22.2801 125.202
22.2809 125.177
22.2813 125.154
22.2825 125.135
22.2838 125.118
22.2842 125.103
22.2847 125.091
22.2852 125.079
22.2857 125.069
22.2862 125.061
22.2866 125.053
22.2871 125.046
22.2876 125.041
22.289 125.036
22.2898 125.031
22.2912 125.027
22.4005 125.024
22.4013 125.146
22.4022 125.253
22.4029 125.221
22.4037 125.318
22.4044 125.404
22.4049 125.478
22.4054 125.543
22.4063 125.6
22.4068 125.65
22.4078 125.694
22.4092 125.857
22.4097 125.875
22.4102 125.891
22.4106 125.904
22.4111 125.916
22.4116 125.927
22.4121 125.936
22.4126 125.944
22.413 125.951
22.4145 126.082
22.4152 126.072
22.4164 126.188
22.5262 139.789
22.527 138.066
22.5279 136.557
22.5289 135.238
22.5294 134.208
22.5303 133.307
22.5308 132.394
22.5313 131.719
22.532 131.13
22.5327 130.488
22.5337 130.052
22.5351 129.796
22.5356 129.321
22.5361 129.031
22.5366 128.652
22.537 128.446
22.5375 128.14
22.538 127.997
22.5385 127.748
22.539 127.529
22.5404 127.463
22.5414 127.405
22.5426 127.355
22.6524 140.935
22.6534 139.193
22.7666 134.919
22.767 131.179
22.7675 127.782
22.768 124.809
22.7685 122.208
22.7702 119.932
22.7709 117.816
22.7723 116.089
22.8548 113.577
22.8557 111.38
22.8567 109.458
22.8576 107.776
22.8586 106.429
22.8591 105.25
22.86 104.219
22.8605 103.191
22.8615 102.167
22.862 101.272
22.8624 100.488
22.8629 99.8017
22.8634 99.3265
22.8639 98.7856
22.8648 98.1874
22.8653 97.789
22.8658 97.1904
22.9468 96.5416
22.9475 96.0989
22.9485 95.7115
22.9494 95.3726
22.9504 95.076
22.9509 94.6915
22.9518 94.3551
22.9523 94.0607
22.9533 93.9281
22.9538 93.6871
22.9542 93.6012
22.9547 93.401
22.9552 93.3509
22.9557 93.1821
22.9566 93.1593
22.9571 93.1394
22.9576 92.997
23.0398 103.122
23.0405 101.982
23.0412 100.984
23.0422 100.111
23.0432 99.3473
23.0439 98.5539
23.0444 97.9847
23.0453 97.4866
23.046 97.0508
23.0468 96.5444
23.0472 96.2264
23.0477 95.8231
23.0482 95.5952
23.0487 95.2708
23.0494 95.1119
23.0501 94.9729
23.0506 94.7263
23.0513 94.6355
23.1345 94.6811
23.135 94.596
23.1359 94.5215
23.1369 94.4563
23.1378 94.3992
23.1383 94.4743
23.139 94.54
23.1398 94.4725
23.1407 94.4135
23.1412 94.4868
23.1417 94.4259
23.1422 94.4977
23.1427 94.4355
23.1431 94.506
23.1441 94.5678
23.1448 94.4968
23.1453 94.5597
23.1463 94.6148
23.2304 94.7879
23.2309 94.9394
23.2316 95.197
23.2325 95.4224
23.2335 95.6196
23.2342 95.7921
23.2347 95.8181
23.2357 95.8408
23.2364 95.9857
23.2371 96.1125
23.2376 96.0985
23.2381 96.2111
23.2385 96.1848
23.239 96.2867
23.2397 96.2508
23.2405 96.2195
23.2409 96.192
23.2419 96.168
23.3275 106.772
23.3282 105.676
23.3287 104.716
23.3296 103.877
23.3306 103.142
23.3315 102.499
23.332 101.937
23.3327 101.445
23.3335 101.014
23.3344 100.637
23.3349 100.183
23.3354 99.9099
23.3359 99.5461
23.3364 99.3529
23.3368 99.0588
23.3378 98.9264
23.3385 98.8106
23.3392 98.8343
23.4258 109.48
23.4267 108.17
23.4272 107.024
23.4279 106.021
23.4289 105.143
23.4298 104.375
23.4306 103.703
23.431 103.115
23.432 102.601
23.4327 102.151
23.4334 101.757
23.4339 101.412
23.4344 101.111
23.4349 100.847
23.4354 100.616
23.4361 100.539
23.437 100.472
23.4378 100.288
23.4385 100.127
23.5257 100.111
23.5267 100.097
23.5272 100.085
23.5281 100.199
23.5291 100.299
23.5301 100.387
23.5305 100.339
23.5313 100.296
23.532 100.259
23.5329 100.227
23.5334 100.198
23.5339 100.174
23.5344 100.152
23.5349 100.133
23.5353 100.116
23.5363 100.102
23.5373 100.089
23.5377 100.078
23.5387 100.068
23.6269 100.185
23.6279 100.287
23.6283 100.376
23.6293 100.454
23.6303 100.522
23.6312 100.582
23.6317 100.634
23.6324 100.68
23.6331 100.845
23.6341 100.989
23.6346 100.991
23.6351 101.117
23.6356 101.102
23.636 101.214
23.6365 101.188
23.6375 101.164
23.6387 101.144
23.6392 101.251
23.6401 101.344
23.7293 101.551
23.73 101.732
23.7305 101.891
23.7314 102.029
23.7326 102.151
23.7336 102.257
23.7341 102.35
23.7348 102.431
23.7355 102.502
23.7365 102.564
23.737 102.494
23.7374 102.557
23.7379 102.487
23.7384 102.552
23.7389 102.483
23.7398 102.547
23.7411 102.729
23.7418 102.763
23.7425 102.792
23.8326 113.943
23.8336 112.7
23.8341 111.738
23.8348 110.771
23.836 109.924
23.8369 109.184
23.8374 108.536
23.8381 107.969
23.8389 107.473
23.8398 107.039
23.8403 106.659
23.8408 106.326
23.8413 106.036
23.8417 105.781
23.8422 105.559
23.8432 105.489
23.8444 105.428
23.8451 105.249
23.8458 105.093
23.9367 116.206
23.9376 114.806
23.9384 113.58
23.9388 112.382
23.94 111.585
23.941 110.762
23.9417 110.041
23.9422 109.411
23.9432 108.86
23.9439 108.377
23.9446 107.955
23.9451 107.586
23.9456 107.263
23.946 106.98
23.9465 106.732
23.9472 106.516
23.9484 106.326
23.9494 106.16
23.9501 106.015
24.0415 117.263
24.0422 115.856
24.0431 114.624
24.0436 113.421
24.0443 112.493
24.0455 111.556
24.0467 110.862
24.0472 110.254
24.0479 109.597
24.0487 109.023
24.0496 108.645
24.0501 108.314
24.0506 107.9
24.0511 107.662
24.0515 107.33
24.052 107.163
24.053 106.893
24.0542 106.781
24.0551 106.684
24.0559 106.473
24.1477 106.414
24.1486 106.362
24.1494 106.317
24.1498 106.277
24.1508 106.243
24.152 106.212
24.1532 106.311
24.1537 106.272
24.1544 106.363
24.1551 106.443
24.1561 106.512
24.1566 106.448
24.157 106.517
24.1575 106.453
24.158 106.521
24.1585 106.456
24.1594 106.524
24.1606 106.458
24.1616 106.401
24.1626 106.476
24.2553 106.666
24.2563 106.833
24.257 106.979
24.2575 107.107
24.2585 107.218
24.2597 107.316
24.2609 107.277
24.2613 107.367
24.2621 107.446
24.2628 107.39
24.2637 107.342
24.2642 107.424
24.2647 107.371
24.2652 107.45
24.2657 107.393
24.2662 107.469
24.2671 107.536
24.2683 107.594
24.2693 107.644
24.2702 107.689
24.3635 107.728
24.3647 107.762
24.3652 107.792
24.3659 107.818
24.3668 107.84
24.368 107.985
24.369 108.112
24.3695 108.098
24.3704 108.086
24.3712 108.2
24.3719 108.175
24.3724 108.153
24.3729 108.134
24.3733 108.117
24.3738 108.103
24.3745 108.09
24.3755 108.079
24.3767 108.069
24.3777 108.06
24.3786 108.053
24.4728 108.171
24.474 108.4
24.4745 108.475
24.4752 108.665
24.4762 108.832
24.4774 108.853
24.4784 108.872
24.4788 108.888
24.4798 108.902
24.4805 108.914
24.4812 109.05
24.4817 109.043
24.4822 109.163
24.4827 109.143
24.4832 109.25
24.4839 109.219
24.4848 109.191
24.486 109.292
24.487 109.381
24.488 109.333
24.5827 109.417
24.5839 109.364
24.5843 109.444
24.5851 109.513
24.586 109.574
24.5872 109.627
24.5884 109.674
24.5889 109.715
24.5899 109.75
24.5906 109.782
24.5913 109.809
24.5918 109.833
24.5923 109.854
24.5927 109.872
24.5932 109.888
24.5939 109.902
24.5949 109.914
24.5961 109.925
24.5971 109.934
24.598 110.068
24.6937 110.184
24.6949 110.286
24.6954 110.375
24.6961 110.453
24.697 110.522
24.6982 110.582
24.6992 110.634
24.6999 110.68
24.7006 110.72
24.7016 110.755
24.7021 110.785
24.7026 110.812
24.7031 110.836
24.7035 110.856
24.704 110.874
24.705 110.89
24.7059 110.904
24.7071 110.916
24.7081 110.926
24.7091 110.935
24.8052 111.069
24.8061 111.185
24.8066 111.162
24.8076 111.142
24.8086 111.124
24.8098 111.108
24.8105 111.095
24.8114 111.208
24.8122 111.307
24.8129 111.269
24.8134 111.235
24.8138 111.206
24.8143 111.18
24.8148 111.157
24.8155 111.138
24.8165 111.246
24.8174 111.34
24.8186 111.297
24.8196 111.26
24.8206 111.228
24.9174 111.324
24.9181 111.409
24.9189 111.483
24.9198 111.547
24.9208 111.604
24.922 111.653
24.9227 111.697
24.9234 111.735
24.9244 111.768
24.9249 111.797
24.9253 111.822
24.9258 111.844
24.9263 111.864
24.9268 111.881
24.9278 111.896
24.9287 111.909
24.9297 111.92
24.9309 111.93
24.9318 111.939
24.9328 111.947
25.0304 112.078
25.0308 112.068
25.0318 112.185
25.0328 112.287
25.0337 112.376
25.0347 112.454
25.0357 112.522
25.0364 112.582
25.0371 112.634
25.0376 112.68
25.0381 112.72
25.0385 112.755
25.039 112.786
25.0397 112.812
25.0407 112.836
25.0417 112.856
25.0426 112.874
25.0438 112.89
25.0448 112.904
25.0457 112.916
25.1433 112.926
25.144 113.061
25.145 113.178
25.146 113.156
25.1469 113.136
25.1479 113.119
25.1486 113.104
25.1496 113.091
25.15 113.08
25.1505 113.07
25.151 113.061
25.1515 113.054
25.152 112.922
25.1529 112.932
25.1539 112.94
25.1549 112.948
25.1558 112.954
25.157 113.085
25.158 113.074
25.1589 113.065
25.257 113.057
25.258 113.05
25.2589 113.044
25.2599 113.163
25.2608 113.268
25.2618 113.359
25.2625 113.439
25.2632 113.509
25.2637 113.446
25.2642 113.515
25.2647 113.451
25.2652 113.519
25.2659 113.579
25.2668 113.632
25.2678 113.678
25.2688 113.718
25.2697 113.753
25.2709 113.659
25.2719 113.702
25.2729 113.739
25.3716 113.897
25.3726 114.035
25.3735 114.155
25.3745 114.261
25.3755 114.353
25.3762 114.434
25.3771 114.505
25.3776 114.442
25.3781 114.512
25.3786 114.448
25.3791 114.517
25.3796 114.452
25.3805 114.521
25.3815 114.58
25.3824 114.633
25.3834 114.679
25.3844 114.719
25.3856 114.754
25.3865 114.785
25.3875 114.812
25.487 114.835
25.4879 114.856
25.4889 114.874
25.4899 114.89
25.4908 114.903
25.4915 114.915
25.4923 114.926
25.4927 114.935
25.4932 114.943
25.4937 114.95
25.4942 114.957
25.4949 114.962
25.4959 114.967
25.4968 114.971
25.4978 114.975
25.4988 114.978
25.4997 114.981
25.5009 114.983
25.5019 114.985
25.5028 114.987
25.6023 115.114
25.6033 115.224
25.6043 115.321
25.6052 115.406
25.6059 115.355
25.6069 115.311
25.6074 115.272
25.6079 115.238
25.6083 115.208
25.6088 115.182
25.6093 115.16
25.6103 115.265
25.6112 115.356
25.6122 115.437
25.6131 115.507
25.6141 115.569
25.6151 115.623
25.6163 115.67
25.6172 115.711
25.6182 115.747
25.7182 115.779
25.7191 115.807
25.7201 115.831
25.721 115.852
25.7218 115.87
25.7227 115.887
25.7232 115.901
25.7237 115.913
25.7242 115.924
25.7247 115.934
25.7251 115.942
25.7261 115.949
25.7271 115.955
25.728 115.961
25.729 115.841
25.7299 115.736
25.7309 115.644
25.7321 115.688
25.7331 115.727
25.734 115.761
25.8345 115.791
25.8354 115.817
25.8364 115.84
25.8374 115.86
25.8381 116.003
25.839 116.127
25.8395 116.111
25.84 116.222
25.8405 116.195
25.841 116.17
25.8414 116.149
25.8424 116.13
25.8434 116.114
25.8443 116.1
25.8453 116.212
25.8463 116.311
25.8472 116.397
25.8484 116.347
25.8494 116.304
25.8503 116.266
25.9513 116.358
25.9522 116.438
25.9532 116.508
25.9542 116.57
25.9549 116.498
25.9556 116.436
25.9561 116.507
25.9566 116.443
25.957 116.513
25.9575 116.574
25.9582 116.627
25.9592 116.674
25.9602 116.714
25.9611 116.75
25.9621 116.781
25.963 116.809
25.964 116.833
25.9652 116.854
25.9662 116.872
25.9671 116.888
26.0683 116.902
26.0693 116.914
26.0702 116.925
26.0712 116.934
26.0719 116.942
26.0726 116.95
26.0731 116.956
26.0736 116.961
26.0741 116.966
26.0746 116.971
26.0753 116.974
26.0762 116.977
26.0772 116.98
26.0782 116.983
26.0791 116.985
26.0801 116.987
26.081 116.988
26.0822 116.99
26.0832 116.991
26.0842 116.992
26.1856 116.993
26.1865 116.994
26.1875 116.995
26.1882 116.995
26.1892 117.121
26.1897 117.106
26.1902 117.093
26.1906 117.081
26.1911 117.071
26.1916 117.062
26.1926 117.054
26.1935 117.048
26.1945 117.042
26.1954 117.036
26.1964 117.032
26.1974 117.028
26.1983 117.024
26.1995 117.021
26.2005 117.019
26.2014 117.016
26.3031 117.139
26.3041 117.247
26.305 117.341
26.3057 117.298
26.3067 117.261
26.3072 117.353
26.3077 117.309
26.3081 117.396
26.3086 117.346
26.3091 117.428
26.3101 117.499
26.311 117.562
26.312 117.492
26.313 117.43
26.3139 117.376
26.3149 117.329
26.3158 117.288
26.317 117.377
26.318 117.455
26.319 117.398
26.4209 117.348
26.4218 117.305
26.4228 117.267
26.4235 117.358
26.4242 117.439
26.4247 117.384
26.4252 117.461
26.4257 117.403
26.4261 117.478
26.4269 117.418
26.4278 117.366
26.4288 117.32
26.4298 117.405
26.4307 117.479
26.4317 117.545
26.4326 117.601
26.4336 117.651
26.4348 117.57
26.4358 117.499
26.4367 117.561
26.5389 117.616
26.5398 117.664
26.5408 117.706
26.5415 117.743
26.5422 117.775
26.5427 117.803
26.5432 117.828
26.5437 117.849
26.5441 117.868
26.5449 117.885
26.5458 117.899
26.5468 117.912
26.5477 117.923
26.5487 117.932
26.5497 117.941
26.5506 117.948
26.5516 117.955
26.5528 117.96
26.5538 117.965
26.5547 117.97
26.6571 118.098
26.6581 118.211
26.6588 118.185
26.6597 118.162
26.6602 118.141
26.6607 118.124
26.6612 118.108
26.6617 118.095
26.6621 118.083
26.6631 118.198
26.6641 118.298
26.665 118.386
26.666 118.337
26.6669 118.295
26.6679 118.258
26.6689 118.226
26.6698 118.198
26.671 118.298
26.672 118.261
26.673 118.228
26.7756 118.2
26.7763 118.3
26.7773 118.387
26.778 118.464
26.7787 118.531
26.7792 118.59
26.7797 118.641
26.7801 118.686
26.7806 118.725
26.7813 118.759
26.7823 118.789
26.7833 118.816
26.7842 118.839
26.7852 118.984
26.7861 119.111
26.7871 119.222
26.7881 119.319
26.7893 119.404
26.7902 119.354
26.7912 119.435
26.894 132.255
26.8948 130.598
26.8957 129.149
26.8965 127.88
26.8972 126.895
26.8977 125.908
26.8981 125.045
26.8986 124.289
26.8991 123.628
26.8998 123.049
26.9008 122.543
26.9017 122.1
26.9027 121.713
26.9037 121.374
26.9046 121.077
26.9056 120.817
26.9065 120.59
26.9077 120.391
26.9087 120.217
26.9097 120.065
27.0125 132.682
27.0135 130.972
27.0142 129.6
27.0149 128.275
27.0159 127.116
27.0164 126.101
27.0169 125.214
27.0173 124.437
27.0178 123.757
27.0183 123.163
27.0193 122.767
27.0202 122.421
27.0212 122.119
27.0221 121.854
27.0231 121.622
27.0241 121.419
27.025 121.242
27.0262 121.087
27.0272 120.951
27.0281 120.832
27.1312 133.478
27.132 131.668
27.1329 130.085
27.1336 128.699
27.1344 127.612
27.1353 126.66
27.1358 125.703
27.1363 124.99
27.1368 124.241
27.1373 123.711
27.1377 123.122
27.1387 122.607
27.1397 122.156
27.1406 121.762
27.1416 121.416
27.1425 121.114
27.1435 120.85
27.1445 120.619
27.1457 120.416
27.1466 120.239
27.1476 120.084
27.2507 119.949
27.2514 119.955
27.2521 119.961
27.2531 119.966
27.2538 119.845
27.2545 119.739
27.255 119.772
27.2555 119.675
27.256 119.591
27.2565 119.517
27.2572 119.578
27.2581 119.63
27.2591 119.677
27.2601 119.717
27.261 119.752
27.262 119.658
27.2629 119.576
27.2639 119.504
27.2651 119.566
27.2661 119.62
27.267 119.668
27.3699 119.584
27.3708 119.636
27.3713 119.682
27.3723 119.721
27.373 119.756
27.3737 119.787
27.3742 119.813
27.3747 119.712
27.3752 119.748
27.3757 119.779
27.3764 119.807
27.3773 119.831
27.3783 119.852
27.3793 119.871
27.3802 119.887
27.3812 119.901
27.3821 120.038
27.3831 120.159
27.3843 120.264
27.3853 120.231
27.3862 120.202
27.4893 132.927
27.4903 131.436
27.4908 130.006
27.4917 128.756
27.4924 127.661
27.4932 126.703
27.4936 125.866
27.4941 125.132
27.4946 124.491
27.4951 123.929
27.4958 123.438
27.4968 123.008
27.4977 122.632
27.4987 122.303
27.4997 122.015
27.5006 121.764
27.5016 121.543
27.5025 121.35
27.5037 121.181
27.5047 121.034
27.5057 120.905
27.6088 133.541
27.6095 131.849
27.6104 130.368
27.6109 129.072
27.6119 127.938
27.6126 126.946
27.6133 126.077
27.6138 125.318
27.6143 124.653
27.6148 124.071
27.6152 123.562
27.616 123.117
27.6169 122.727
27.6179 122.387
27.6189 122.088
27.6198 121.827
27.6208 121.599
27.6217 121.399
27.6227 121.224
27.6239 121.071
27.6249 120.937
27.6258 120.82
27.7289 120.718
27.7296 120.753
27.7304 120.784
27.7311 120.811
27.7318 120.834
27.7325 120.855
27.7335 120.873
27.734 120.764
27.7344 120.794
27.7349 120.694
27.7354 120.733
27.7359 120.641
27.7369 120.686
27.7378 120.725
27.7388 120.759
27.7397 120.79
27.7407 120.816
27.7417 120.839
27.7426 120.859
27.7438 120.877
27.7448 120.892
27.7457 120.906
27.8488 133.667
27.8498 132.084
27.8503 130.698
27.8512 129.486
27.8517 128.3
27.8527 127.388
27.8534 126.589
27.8541 125.891
27.8546 125.279
27.8551 124.744
27.8556 124.276
27.8561 123.867
27.8565 123.508
27.8575 123.195
27.8585 122.921
27.8594 122.68
27.8604 122.47
27.8613 122.287
27.8623 122.126
27.8633 121.985
27.8645 121.862
27.8654 121.754
27.8664 121.66
27.9695 121.577
27.9704 121.505
27.9709 121.317
27.9719 121.152
27.9724 121.133
27.9733 121.117
27.974 121.102
27.9748 120.964
27.9752 120.969
27.9757 120.848
27.9762 120.867
27.9767 120.758
27.9772 120.789
27.9781 120.815
27.9791 120.838
27.9801 120.858
27.981 120.876
27.982 120.767
27.9829 120.671
27.9839 120.587
27.9851 120.639
27.9861 120.684
27.987 120.723
28.0899 133.508
28.0908 131.944
28.0916 130.576
28.0923 129.504
28.093 128.566
28.0937 127.62
28.0944 126.793
28.0954 126.069
28.0959 125.435
28.0964 124.881
28.0969 124.396
28.0973 123.971
28.0978 123.6
28.0985 123.275
28.0995 122.99
28.1005 122.742
28.1014 122.524
28.1024 122.333
28.1033 122.292
28.1043 122.255
28.1053 122.223
28.1062 122.07
28.1072 121.937
28.1081 121.82
28.211 121.842
28.212 121.737
28.2127 121.645
28.2134 121.564
28.2141 121.494
28.2146 121.432
28.2156 121.503
28.2163 121.565
28.217 121.619
28.2175 121.667
28.218 121.584
28.2185 121.636
28.2189 121.556
28.2194 121.612
28.2204 121.66
28.2213 121.703
28.2223 121.74
28.2233 121.772
28.2242 121.801
28.2252 121.826
28.2261 121.848
28.2271 121.867
28.2281 121.883
28.229 121.898
28.3319 134.536
28.3328 132.844
28.3336 131.488
28.3343 130.302
28.335 129.264
28.3357 128.231
28.3362 127.452
28.3372 126.771
28.3379 126.05
28.3386 125.418
28.3391 124.991
28.3396 124.617
28.3401 124.29
28.3405 124.004
28.341 123.753
28.342 123.409
28.3429 123.108
28.3439 122.844
28.3449 122.614
28.3458 122.412
28.3468 122.236
28.3477 122.081
28.3487 121.946
28.3497 121.828
28.3506 121.724
28.4535 121.759
28.4542 121.914
28.4549 121.925
28.4559 121.934
28.4564 121.942
28.4573 121.95
28.4578 121.956
28.4585 121.961
28.4593 121.966
28.4602 122.095
28.4607 122.083
28.4612 122.073
28.4617 122.064
28.4621 122.056
28.4626 122.049
28.4633 122.043
28.4643 122.162
28.4653 122.267
28.4662 122.359
28.4672 122.439
28.4681 122.509
28.4691 122.57
28.4701 122.624
28.471 122.671
28.472 122.587
28.5751 135.389
28.5758 133.715
28.5765 132.251
28.5773 131.094
28.5782 130.083
28.5787 129.072
28.5797 128.188
28.5801 127.54
28.5809 126.847
28.5816 126.241
28.5825 125.711
28.583 125.372
28.5835 125.076
28.584 124.691
28.5845 124.48
28.5849 124.17
28.5854 124.024
28.5864 123.896
28.5873 123.784
28.5883 123.686
28.5893 123.6
28.5902 123.525
28.5912 123.459
28.5922 123.402
28.5931 123.352
28.5941 123.308
28.6969 136.019
28.6979 134.267
28.6984 132.859
28.6991 131.626
28.6998 130.423
28.7008 129.37
28.7013 128.574
28.7022 127.877
28.7027 127.142
28.7034 126.625
28.7041 126.172
28.7051 125.775
28.7056 125.303
28.7061 125.015
28.7065 124.763
28.707 124.543
28.7075 124.35
28.708 124.056
28.7089 123.799
28.7099 123.574
28.7109 123.378
28.7118 123.205
28.7128 123.055
28.7138 122.923
28.7147 122.808
28.7157 122.707
28.7166 122.618
28.8195 122.666
28.8202 122.833
28.8209 122.854
28.8214 122.872
28.8221 122.888
28.8229 122.902
28.8238 122.914
28.8243 122.925
28.8253 122.934
28.8257 122.943
28.8265 122.95
28.8272 122.956
28.8281 122.961
28.8286 122.966
28.8291 122.971
28.8296 122.974
28.8301 122.977
28.8305 122.98
28.831 123.108
28.832 123.094
28.833 123.082
28.8339 123.072
28.8349 123.063
28.8358 123.055
28.8368 123.048
28.8378 123.042
28.8387 123.037
28.8397 123.032
28.9428 123.028
28.9433 123.15
28.9442 123.256
28.9447 123.349
28.9452 123.43
28.9461 123.502
28.9469 123.564
28.9476 123.618
28.9483 123.666
28.949 123.708
28.9495 123.744
28.9505 123.776
28.9509 123.679
28.9519 123.594
28.9524 123.645
28.9529 123.564
28.9534 123.619
28.9538 123.542
28.9543 123.599
28.9548 123.524
28.9558 123.583
28.9567 123.636
28.9577 123.681
28.9586 123.721
28.9596 123.756
28.9606 123.786
28.9615 123.813
28.9625 123.836
28.9634 123.857
29.0668 123.875
29.0673 124.015
29.068 124.013
29.0687 124.012
29.0692 124.135
29.0699 124.118
29.0706 124.104
29.0716 124.216
29.0721 124.314
29.073 124.399
29.0735 124.35
29.0742 124.431
29.075 124.377
29.0757 124.455
29.0764 124.523
29.0769 124.458
29.0774 124.525
29.0778 124.46
29.0783 124.527
29.0788 124.461
29.0793 124.529
29.0802 124.588
29.0812 124.639
29.0822 124.684
29.0831 124.724
29.0841 124.758
29.085 124.788
29.086 124.815
29.087 124.713
29.0879 124.624
29.1915 124.671
29.192 124.712
29.1925 124.748
29.1934 124.905
29.1939 124.916
29.1944 124.927
29.1954 125.061
29.1961 125.178
29.1968 125.156
29.1975 125.137
29.1982 125.12
29.1987 125.105
29.1994 125.092
29.2002 125.205
29.2009 125.179
29.2016 125.157
29.2021 125.262
29.2026 125.23
29.203 125.326
29.2035 125.285
29.204 125.375
29.2045 125.328
29.2054 125.287
29.2064 125.251
29.2074 125.22
29.2083 125.192
29.2093 125.168
29.2103 125.147
29.2112 125.129
29.2122 125.238
29.2131 125.333
29.3167 125.291
29.3172 125.38
29.3177 125.457
29.3184 125.525
29.3191 125.585
29.3196 125.636
29.3201 125.682
29.321 125.722
29.3218 125.631
29.3225 125.678
29.3232 125.718
29.3239 125.628
29.3244 125.675
29.3251 125.715
29.3258 125.626
29.3266 125.673
29.3273 125.714
29.3278 125.624
29.3283 125.671
29.3287 125.587
29.3292 125.639
29.3297 125.559
29.3302 125.614
29.3311 125.662
29.3321 125.705
29.3331 125.742
29.334 125.774
29.335 125.677
29.3359 125.592
29.3369 125.518
29.3379 125.454
29.3388 125.397
29.4426 125.472
29.4431 125.663
29.4436 125.705
29.4441 125.867
29.445 126.009
29.4455 126.008
29.446 126.132
29.4465 126.115
29.4474 126.101
29.4482 126.213
29.4489 126.187
29.4496 126.163
29.4503 126.268
29.4508 126.234
29.4515 126.205
29.4523 126.304
29.453 126.266
29.4537 126.233
29.4542 126.329
29.4547 126.288
29.4551 126.377
29.4556 126.33
29.4561 126.414
29.4566 126.362
29.4575 126.317
29.4585 126.277
29.4595 126.242
29.4604 126.212
29.4614 126.311
29.4623 126.397
29.4633 126.472
29.4643 126.538
29.4652 126.596
29.5693 126.646
29.5698 126.691
29.5703 126.729
29.5707 126.763
29.5717 126.918
29.7892 122.303
29.7904 118.265
29.7913 114.732
29.7918 111.64
29.7923 108.935
29.7928 106.443
29.794 104.388
29.7945 102.59
29.795 100.891
29.7954 99.5295
29.7959 98.2133
29.7971 97.3116
29.7976 96.3977
29.7981 95.723
29.7986 95.0076
29.799 94.5067
29.8759 103.443
29.8767 101.888
29.8771 100.652
29.8776 99.4454
29.8781 98.5147
29.8791 97.7004
29.8795 96.9879
29.88 96.3644
29.8805 95.8188
29.8812 95.3415
29.8822 95.0488
29.8831 94.7927
29.8839 94.4436
29.8844 94.2632
29.8848 93.9803
29.8858 93.8577
29.8863 93.7505
29.8868 93.5317
29.8872 93.4652
29.8877 93.2821
29.8889 93.2468
29.8896 93.091
29.8901 93.0796
29.8906 92.9446
29.8911 92.9516
29.9689 102.458
29.9699 101.4
29.9704 100.475
29.9709 99.5409
29.9713 98.8483
29.9718 98.2423
29.9728 97.712
29.9733 97.248
29.9738 96.842
29.9742 96.4867
29.9747 96.1759
29.9759 95.9039
29.9769 95.6659
29.9778 95.4577
29.9783 95.4005
29.9788 95.2254
29.9795 95.1972
29.9802 95.1726
29.9807 95.026
29.9812 95.0228
29.9817 94.8949
29.9826 94.908
29.9836 94.9195
29.9841 94.9296
29.9846 94.8134
29.985 94.8367
29.9935 95.7321
