20.8364 65161 69120
20.8366 69505 66560
20.8369 139009 65536
20.8371 140457 65024
20.8378 141905 64000
20.8381 79641 60416
20.8383 81089 59392
20.8385 143353 58880
20.8393 144801 58368
20.8395 146249 57856
20.8402 92673 53760
21.0666 205617 50176
21.0671 207065 50176
21.0673 208513 50176
21.0678 209961 50176
21.0683 211409 50176
21.0685 212857 50176
21.0688 214305 50176
21.0702 215753 50176
21.0707 217201 50176
21.1738 218649 50176
21.1743 220097 50176
21.1748 221545 50176
21.1752 222993 50176
21.1755 224441 50176
21.1757 225889 50176
21.176 227337 50176
21.1762 228785 50176
21.1767 230233 50176
21.1772 231681 50176
21.1774 233129 51712
21.1776 234577 51712
21.1779 236025 51712
21.1781 237473 51712
21.1784 238921 51712
21.1788 240369 51712
21.1793 241817 51712
21.1796 243265 51712
21.18 244713 51712
21.1805 246161 51712
21.181 247609 51712
21.1812 249057 51712
21.1815 250505 51712
21.1817 251953 51712
21.182 253401 51712
21.1822 254849 51712
21.1824 256297 51712
21.1829 257745 51712
21.1834 259193 51712
21.1836 260641 51712
21.1841 262089 51712
21.1846 263537 51712
21.1848 264985 51712
21.186 266433 51712
21.1865 267881 51712
21.2901 269329 53248
21.2906 270777 53248
21.2911 272225 53248
21.2913 273673 53248
21.2918 275121 53248
21.2923 276569 53248
21.2925 278017 53248
21.2927 279465 54784
21.293 280913 54784
21.2932 282361 54784
21.2935 283809 54784
21.2939 285257 54784
21.2944 286705 54784
21.2947 288153 54784
21.2949 289601 54784
21.2952 291049 54784
21.2954 292497 54784
21.2956 293945 54784
21.2961 295393 54784
21.2966 296841 54784
21.2971 298289 54784
21.2976 299737 54784
21.298 301185 54784
21.2985 302633 54784
21.2988 304081 54784
21.299 305529 54784
21.2992 306977 54784
21.2995 308425 54784
21.2997 309873 54784
21.3 311321 54784
21.3004 312769 54784
21.3009 314217 54784
21.3012 315665 54784
21.3016 317113 54784
21.3021 318561 54784
21.3024 320009 54784
21.3038 321457 54784
21.3043 322905 54784
21.4083 324353 56320
21.4088 325801 56320
21.4093 327249 56320
21.4095 328697 56320
21.4098 330145 56320
21.4103 331593 56320
21.4107 333041 56320
21.411 334489 56320
21.4112 335937 56320
21.4115 337385 56320
21.4117 338833 56320
21.4119 340281 56320
21.4124 341729 56320
21.4129 343177 56320
21.4131 344625 56320
21.4134 346073 56320
21.4136 347521 56320
21.4139 348969 56320
21.4141 350417 56320
21.4146 351865 56320
21.4153 353313 56320
21.4158 354761 56320
21.4163 356209 56320
21.4168 357657 56320
21.417 359105 56320
21.4172 360553 56320
21.4175 362001 56320
21.4177 363449 56320
21.418 364897 56320
21.4182 366345 57856
21.4184 367793 57856
21.4187 369241 57856
21.4192 370689 57856
21.4196 372137 57856
21.4201 373585 57856
21.4206 375033 57856
21.4208 376481 57856
21.4211 377929 57856
21.4228 379377 57856
21.4232 380825 57856
21.5278 382273 57856
21.5283 383721 57856
21.5287 385169 57856
21.529 386617 57856
21.5292 388065 57856
21.5297 389513 57856
21.5302 390961 57856
21.5304 392409 57856
21.5307 393857 57856
21.5309 395305 57856
21.5311 396753 57856
21.5314 398201 57856
21.5319 399649 57856
21.5323 401097 57856
21.5326 402545 57856
21.5328 403993 57856
21.5331 405441 57856
21.5333 406889 57856
21.5335 408337 57856
21.534 409785 57856
21.535 411233 57856
21.5355 412681 57856
21.536 414129 57856
21.5362 415577 57856
21.5364 417025 57856
21.5367 418473 57856
21.5369 419921 57856
21.5372 421369 57856
21.5374 422817 57856
21.5376 424265 57856
21.5379 425713 58880
21.5381 427161 58880
21.5384 428609 58880
21.5388 430057 58880
21.5396 431505 58880
21.5403 432953 58880
21.5405 434401 58880
21.5408 435849 58880
21.5412 437297 58880
21.5427 438745 58880
21.5432 440193 58880
21.6487 441641 58880
21.6491 443089 58880
21.6496 444537 58880
21.6499 445985 58880
21.6501 447433 58880
21.6506 448881 58880
21.6511 450329 58880
21.6513 451777 58880
21.6515 453225 58880
21.6518 454673 58880
21.652 456121 58880
21.6523 457569 58880
21.6527 459017 58880
21.6532 460465 58880
21.6535 461913 58880
21.6537 463361 58880
21.6539 464809 58880
21.6542 466257 58880
21.6544 467705 58880
21.6547 469153 58880
21.6559 470601 58880
21.6564 472049 58880
21.6568 473497 58880
21.6571 474945 58880
21.6573 476393 58880
21.6576 477841 58880
21.6578 479289 58880
21.658 480737 58880
21.6583 482185 58880
21.6585 483633 58880
21.6588 485081 60416
21.659 486529 60416
21.6592 487977 60416
21.6595 489425 60416
21.66 490873 60416
21.6609 492321 60416
21.6612 493769 60416
21.6614 495217 60416
21.6619 496665 60416
21.6633 498113 60416
21.6636 499561 60416
21.77 501009 60416
21.7705 502457 60416
21.771 503905 60416
21.7715 505353 60416
21.7717 506801 60416
21.7719 508249 60416
21.7724 509697 60416
21.7729 511145 60416
21.7731 512593 60416
21.7734 514041 60416
21.7736 515489 60416
21.7739 516937 60416
21.7741 518385 60416
21.7746 519833 60416
21.7751 521281 60416
21.7753 522729 60416
21.7756 524177 60416
21.7758 525625 60416
21.776 527073 60416
21.7763 528521 60416
21.7772 529969 60416
21.7777 531417 60416
21.7782 532865 60416
21.7787 534313 60416
21.7789 535761 60416
21.7792 537209 60416
21.7794 538657 60416
21.7796 540105 60416
21.7799 541553 60416
21.7801 543001 60416
21.7804 544449 60416
21.7806 545897 60416
21.7808 547345 61952
21.7811 548793 61952
21.7813 550241 61952
21.7816 551689 61952
21.782 553137 61952
21.783 554585 61952
21.7832 556033 61952
21.7835 557481 61952
21.784 558929 61952
21.7854 560377 61952
21.7856 561825 61952
21.8926 563273 61952
21.8931 564721 61952
21.8935 566169 61952
21.894 567617 61952
21.8943 569065 61952
21.8945 570513 61952
21.895 571961 61952
21.8955 573409 61952
21.8957 574857 61952
21.896 576305 61952
21.8962 577753 61952
21.8964 579201 61952
21.8967 580649 61952
21.8972 582097 61952
21.8976 583545 61952
21.8979 584993 61952
21.8981 586441 61952
21.8984 587889 61952
21.8986 589337 61952
21.8988 590785 61952
21.9 592233 61952
21.9005 593681 61952
21.901 595129 61952
21.9012 596577 61952
21.9015 598025 61952
21.9017 599473 61952
21.902 600921 61952
21.9022 602369 61952
21.9024 603817 61952
21.9027 605265 61952
21.9029 606713 61952
21.9032 608161 61952
21.9034 609609 61952
21.9036 611057 61952
21.9039 612505 63488
21.9041 613953 63488
21.9044 615401 63488
21.9056 616849 63488
21.9058 618297 63488
21.906 619745 63488
21.9065 621193 63488
21.9077 622641 63488
21.9082 624089 63488
22.0156 625537 63488
22.0161 626985 63488
22.0166 628433 63488
22.0171 629881 63488
22.0176 631329 63488
22.0178 632777 63488
22.018 634225 63488
22.0185 635673 63488
22.019 637121 63488
22.0192 638569 63488
22.0195 640017 63488
22.0197 641465 63488
22.02 642913 63488
22.0202 644361 63488
22.0207 645809 63488
22.0212 647257 63488
22.0214 648705 63488
22.0216 650153 63488
22.0219 651601 63488
22.0221 653049 63488
22.0231 654497 63488
22.0236 655945 63488
22.024 657393 63488
22.0245 658841 63488
22.0248 660289 63488
22.025 661737 63488
22.0252 663185 63488
22.0255 664633 63488
22.0257 666081 63488
22.026 667529 63488
22.0262 668977 63488
22.0264 670425 63488
22.0267 671873 63488
22.0269 673321 63488
22.0272 674769 63488
22.0274 676217 63488
22.0276 677665 65024
22.0279 679113 65024
22.0281 680561 65024
22.0293 682009 65024
22.0296 683457 65024
22.0298 684905 65024
22.0303 686353 65024
22.0315 687801 65024
22.032 689249 65024
22.1401 690697 65024
22.1406 692145 65024
22.1411 693593 65024
22.1416 695041 65024
22.142 696489 65024
22.1423 697937 65024
22.1425 699385 65024
22.143 700833 65024
22.1435 702281 65024
22.1437 703729 65024
22.144 705177 65024
22.1442 706625 65024
22.1444 708073 65024
22.1447 709521 65024
22.1452 710969 65024
22.1456 712417 65024
22.1459 713865 65024
22.1461 715313 65024
22.1464 716761 65024
22.1466 718209 65024
22.1476 719657 65024
22.148 721105 65024
22.1485 722553 65024
22.149 724001 65024
22.1492 725449 65024
22.1495 726897 65024
22.1497 728345 65024
22.15 729793 65024
22.1502 731241 65024
22.1504 732689 65024
22.1507 734137 65024
22.1509 735585 65024
22.1512 737033 65024
22.1514 738481 65024
22.1517 739929 65024
22.1519 741377 65024
22.1521 742825 66560
22.1524 744273 66560
22.1526 745721 66560
22.1536 747169 66560
22.1541 748617 66560
22.1543 750065 66560
22.1545 751513 66560
22.1557 752961 66560
22.1562 754409 66560
22.2646 755857 66560
22.2651 757305 66560
22.2656 758753 66560
22.266 760201 66560
22.2665 761649 66560
22.267 763097 66560
22.2672 764545 66560
22.2675 765993 66560
22.268 767441 66560
22.2684 768889 66560
22.2687 770337 66560
22.2689 771785 66560
22.2692 773233 66560
22.2694 774681 66560
22.2696 776129 66560
22.2701 777577 66560
22.2706 779025 66560
22.2708 780473 66560
22.2711 781921 66560
22.2713 783369 66560
22.2721 784817 66560
22.2725 786265 66560
22.2733 787713 66560
22.2737 789161 66560
22.274 790609 66560
22.2742 792057 66560
22.2745 793505 66560
22.2747 794953 66560
22.2749 796401 66560
22.2752 797849 66560
22.2754 799297 66560
22.2757 800745 66560
22.2759 802193 66560
22.2761 803641 66560
22.2764 805089 66560
22.2766 806537 66560
22.2769 807985 66560
22.2771 809433 66560
22.2773 810881 66560
22.2776 812329 66560
22.2788 813777 66560
22.279 815225 66560
22.2793 816673 66560
22.2797 818121 66560
22.2807 819569 66560
22.2812 821017 66560
22.39 822465 67584
22.3905 823913 67584
22.3908 825361 67584
22.3912 826809 67584
22.3917 828257 67584
22.3922 829705 67584
22.3927 831153 67584
22.3929 832601 67584
22.3932 834049 67584
22.3937 835497 67584
22.3941 836945 67584
22.3944 838393 67584
22.3946 839841 67584
22.3949 841289 67584
22.3951 842737 67584
22.3953 844185 67584
22.3958 845633 67584
22.3963 847081 67584
22.3965 848529 67584
22.3968 849977 67584
22.3973 851425 67584
22.3977 852873 67584
22.3982 854321 67584
22.3992 855769 67584
22.3994 857217 67584
22.3997 858665 67584
22.3999 860113 67584
22.4001 861561 67584
22.4004 863009 67584
22.4006 864457 67584
22.4009 865905 67584
22.4011 867353 67584
22.4013 868801 67584
22.4016 870249 67584
22.4018 871697 67584
22.4021 873145 67584
22.4023 874593 67584
22.4025 876041 67584
22.4028 877489 67584
22.403 878937 67584
22.4035 880385 67584
22.4045 881833 67584
22.4047 883281 67584
22.4052 884729 67584
22.4057 886177 67584
22.4064 887625 67584
22.4069 889073 67584
22.5162 890521 67584
22.5167 891969 67584
22.5169 893417 67584
22.5174 894865 67584
22.5179 896313 67584
22.5184 897761 67584
22.5189 899209 67584
22.5191 900657 67584
22.5193 902105 67584
22.5198 903553 67584
22.5203 905001 67584
22.5205 906449 67584
22.5208 907897 67584
22.521 909345 67584
22.5213 910793 67584
22.5215 912241 67584
22.522 913689 67584
22.5225 915137 67584
22.5227 916585 67584
22.5232 918033 67584
22.5237 919481 67584
22.5239 920929 67584
22.5251 922377 67584
22.5253 923825 67584
22.5256 925273 67584
22.5258 926721 67584
22.5261 928169 67584
22.5263 929617 67584
22.5266 931065 67584
22.5268 932513 67584
22.527 933961 67584
22.5273 935409 67584
22.5275 936857 67584
22.5278 938305 67584
22.528 939753 67584
22.5282 941201 67584
22.5285 942649 67584
22.5287 944097 67584
22.529 945545 67584
22.5294 946993 67584
22.5304 948441 67584
22.5309 949889 67584
22.5314 951337 67584
22.5318 952785 67584
22.5326 954233 67584
22.533 955681 67584
22.6424 957129 69120
22.6429 958577 69120
22.6433 961473 69120
22.6436 962921 69120
22.6441 964369 69120
22.6445 965817 69120
22.645 967265 69120
22.6455 968713 69120
22.6457 970161 69120
22.646 971609 69120
22.6465 973057 69120
22.647 974505 69120
22.6472 975953 69120
22.6474 977401 69120
22.6477 978849 69120
22.6479 980297 69120
22.6482 981745 69120
22.6486 983193 69120
22.6491 984641 69120
22.6498 987537 69120
22.6501 988985 69120
22.651 990433 69120
22.6515 991881 69120
22.6518 993329 69120
22.652 994777 69120
22.6522 996225 69120
22.6525 997673 69120
22.6527 999121 69120
22.653 1000569 69120
22.6532 1002017 69120
22.6534 1003465 69120
22.6537 1004913 69120
22.6539 1006361 69120
22.6542 1007809 69120
22.6544 1009257 69120
22.6546 1010705 69120
22.6549 1012153 69120
22.6551 1013601 69120
22.6556 1015049 69120
22.6566 1016497 69120
22.657 1017945 69120
22.6575 1019393 69120
22.658 1020841 69120
22.6587 1022289 69120
22.6592 1023737 69120
22.7484 1025185 69120
22.7486 1026633 69120
22.7493 1028081 69120
22.7496 1029529 69120
22.75 1030977 69120
22.7503 960025 67584
22.7512 1032425 66048
22.7515 1033873 65536
22.752 1035321 64512
22.7525 1036769 64000
22.7527 1038217 62976
22.7529 1039665 62464
22.7532 1041113 61440
22.7537 1042561 60928
22.7546 1044009 59904
22.7549 1045457 59392
22.7561 986089 56832
22.7563 1046905 56320
22.7565 1048353 55296
22.7568 1049801 54784
22.757 1051249 54272
22.7573 1052697 53760
22.7575 1054145 52736
22.7577 1055593 52224
22.758 1057041 51200
22.7582 1058489 50688
22.8512 1093241 49152
22.8515 1094689 49152
22.8517 1096137 49152
22.8519 1097585 49152
22.8522 1099033 49152
22.8524 1100481 49152
22.8527 1101929 49152
22.8529 1103377 49152
22.8531 1104825 49152
22.8534 1106273 49152
22.8536 1107721 49152
22.8539 1109169 49152
22.8543 1110617 49152
22.8548 1112065 49152
22.8551 1113513 49152
22.8553 1114961 49152
22.8555 1116409 49152
22.8558 1117857 49152
22.9363 1119305 50176
22.9368 1120753 50176
22.9373 1122201 50176
22.9375 1123649 50176
22.938 1125097 50176
22.9385 1126545 50176
22.9389 1127993 50176
22.9394 1129441 50176
22.9399 1130889 50176
22.9404 1132337 50176
22.9406 1133785 50176
22.9409 1135233 50176
22.9411 1136681 50176
22.9418 1138129 50176
22.9421 1139577 50176
22.9423 1141025 50176
22.9428 1142473 50176
22.9433 1143921 50176
22.9435 1145369 50176
22.9437 1146817 50176
22.944 1148265 50176
22.9442 1149713 50176
22.9445 1151161 50176
22.9447 1152609 50176
22.9449 1154057 50176
22.9452 1155505 50176
22.9454 1156953 50176
22.9457 1158401 50176
22.9461 1159849 50176
22.9466 1161297 50176
22.9469 1162745 50176
22.9471 1164193 50176
22.9474 1165641 50176
22.9476 1167089 50176
22.9481 1168537 50176
23.0298 1169985 51712
23.0303 1171433 51712
23.0305 1172881 51712
23.0307 1174329 51712
23.0312 1175777 51712
23.0317 1177225 51712
23.0322 1178673 51712
23.0327 1180121 51712
23.0331 1181569 51712
23.0336 1183017 51712
23.0339 1184465 51712
23.0341 1185913 51712
23.0343 1187361 51712
23.0351 1188809 51712
23.0353 1190257 51712
23.0355 1191705 51712
23.036 1193153 51712
23.0365 1194601 51712
23.0367 1196049 51712
23.037 1197497 51712
23.0372 1198945 51712
23.0375 1200393 51712
23.0377 1201841 51712
23.038 1203289 51712
23.0382 1204737 51712
23.0384 1206185 51712
23.0387 1207633 51712
23.0389 1209081 51712
23.0394 1210529 51712
23.0399 1211977 51712
23.0401 1213425 51712
23.0404 1214873 51712
23.0406 1216321 51712
23.0408 1217769 51712
23.0413 1219217 51712
23.124 1220665 51712
23.1245 1222113 51712
23.1247 1223561 51712
23.1249 1225009 51712
23.1254 1226457 51712
23.1259 1227905 51712
23.1264 1229353 51712
23.1269 1230801 51712
23.1274 1232249 51712
23.1278 1233697 51712
23.1281 1235145 51712
23.1283 1236593 51712
23.1286 1238041 51712
23.129 1239489 51712
23.1295 1240937 51712
23.1298 1242385 51712
23.1302 1243833 51712
23.1307 1245281 51712
23.131 1246729 51712
23.1312 1248177 51712
23.1314 1249625 51712
23.1317 1251073 51712
23.1319 1252521 51712
23.1322 1253969 51712
23.1324 1255417 51712
23.1326 1256865 51712
23.1329 1258313 51712
23.1331 1259761 51712
23.1336 1261209 51712
23.1341 1262657 51712
23.1346 1264105 51712
23.1348 1265553 51712
23.135 1267001 51712
23.1353 1268449 51712
23.1358 1269897 51712
23.1362 1271345 51712
23.2199 1272793 53248
23.2204 1274241 53248
23.2206 1275689 53248
23.2208 1277137 53248
23.2211 1278585 53248
23.2216 1280033 53248
23.222 1281481 53248
23.2225 1282929 53248
23.223 1284377 53248
23.2235 1285825 53248
23.224 1287273 53248
23.2242 1288721 53248
23.2244 1290169 53248
23.2247 1291617 53248
23.2252 1293065 53248
23.2256 1294513 53248
23.2259 1295961 53248
23.2264 1297409 53248
23.2268 1298857 53248
23.2271 1300305 53248
23.2273 1301753 53248
23.2276 1303201 53248
23.2278 1304649 53248
23.228 1306097 53248
23.2283 1307545 53248
23.2285 1308993 53248
23.2288 1310441 53248
23.229 1311889 53248
23.2292 1313337 53248
23.2297 1314785 53248
23.2302 1316233 53248
23.2304 1317681 53248
23.2307 1319129 53248
23.2309 1320577 53248
23.2314 1322025 53248
23.2319 1323473 53248
23.2324 1324921 53248
23.3174 1326369 53248
23.3179 1327817 53248
23.3182 1329265 53248
23.3184 1330713 53248
23.3186 1332161 53248
23.3191 1333609 53248
23.3196 1335057 53248
23.3201 1336505 53248
23.3206 1337953 53248
23.321 1339401 53248
23.3215 1340849 53248
23.3218 1342297 53248
23.322 1343745 53248
23.3222 1345193 53248
23.3227 1346641 53248
23.3232 1348089 53248
23.3235 1349537 53248
23.3239 1350985 53248
23.3244 1352433 53248
23.3247 1353881 53248
23.3249 1355329 53248
23.3251 1356777 53248
23.3254 1358225 53248
23.3256 1359673 53248
23.3259 1361121 53248
23.3261 1362569 53248
23.3263 1364017 53248
23.3266 1365465 53248
23.3268 1366913 53248
23.3273 1368361 53248
23.3278 1369809 53248
23.3283 1371257 53248
23.3285 1372705 53248
23.3287 1374153 53248
23.3292 1375601 53248
23.3297 1377049 53248
23.4157 1378497 54784
23.4162 1379945 54784
23.4167 1381393 54784
23.4169 1382841 54784
23.4172 1384289 54784
23.4174 1385737 54784
23.4179 1387185 54784
23.4184 1388633 54784
23.4189 1390081 54784
23.4193 1391529 54784
23.4198 1392977 54784
23.4203 1394425 54784
23.4205 1395873 54784
23.4208 1397321 54784
23.421 1398769 54784
23.4215 1400217 54784
23.422 1401665 54784
23.4222 1403113 54784
23.4227 1404561 54784
23.4232 1406009 54784
23.4234 1407457 54784
23.4237 1408905 54784
23.4239 1410353 54784
23.4241 1411801 54784
23.4244 1413249 54784
23.4246 1414697 54784
23.4249 1416145 54784
23.4251 1417593 54784
23.4253 1419041 54784
23.4256 1420489 54784
23.4261 1421937 54784
23.4265 1423385 54784
23.427 1424833 54784
23.4275 1426281 54784
23.4278 1427729 54784
23.428 1429177 54784
23.4285 1430625 54784
23.5152 1432073 54784
23.5157 1433521 54784
23.5164 1434969 54784
23.5167 1436417 54784
23.5169 1437865 54784
23.5171 1439313 54784
23.5176 1440761 54784
23.5181 1442209 54784
23.5186 1443657 54784
23.5191 1445105 54784
23.5196 1446553 54784
23.52 1448001 54784
23.5203 1449449 54784
23.5205 1450897 54784
23.5208 1452345 54784
23.5212 1453793 54784
23.5217 1455241 54784
23.522 1456689 54784
23.5224 1458137 54784
23.5229 1459585 54784
23.5232 1461033 54784
23.5234 1462481 54784
23.5236 1463929 54784
23.5239 1465377 54784
23.5241 1466825 54784
23.5244 1468273 54784
23.5246 1469721 54784
23.5248 1471169 54784
23.5251 1472617 54784
23.5253 1474065 54784
23.5258 1475513 54784
23.5263 1476961 54784
23.5268 1478409 54784
23.5272 1479857 54784
23.5275 1481305 54784
23.5277 1482753 54784
23.5282 1484201 54784
23.5287 1485649 54784
23.6164 1487097 54784
23.6169 1488545 54784
23.6176 1489993 54784
23.6178 1491441 54784
23.6181 1492889 54784
23.6183 1494337 54784
23.6188 1495785 54784
23.6193 1497233 54784
23.6198 1498681 54784
23.6202 1500129 54784
23.6207 1501577 54784
23.6212 1503025 54784
23.6214 1504473 54784
23.6217 1505921 54784
23.6219 1507369 54784
23.6224 1508817 54784
23.6229 1510265 54784
23.6231 1511713 54784
23.6236 1513161 54784
23.6241 1514609 54784
23.6243 1516057 54784
23.6246 1517505 54784
23.6248 1518953 54784
23.6251 1520401 54784
23.6253 1521849 54784
23.6255 1523297 54784
23.6258 1524745 54784
23.626 1526193 54784
23.6263 1527641 54784
23.6265 1529089 54784
23.627 1530537 54784
23.6275 1531985 54784
23.6282 1533433 54784
23.6287 1534881 54784
23.6289 1536329 54784
23.6291 1537777 54784
23.6296 1539225 54784
23.6301 1540673 54784
23.7188 1542121 56320
23.7193 1543569 56320
23.7197 1545017 56320
23.72 1546465 56320
23.7202 1547913 56320
23.7205 1549361 56320
23.7209 1550809 56320
23.7214 1552257 56320
23.7219 1553705 56320
23.7226 1555153 56320
23.7231 1556601 56320
23.7236 1558049 56320
23.7238 1559497 56320
23.7241 1560945 56320
23.7243 1562393 56320
23.7248 1563841 56320
23.7253 1565289 56320
23.7255 1566737 56320
23.726 1568185 56320
23.7265 1569633 56320
23.7267 1571081 56320
23.7269 1572529 56320
23.7272 1573977 56320
23.7274 1575425 56320
23.7277 1576873 56320
23.7279 1578321 56320
23.7282 1579769 56320
23.7284 1581217 56320
23.7286 1582665 56320
23.7289 1584113 56320
23.7294 1585561 56320
23.7298 1587009 56320
23.7303 1588457 56320
23.731 1589905 56320
23.7315 1591353 56320
23.7318 1592801 56320
23.732 1594249 56320
23.7325 1595697 56320
23.733 1597145 56320
23.8226 1598593 56320
23.8231 1600041 56320
23.8236 1601489 56320
23.8238 1602937 56320
23.824 1604385 56320
23.8243 1605833 56320
23.8248 1607281 56320
23.8252 1608729 56320
23.826 1610177 56320
23.8264 1611625 56320
23.8269 1613073 56320
23.8272 1614521 56320
23.8274 1615969 56320
23.8276 1617417 56320
23.8281 1618865 56320
23.8286 1620313 56320
23.8288 1621761 56320
23.8293 1623209 56320
23.8298 1624657 56320
23.83 1626105 56320
23.8303 1627553 56320
23.8305 1629001 56320
23.8308 1630449 56320
23.831 1631897 56320
23.8312 1633345 56320
23.8315 1634793 56320
23.8317 1636241 56320
23.832 1637689 56320
23.8322 1639137 56320
23.8327 1640585 56320
23.8332 1642033 56320
23.8337 1643481 56320
23.8344 1644929 56320
23.8349 1646377 56320
23.8351 1647825 56320
23.8353 1649273 56320
23.8358 1650721 56320
23.8363 1652169 56320
23.9267 1653617 56320
23.9271 1655065 56320
23.9276 1656513 56320
23.9281 1657961 56320
23.9283 1659409 56320
23.9286 1660857 56320
23.9288 1662305 56320
23.9293 1663753 56320
23.93 1665201 56320
23.9305 1666649 56320
23.931 1668097 56320
23.9315 1669545 56320
23.9317 1670993 56320
23.9319 1672441 56320
23.9322 1673889 56320
23.9327 1675337 56320
23.9331 1676785 56320
23.9334 1678233 56320
23.9339 1679681 56320
23.9343 1681129 56320
23.9346 1682577 56320
23.9348 1684025 56320
23.9351 1685473 56320
23.9353 1686921 56320
23.9355 1688369 56320
23.9358 1689817 56320
23.936 1691265 56320
23.9363 1692713 56320
23.9365 1694161 56320
23.9367 1695609 56320
23.9372 1697057 56320
23.9377 1698505 56320
23.9384 1699953 56320
23.9389 1701401 56320
23.9394 1702849 56320
23.9399 1704297 56320
23.9401 1705745 56320
23.9406 1707193 56320
24.0314 1708641 57856
24.0319 1710089 57856
24.0322 1711537 57856
24.0326 1712985 57856
24.0331 1714433 57856
24.0334 1715881 57856
24.0336 1717329 57856
24.0338 1718777 57856
24.0343 1720225 57856
24.035 1721673 57856
24.0355 1723121 57856
24.0362 1724569 57856
24.0367 1726017 57856
24.037 1727465 57856
24.0372 1728913 57856
24.0374 1730361 57856
24.0379 1731809 57856
24.0384 1733257 57856
24.0386 1734705 57856
24.0391 1736153 57856
24.0396 1737601 57856
24.0398 1739049 57856
24.0401 1740497 57856
24.0403 1741945 57856
24.0406 1743393 57856
24.0408 1744841 57856
24.041 1746289 57856
24.0413 1747737 57856
24.0415 1749185 57856
24.0418 1750633 57856
24.042 1752081 57856
24.0425 1753529 57856
24.043 1754977 57856
24.0437 1756425 57856
24.0442 1757873 57856
24.0447 1759321 57856
24.0451 1760769 57856
24.0456 1762217 57856
24.0459 1763665 57856
24.1372 1765113 57856
24.1377 1766561 57856
24.1381 1768009 57856
24.1386 1769457 57856
24.1391 1770905 57856
24.1393 1772353 57856
24.1396 1773801 57856
24.1398 1775249 57856
24.1403 1776697 57856
24.1408 1778145 57856
24.1415 1779593 57856
24.142 1781041 57856
24.1427 1782489 57856
24.1432 1783937 57856
24.1434 1785385 57856
24.1437 1786833 57856
24.1439 1788281 57856
24.1444 1789729 57856
24.1449 1791177 57856
24.1451 1792625 57856
24.1456 1794073 57856
24.1461 1795521 57856
24.1463 1796969 57856
24.1465 1798417 57856
24.1468 1799865 57856
24.147 1801313 57856
24.1473 1802761 57856
24.1475 1804209 57856
24.1477 1805657 57856
24.148 1807105 57856
24.1482 1808553 57856
24.1485 1810001 57856
24.149 1811449 57856
24.1494 1812897 57856
24.1502 1814345 57856
24.1506 1815793 57856
24.1511 1817241 57856
24.1516 1818689 57856
24.1521 1820137 57856
24.1526 1821585 57856
24.2448 1823033 57856
24.2453 1824481 57856
24.2458 1825929 57856
24.2463 1827377 57856
24.2468 1828825 57856
24.247 1830273 57856
24.2472 1831721 57856
24.2475 1833169 57856
24.248 1834617 57856
24.2484 1836065 57856
24.2492 1837513 57856
24.2496 1838961 57856
24.2504 1840409 57856
24.2508 1841857 57856
24.2511 1843305 57856
24.2513 1844753 57856
24.2516 1846201 57856
24.252 1847649 57856
24.2525 1849097 57856
24.2528 1850545 57856
24.2532 1851993 57856
24.2537 1853441 57856
24.254 1854889 57856
24.2542 1856337 57856
24.2545 1857785 57856
24.2547 1859233 57856
24.2549 1860681 57856
24.2552 1862129 57856
24.2554 1863577 57856
24.2557 1865025 57856
24.2559 1866473 57856
24.2561 1867921 57856
24.2566 1869369 57856
24.2571 1870817 57856
24.2578 1872265 57856
24.2583 1873713 57856
24.2588 1875161 57856
24.2593 1876609 57856
24.2597 1878057 57856
24.2602 1879505 57856
24.353 1880953 57856
24.3535 1882401 57856
24.3542 1883849 57856
24.3547 1885297 57856
24.3549 1886745 57856
24.3551 1888193 57856
24.3554 1889641 57856
24.3559 1891089 57856
24.3563 1892537 57856
24.3568 1893985 57856
24.3575 1895433 57856
24.358 1896881 57856
24.3587 1898329 57856
24.359 1899777 57856
24.3592 1901225 57856
24.3595 1902673 57856
24.36 1904121 57856
24.3604 1905569 57856
24.3607 1907017 57856
24.3612 1908465 57856
24.3616 1909913 57856
24.3619 1911361 57856
24.3621 1912809 57856
24.3624 1914257 57856
24.3626 1915705 57856
24.3628 1917153 57856
24.3631 1918601 57856
24.3633 1920049 57856
24.3636 1921497 57856
24.3638 1922945 57856
24.364 1924393 57856
24.3645 1925841 57856
24.365 1927289 57856
24.3655 1928737 57856
24.3662 1930185 57856
24.3667 1931633 57856
24.3672 1933081 57856
24.3676 1934529 57856
24.3681 1935977 57856
24.3686 1937425 57856
24.4623 1938873 57856
24.4628 1940321 57856
24.4635 1941769 57856
24.464 1943217 57856
24.4643 1944665 57856
24.4645 1946113 57856
24.4647 1947561 57856
24.4652 1949009 57856
24.4657 1950457 57856
24.4662 1951905 57856
24.4669 1953353 57856
24.4674 1954801 57856
24.4681 1956249 57856
24.4683 1957697 57856
24.4686 1959145 57856
24.4688 1960593 57856
24.4693 1962041 57856
24.4698 1963489 57856
24.47 1964937 57856
24.4705 1966385 57856
24.471 1967833 57856
24.4712 1969281 57856
24.4715 1970729 57856
24.4717 1972177 57856
24.4719 1973625 57856
24.4722 1975073 57856
24.4724 1976521 57856
24.4727 1977969 57856
24.4729 1979417 57856
24.4731 1980865 57856
24.4734 1982313 57856
24.4739 1983761 57856
24.4743 1985209 57856
24.4748 1986657 57856
24.4755 1988105 57856
24.476 1989553 57856
24.4765 1991001 57856
24.477 1992449 57856
24.4775 1993897 57856
24.4779 1995345 57856
24.5722 1996793 57856
24.5726 1998241 57856
24.5734 1999689 57856
24.5738 2001137 57856
24.5741 2002585 57856
24.5743 2004033 57856
24.5746 2005481 57856
24.575 2006929 57856
24.5755 2008377 57856
24.576 2009825 57856
24.5767 2011273 57856
24.5772 2012721 57856
24.5779 2014169 57856
24.5784 2015617 57856
24.5786 2017065 57856
24.5789 2018513 57856
24.5794 2019961 57856
24.5798 2021409 57856
24.5801 2022857 57856
24.5806 2024305 57856
24.581 2025753 57856
24.5813 2027201 57856
24.5815 2028649 57856
24.5818 2030097 57856
24.582 2031545 57856
24.5822 2032993 57856
24.5825 2034441 57856
24.5827 2035889 57856
24.583 2037337 57856
24.5832 2038785 57856
24.5834 2040233 57856
24.5839 2041681 57856
24.5844 2043129 57856
24.5849 2044577 57856
24.5856 2046025 57856
24.5861 2047473 57856
24.5866 2048921 57856
24.5871 2050369 57856
24.5875 2051817 57856
24.588 2053265 57856
24.6832 2054713 57856
24.6837 2056161 57856
24.6844 2057609 57856
24.6849 2059057 57856
24.6851 2060505 57856
24.6853 2061953 57856
24.6856 2063401 57856
24.6861 2064849 57856
24.6865 2066297 57856
24.687 2067745 57856
24.6877 2069193 57856
24.6882 2070641 57856
24.6889 2072089 57856
24.6892 2073537 57856
24.6894 2074985 57856
24.6899 2076433 57856
24.6904 2077881 57856
24.6906 2079329 57856
24.6911 2080777 57856
24.6916 2082225 57856
24.6918 2083673 57856
24.6921 2085121 57856
24.6923 2086569 57856
24.6926 2088017 57856
24.6928 2089465 57856
24.693 2090913 57856
24.6933 2092361 57856
24.6935 2093809 57856
24.6938 2095257 57856
24.694 2096705 57856
24.6945 2098153 57856
24.695 2099601 57856
24.6954 2101049 57856
24.6959 2102497 57856
24.6966 2103945 57856
24.6971 2105393 57856
24.6976 2106841 57856
24.6981 2108289 57856
24.6986 2109737 57856
24.699 2111185 57856
24.7947 2112633 57856
24.7952 2114081 57856
24.7959 2115529 57856
24.7961 2116977 57856
24.7964 2118425 57856
24.7966 2119873 57856
24.7971 2121321 57856
24.7976 2122769 57856
24.7981 2124217 57856
24.7985 2125665 57856
24.7993 2127113 57856
24.7997 2128561 57856
24.8002 2130009 57856
24.8005 2131457 57856
24.8009 2132905 57856
24.8014 2134353 57856
24.8017 2135801 57856
24.8021 2137249 57856
24.8026 2138697 57856
24.8029 2140145 57856
24.8031 2141593 57856
24.8033 2143041 57856
24.8036 2144489 57856
24.8038 2145937 57856
24.8041 2147385 57856
24.8043 2148833 57856
24.8045 2150281 57856
24.8048 2151729 57856
24.805 2153177 57856
24.8055 2154625 57856
24.806 2156073 57856
24.8065 2157521 57856
24.8069 2158969 57856
24.8074 2160417 57856
24.8081 2161865 57856
24.8086 2163313 57856
24.8091 2164761 57856
24.8096 2166209 57856
24.8101 2167657 57856
24.8106 2169105 57856
24.9069 2170553 57856
24.9074 2172001 57856
24.9079 2173449 57856
24.9081 2174897 57856
24.9084 2176345 57856
24.9088 2177793 57856
24.9093 2179241 57856
24.9098 2180689 57856
24.9103 2182137 57856
24.9108 2183585 57856
24.9115 2185033 57856
24.912 2186481 57856
24.9122 2187929 57856
24.9127 2189377 57856
24.9132 2190825 57856
24.9134 2192273 57856
24.9139 2193721 57856
24.9144 2195169 57856
24.9146 2196617 57856
24.9149 2198065 57856
24.9151 2199513 57856
24.9153 2200961 57856
24.9156 2202409 57856
24.9158 2203857 57856
24.9161 2205305 57856
24.9163 2206753 57856
24.9165 2208201 57856
24.9168 2209649 57856
24.9173 2211097 57856
24.9177 2212545 57856
24.9182 2213993 57856
24.9187 2215441 57856
24.9192 2216889 57856
24.9197 2218337 57856
24.9204 2219785 57856
24.9209 2221233 57856
24.9213 2222681 57856
24.9218 2224129 57856
24.9223 2225577 57856
24.9228 2227025 57856
25.0199 2228473 57856
25.0204 2229921 57856
25.0206 2231369 57856
25.0208 2232817 57856
25.0213 2234265 57856
25.0218 2235713 57856
25.0223 2237161 57856
25.0228 2238609 57856
25.0232 2240057 57856
25.0237 2241505 57856
25.0244 2242953 57856
25.0247 2244401 57856
25.0252 2245849 57856
25.0256 2247297 57856
25.0259 2248745 57856
25.0264 2250193 57856
25.0268 2251641 57856
25.0271 2253089 57856
25.0273 2254537 57856
25.0276 2255985 57856
25.0278 2257433 57856
25.028 2258881 57856
25.0283 2260329 57856
25.0285 2261777 57856
25.0288 2263225 57856
25.029 2264673 57856
25.0292 2266121 57856
25.0297 2267569 57856
25.0302 2269017 57856
25.0307 2270465 57856
25.0312 2271913 57856
25.0316 2273361 57856
25.0321 2274809 57856
25.0326 2276257 57856
25.0333 2277705 57856
25.0338 2279153 57856
25.0343 2280601 57856
25.0348 2282049 57856
25.0353 2283497 57856
25.0357 2284945 57856
25.1331 2286393 57856
25.1333 2287841 57856
25.1335 2289289 57856
25.134 2290737 57856
25.1345 2292185 57856
25.135 2293633 57856
25.1355 2295081 57856
25.1359 2296529 57856
25.1364 2297977 57856
25.1369 2299425 57856
25.1374 2300873 57856
25.1379 2302321 57856
25.1383 2303769 57856
25.1386 2305217 57856
25.1391 2306665 57856
25.1395 2308113 57856
25.1398 2309561 57856
25.14 2311009 57856
25.1403 2312457 57856
25.1405 2313905 57856
25.1408 2315353 57856
25.141 2316801 57856
25.1412 2318249 57856
25.1415 2319697 57856
25.1417 2321145 57856
25.142 2322593 57856
25.1424 2324041 57856
25.1429 2325489 57856
25.1434 2326937 57856
25.1439 2328385 57856
25.1444 2329833 57856
25.1448 2331281 57856
25.1453 2332729 57856
25.1458 2334177 57856
25.1465 2335625 57856
25.147 2337073 57856
25.1475 2338521 57856
25.148 2339969 57856
25.1484 2341417 57856
25.1489 2342865 57856
25.2467 2344313 57856
25.247 2345761 57856
25.2475 2347209 57856
25.2479 2348657 57856
25.2484 2350105 57856
25.2489 2351553 57856
25.2494 2353001 57856
25.2499 2354449 57856
25.2503 2355897 57856
25.2508 2357345 57856
25.2513 2358793 57856
25.2518 2360241 57856
25.252 2361689 57856
25.2525 2363137 57856
25.253 2364585 57856
25.2532 2366033 57856
25.2535 2367481 57856
25.2537 2368929 57856
25.2539 2370377 57856
25.2542 2371825 57856
25.2544 2373273 57856
25.2547 2374721 57856
25.2549 2376169 57856
25.2551 2377617 57856
25.2554 2379065 57856
25.2559 2380513 57856
25.2563 2381961 57856
25.2568 2383409 57856
25.2573 2384857 57856
25.2578 2386305 57856
25.2583 2387753 57856
25.2587 2389201 57856
25.2592 2390649 57856
25.2597 2392097 57856
25.2604 2393545 57856
25.2609 2394993 57856
25.2614 2396441 57856
25.2619 2397889 57856
25.2624 2399337 57856
25.2628 2400785 57856
25.3611 2402233 57856
25.3616 2403681 57856
25.3621 2405129 57856
25.3626 2406577 57856
25.363 2408025 57856
25.3635 2409473 57856
25.364 2410921 57856
25.3645 2412369 57856
25.365 2413817 57856
25.3655 2415265 57856
25.3659 2416713 57856
25.3662 2418161 57856
25.3667 2419609 57856
25.3671 2421057 57856
25.3674 2422505 57856
25.3676 2423953 57856
25.3679 2425401 57856
25.3681 2426849 57856
25.3683 2428297 57856
25.3686 2429745 57856
25.3688 2431193 57856
25.3691 2432641 57856
25.3693 2434089 57856
25.3695 2435537 57856
25.37 2436985 57856
25.3705 2438433 57856
25.371 2439881 57856
25.3715 2441329 57856
25.3719 2442777 57856
25.3724 2444225 57856
25.3729 2445673 57856
25.3734 2447121 57856
25.3739 2448569 57856
25.3743 2450017 57856
25.3751 2451465 57856
25.3755 2452913 57856
25.376 2454361 57856
25.3765 2455809 57856
25.377 2457257 57856
25.3775 2458705 57856
25.4765 2460153 57856
25.477 2461601 57856
25.4774 2463049 57856
25.4779 2464497 57856
25.4784 2465945 57856
25.4789 2467393 57856
25.4794 2468841 57856
25.4798 2470289 57856
25.4803 2471737 57856
25.4808 2473185 57856
25.481 2474633 57856
25.4815 2476081 57856
25.482 2477529 57856
25.4822 2478977 57856
25.4825 2480425 57856
25.4827 2481873 57856
25.483 2483321 57856
25.4832 2484769 57856
25.4834 2486217 57856
25.4837 2487665 57856
25.4839 2489113 57856
25.4842 2490561 57856
25.4844 2492009 57856
25.4849 2493457 57856
25.4854 2494905 57856
25.4859 2496353 57856
25.4863 2497801 57856
25.4868 2499249 57856
25.4873 2500697 57856
25.4878 2502145 57856
25.4883 2503593 57856
25.4887 2505041 57856
25.4892 2506489 57856
25.4897 2507937 57856
25.4904 2509385 57856
25.4909 2510833 57856
25.4914 2512281 57856
25.4919 2513729 57856
25.4923 2515177 57856
25.4928 2516625 57856
25.5918 2518073 57856
25.5923 2519521 57856
25.5928 2520969 57856
25.5933 2522417 57856
25.5938 2523865 57856
25.5942 2525313 57856
25.5947 2526761 57856
25.5952 2528209 57856
25.5957 2529657 57856
25.5959 2531105 57856
25.5964 2532553 57856
25.5969 2534001 57856
25.5971 2535449 57856
25.5974 2536897 57856
25.5976 2538345 57856
25.5978 2539793 57856
25.5981 2541241 57856
25.5983 2542689 57856
25.5986 2544137 57856
25.5988 2545585 57856
25.599 2547033 57856
25.5993 2548481 57856
25.5998 2549929 57856
25.6002 2551377 57856
25.6007 2552825 57856
25.6012 2554273 57856
25.6017 2555721 57856
25.6022 2557169 57856
25.6026 2558617 57856
25.6031 2560065 57856
25.6036 2561513 57856
25.6041 2562961 57856
25.6046 2564409 57856
25.605 2565857 57856
25.6058 2567305 57856
25.6063 2568753 57856
25.6067 2570201 57856
25.6072 2571649 57856
25.6077 2573097 57856
25.6082 2574545 57856
25.7077 2575993 57856
25.7081 2577441 57856
25.7086 2578889 57856
25.7091 2580337 57856
25.7096 2581785 57856
25.7101 2583233 57856
25.7105 2584681 57856
25.711 2586129 57856
25.7115 2587577 57856
25.7118 2589025 57856
25.7122 2590473 57856
25.7127 2591921 57856
25.713 2593369 57856
25.7132 2594817 57856
25.7134 2596265 57856
25.7137 2597713 57856
25.7139 2599161 57856
25.7142 2600609 57856
25.7144 2602057 57856
25.7146 2603505 57856
25.7149 2604953 57856
25.7151 2606401 57856
25.7156 2607849 57856
25.7161 2609297 57856
25.7166 2610745 57856
25.717 2612193 57856
25.7175 2613641 57856
25.718 2615089 57856
25.7185 2616537 57856
25.719 2617985 57856
25.7194 2619433 57856
25.7199 2620881 57856
25.7204 2622329 57856
25.7209 2623777 57856
25.7216 2625225 57856
25.7221 2626673 57856
25.7226 2628121 57856
25.723 2629569 57856
25.7235 2631017 57856
25.724 2632465 57856
25.824 2633913 57856
25.8245 2635361 57856
25.8249 2636809 57856
25.8254 2638257 57856
25.8259 2639705 57856
25.8264 2641153 57856
25.8269 2642601 57856
25.8273 2644049 57856
25.8278 2645497 57856
25.8281 2646945 57856
25.8285 2648393 57856
25.829 2649841 57856
25.8293 2651289 57856
25.8295 2652737 57856
25.8297 2654185 57856
25.83 2655633 57856
25.8302 2657081 57856
25.8305 2658529 57856
25.8307 2659977 57856
25.831 2661425 57856
25.8312 2662873 57856
25.8314 2664321 57856
25.8319 2665769 57856
25.8324 2667217 57856
25.8329 2668665 57856
25.8334 2670113 57856
25.8338 2671561 57856
25.8343 2673009 57856
25.8348 2674457 57856
25.8353 2675905 57856
25.8358 2677353 57856
25.8362 2678801 57856
25.8367 2680249 57856
25.8372 2681697 57856
25.8379 2683145 57856
25.8384 2684593 57856
25.8389 2686041 57856
25.8394 2687489 57856
25.8398 2688937 57856
25.8403 2690385 57856
25.9408 2691833 57856
25.9413 2693281 57856
25.9417 2694729 57856
25.9422 2696177 57856
25.9427 2697625 57856
25.9432 2699073 57856
25.9437 2700521 57856
25.9441 2701969 57856
25.9444 2703417 57856
25.9449 2704865 57856
25.9453 2706313 57856
25.9456 2707761 57856
25.9458 2709209 57856
25.9461 2710657 57856
25.9463 2712105 57856
25.9465 2713553 57856
25.9468 2715001 57856
25.947 2716449 57856
25.9473 2717897 57856
25.9475 2719345 57856
25.9477 2720793 57856
25.9482 2722241 57856
25.9487 2723689 57856
25.9492 2725137 57856
25.9497 2726585 57856
25.9501 2728033 57856
25.9506 2729481 57856
25.9511 2730929 57856
25.9516 2732377 57856
25.9521 2733825 57856
25.9526 2735273 57856
25.953 2736721 57856
25.9535 2738169 57856
25.954 2739617 57856
25.9547 2741065 57856
25.9552 2742513 57856
25.9557 2743961 57856
25.9562 2745409 57856
25.9566 2746857 57856
25.9571 2748305 57856
26.0578 2749753 57856
26.0583 2751201 57856
26.0588 2752649 57856
26.0593 2754097 57856
26.0597 2755545 57856
26.0602 2756993 57856
26.0607 2758441 57856
26.0612 2759889 57856
26.0614 2761337 57856
26.0619 2762785 57856
26.0624 2764233 57856
26.0626 2765681 57856
26.0629 2767129 57856
26.0631 2768577 57856
26.0633 2770025 57856
26.0636 2771473 57856
26.0638 2772921 57856
26.0641 2774369 57856
26.0643 2775817 57856
26.0645 2777265 57856
26.0648 2778713 57856
26.0653 2780161 57856
26.0657 2781609 57856
26.0662 2783057 57856
26.0667 2784505 57856
26.0672 2785953 57856
26.0677 2787401 57856
26.0681 2788849 57856
26.0686 2790297 57856
26.0691 2791745 57856
26.0696 2793193 57856
26.0701 2794641 57856
26.0705 2796089 57856
26.071 2797537 57856
26.0718 2798985 57856
26.0722 2800433 57856
26.0727 2801881 57856
26.0732 2803329 57856
26.0737 2804777 57856
26.0742 2806225 57856
26.1751 2807673 57856
26.1756 2809121 57856
26.176 2810569 57856
26.1765 2812017 57856
26.177 2813465 57856
26.1775 2814913 57856
26.178 2816361 57856
26.1782 2817809 57856
26.1787 2819257 57856
26.1792 2820705 57856
26.1794 2822153 57856
26.1797 2823601 57856
26.1799 2825049 57856
26.1801 2826497 57856
26.1804 2827945 57856
26.1806 2829393 57856
26.1809 2830841 57856
26.1811 2832289 57856
26.1813 2833737 57856
26.1816 2835185 57856
26.1821 2836633 57856
26.1825 2838081 57856
26.183 2839529 57856
26.1835 2840977 57856
26.184 2842425 57856
26.1845 2843873 57856
26.1849 2845321 57856
26.1854 2846769 57856
26.1859 2848217 57856
26.1864 2849665 57856
26.1869 2851113 57856
26.1873 2852561 57856
26.1878 2854009 57856
26.1883 2855457 57856
26.189 2856905 57856
26.1895 2858353 57856
26.19 2859801 57856
26.1905 2861249 57856
26.1909 2862697 57856
26.1914 2864145 57856
26.2926 2865593 57856
26.2931 2867041 57856
26.2936 2868489 57856
26.294 2869937 57856
26.2945 2871385 57856
26.295 2872833 57856
26.2955 2874281 57856
26.2957 2875729 57856
26.2962 2877177 57856
26.2967 2878625 57856
26.2969 2880073 57856
26.2972 2881521 57856
26.2974 2882969 57856
26.2977 2884417 57856
26.2979 2885865 57856
26.2981 2887313 57856
26.2984 2888761 57856
26.2986 2890209 57856
26.2989 2891657 57856
26.2991 2893105 57856
26.2996 2894553 57856
26.3001 2896001 57856
26.3005 2897449 57856
26.301 2898897 57856
26.3015 2900345 57856
26.302 2901793 57856
26.3025 2903241 57856
26.3029 2904689 57856
26.3034 2906137 57856
26.3039 2907585 57856
26.3044 2909033 57856
26.3049 2910481 57856
26.3053 2911929 57856
26.3058 2913377 57856
26.3065 2914825 57856
26.307 2916273 57856
26.3075 2917721 57856
26.308 2919169 57856
26.3085 2920617 57856
26.3089 2922065 57856
26.4104 2923513 57856
26.4108 2924961 57856
26.4113 2926409 57856
26.4118 2927857 57856
26.4123 2929305 57856
26.4128 2930753 57856
26.413 2932201 57856
26.4135 2933649 57856
26.414 2935097 57856
26.4142 2936545 57856
26.4144 2937993 57856
26.4147 2939441 57856
26.4149 2940889 57856
26.4152 2942337 57856
26.4154 2943785 57856
26.4156 2945233 57856
26.4159 2946681 57856
26.4161 2948129 57856
26.4164 2949577 57856
26.4169 2951025 57856
26.4173 2952473 57856
26.4178 2953921 57856
26.4183 2955369 57856
26.4188 2956817 57856
26.4193 2958265 57856
26.4197 2959713 57856
26.4202 2961161 57856
26.4207 2962609 57856
26.4212 2964057 57856
26.4217 2965505 57856
26.4221 2966953 57856
26.4226 2968401 57856
26.4231 2969849 57856
26.4236 2971297 57856
26.4243 2972745 57856
26.4248 2974193 57856
26.4253 2975641 57856
26.4257 2977089 57856
26.4262 2978537 57856
26.4267 2979985 57856
26.5284 2981433 57856
26.5288 2982881 57856
26.5293 2984329 57856
26.5298 2985777 57856
26.5303 2987225 57856
26.5308 2988673 57856
26.531 2990121 57856
26.5315 2991569 57856
26.532 2993017 57856
26.5322 2994465 57856
26.5324 2995913 57856
26.5327 2997361 57856
26.5329 2998809 57856
26.5332 3000257 57856
26.5334 3001705 57856
26.5336 3003153 57856
26.5339 3004601 57856
26.5341 3006049 57856
26.5344 3007497 57856
26.5348 3008945 57856
26.5353 3010393 57856
26.5358 3011841 57856
26.5363 3013289 57856
26.5368 3014737 57856
26.5373 3016185 57856
26.5377 3017633 57856
26.5382 3019081 57856
26.5387 3020529 57856
26.5392 3021977 57856
26.5397 3023425 57856
26.5401 3024873 57856
26.5406 3026321 57856
26.5411 3027769 57856
26.5416 3029217 57856
26.5423 3030665 57856
26.5428 3032113 57856
26.5433 3033561 57856
26.5437 3035009 57856
26.5442 3036457 57856
26.5447 3037905 57856
26.6466 3039353 57856
26.6471 3040801 57856
26.6476 3042249 57856
26.648 3043697 57856
26.6485 3045145 57856
26.6488 3046593 57856
26.6492 3048041 57856
26.6497 3049489 57856
26.65 3050937 57856
26.6502 3052385 57856
26.6504 3053833 57856
26.6507 3055281 57856
26.6509 3056729 57856
26.6512 3058177 57856
26.6514 3059625 57856
26.6516 3061073 57856
26.6519 3062521 57856
26.6521 3063969 57856
26.6526 3065417 57856
26.6531 3066865 57856
26.6536 3068313 57856
26.654 3069761 57856
26.6545 3071209 57856
26.655 3072657 57856
26.6555 3074105 57856
26.656 3075553 57856
26.6564 3077001 57856
26.6569 3078449 57856
26.6574 3079897 57856
26.6579 3081345 57856
26.6584 3082793 57856
26.6589 3084241 57856
26.6593 3085689 57856
26.6598 3087137 57856
26.6605 3088585 57856
26.661 3090033 57856
26.6615 3091481 57856
26.662 3092929 57856
26.6625 3094377 57856
26.6629 3095825 57856
26.7651 3097273 58880
26.7656 3098721 58880
26.766 3100169 58880
26.7663 3101617 58880
26.7668 3103065 58880
26.7672 3104513 58880
26.7675 3105961 58880
26.768 3107409 58880
26.7684 3108857 58880
26.7687 3110305 58880
26.7689 3111753 58880
26.7692 3113201 58880
26.7694 3114649 58880
26.7696 3116097 58880
26.7699 3117545 58880
26.7701 3118993 58880
26.7704 3120441 58880
26.7706 3121889 58880
26.7708 3123337 58880
26.7713 3124785 58880
26.7718 3126233 58880
26.7723 3127681 58880
26.7728 3129129 58880
26.7732 3130577 58880
26.7737 3132025 58880
26.7742 3133473 58880
26.7747 3134921 58880
26.7752 3136369 58880
26.7756 3137817 58880
26.7761 3139265 58880
26.7766 3140713 58880
26.7771 3142161 58880
26.7776 3143609 58880
26.7781 3145057 58880
26.7785 3146505 58880
26.7793 3147953 58880
26.7797 3149401 58880
26.7802 3150849 58880
26.7807 3152297 58880
26.7812 3153745 58880
26.7817 3155193 58880
26.884 3156641 58880
26.8845 3158089 58880
26.8848 3159537 58880
26.8852 3160985 58880
26.8857 3162433 58880
26.886 3163881 58880
26.8864 3165329 58880
26.8869 3166777 58880
26.8872 3168225 58880
26.8874 3169673 58880
26.8876 3171121 58880
26.8879 3172569 58880
26.8881 3174017 58880
26.8884 3175465 58880
26.8886 3176913 58880
26.8888 3178361 58880
26.8891 3179809 58880
26.8893 3181257 58880
26.8898 3182705 58880
26.8903 3184153 58880
26.8908 3185601 58880
26.8912 3187049 58880
26.8917 3188497 58880
26.8922 3189945 58880
26.8927 3191393 58880
26.8932 3192841 58880
26.8936 3194289 58880
26.8941 3195737 58880
26.8946 3197185 58880
26.8951 3198633 58880
26.8956 3200081 58880
26.896 3201529 58880
26.8965 3202977 58880
26.897 3204425 58880
26.8977 3205873 58880
26.8982 3207321 58880
26.8987 3208769 58880
26.8992 3210217 58880
26.8997 3211665 58880
26.9001 3213113 58880
27.0025 3214561 58880
27.003 3216009 58880
27.0035 3217457 58880
27.0037 3218905 58880
27.0042 3220353 58880
27.0047 3221801 58880
27.0049 3223249 58880
27.0054 3224697 58880
27.0059 3226145 58880
27.0061 3227593 58880
27.0064 3229041 58880
27.0066 3230489 58880
27.0068 3231937 58880
27.0071 3233385 58880
27.0073 3234833 58880
27.0076 3236281 58880
27.0078 3237729 58880
27.008 3239177 58880
27.0083 3240625 58880
27.0088 3242073 58880
27.0092 3243521 58880
27.0097 3244969 58880
27.0102 3246417 58880
27.0107 3247865 58880
27.0112 3249313 58880
27.0116 3250761 58880
27.0121 3252209 58880
27.0126 3253657 58880
27.0131 3255105 58880
27.0136 3256553 58880
27.014 3258001 58880
27.0145 3259449 58880
27.015 3260897 58880
27.0155 3262345 58880
27.0162 3263793 58880
27.0167 3265241 58880
27.0172 3266689 58880
27.0177 3268137 58880
27.0181 3269585 58880
27.0186 3271033 58880
27.1212 3272481 60416
27.1217 3273929 60416
27.1219 3275377 60416
27.1224 3276825 60416
27.1229 3278273 60416
27.1232 3279721 60416
27.1236 3281169 60416
27.1241 3282617 60416
27.1244 3284065 60416
27.1248 3285513 60416
27.1253 3286961 60416
27.1256 3288409 60416
27.1258 3289857 60416
27.126 3291305 60416
27.1263 3292753 60416
27.1265 3294201 60416
27.1268 3295649 60416
27.127 3297097 60416
27.1272 3298545 60416
27.1275 3299993 60416
27.1277 3301441 60416
27.1282 3302889 60416
27.1287 3304337 60416
27.1292 3305785 60416
27.1296 3307233 60416
27.1301 3308681 60416
27.1306 3310129 60416
27.1311 3311577 60416
27.1316 3313025 60416
27.132 3314473 60416
27.1325 3315921 60416
27.133 3317369 60416
27.1335 3318817 60416
27.134 3320265 60416
27.1344 3321713 60416
27.1352 3323161 60416
27.1356 3324609 60416
27.1361 3326057 60416
27.1366 3327505 60416
27.1371 3328953 60416
27.1376 3330401 60416
27.2402 3331849 60416
27.2407 3333297 60416
27.2409 3334745 60416
27.2414 3336193 60416
27.2419 3337641 60416
27.2421 3339089 60416
27.2426 3340537 60416
27.2431 3341985 60416
27.2433 3343433 60416
27.2438 3344881 60416
27.2443 3346329 60416
27.2445 3347777 60416
27.2448 3349225 60416
27.245 3350673 60416
27.2452 3352121 60416
27.2455 3353569 60416
27.2457 3355017 60416
27.246 3356465 60416
27.2462 3357913 60416
27.2464 3359361 60416
27.2467 3360809 60416
27.2472 3362257 60416
27.2476 3363705 60416
27.2481 3365153 60416
27.2486 3366601 60416
27.2491 3368049 60416
27.2496 3369497 60416
27.25 3370945 60416
27.2505 3372393 60416
27.251 3373841 60416
27.2515 3375289 60416
27.252 3376737 60416
27.2524 3378185 60416
27.2529 3379633 60416
27.2534 3381081 60416
27.2539 3382529 60416
27.2546 3383977 60416
27.2551 3385425 60416
27.2556 3386873 60416
27.256 3388321 60416
27.2565 3389769 60416
27.257 3391217 60416
27.3596 3392665 61952
27.3599 3394113 61952
27.3603 3395561 61952
27.3608 3397009 61952
27.3611 3398457 61952
27.3613 3399905 61952
27.3618 3401353 61952
27.3623 3402801 61952
27.3625 3404249 61952
27.363 3405697 61952
27.3635 3407145 61952
27.3637 3408593 61952
27.364 3410041 61952
27.3642 3411489 61952
27.3644 3412937 61952
27.3647 3414385 61952
27.3649 3415833 61952
27.3652 3417281 61952
27.3654 3418729 61952
27.3656 3420177 61952
27.3659 3421625 61952
27.3664 3423073 61952
27.3668 3424521 61952
27.3673 3425969 61952
27.3678 3427417 61952
27.3683 3428865 61952
27.3688 3430313 61952
27.3692 3431761 61952
27.3697 3433209 61952
27.3702 3434657 61952
27.3707 3436105 61952
27.3712 3437553 61952
27.3716 3439001 61952
27.3721 3440449 61952
27.3726 3441897 61952
27.3731 3443345 61952
27.3736 3444793 61952
27.3743 3446241 61952
27.3748 3447689 61952
27.3752 3449137 61952
27.3757 3450585 61952
27.3762 3452033 61952
27.3767 3453481 61952
27.4793 3454929 61952
27.4798 3456377 61952
27.4803 3457825 61952
27.4805 3459273 61952
27.4807 3460721 61952
27.4812 3462169 61952
27.4817 3463617 61952
27.4819 3465065 61952
27.4824 3466513 61952
27.4829 3467961 61952
27.4832 3469409 61952
27.4834 3470857 61952
27.4836 3472305 61952
27.4839 3473753 61952
27.4841 3475201 61952
27.4844 3476649 61952
27.4846 3478097 61952
27.4848 3479545 61952
27.4851 3480993 61952
27.4853 3482441 61952
27.4858 3483889 61952
27.4863 3485337 61952
27.4868 3486785 61952
27.4872 3488233 61952
27.4877 3489681 61952
27.4882 3491129 61952
27.4887 3492577 61952
27.4892 3494025 61952
27.4896 3495473 61952
27.4901 3496921 61952
27.4906 3498369 61952
27.4911 3499817 61952
27.4916 3501265 61952
27.492 3502713 61952
27.4925 3504161 61952
27.493 3505609 61952
27.4937 3507057 61952
27.4942 3508505 61952
27.4947 3509953 61952
27.4952 3511401 61952
27.4956 3512849 61952
27.4961 3514297 61952
27.5987 3515745 63488
27.5992 3517193 63488
27.5995 3518641 63488
27.5999 3520089 63488
27.6004 3521537 63488
27.6007 3522985 63488
27.6009 3524433 63488
27.6014 3525881 63488
27.6019 3527329 63488
27.6021 3528777 63488
27.6026 3530225 63488
27.6031 3531673 63488
27.6033 3533121 63488
27.6036 3534569 63488
27.6038 3536017 63488
27.604 3537465 63488
27.6043 3538913 63488
27.6045 3540361 63488
27.6048 3541809 63488
27.605 3543257 63488
27.6052 3544705 63488
27.6055 3546153 63488
27.606 3547601 63488
27.6064 3549049 63488
27.6069 3550497 63488
27.6074 3551945 63488
27.6079 3553393 63488
27.6084 3554841 63488
27.6088 3556289 63488
27.6093 3557737 63488
27.6098 3559185 63488
27.6103 3560633 63488
27.6108 3562081 63488
27.6112 3563529 63488
27.6117 3564977 63488
27.6122 3566425 63488
27.6127 3567873 63488
27.6134 3569321 63488
27.6139 3570769 63488
27.6144 3572217 63488
27.6148 3573665 63488
27.6153 3575113 63488
27.6158 3576561 63488
27.7184 3578009 65024
27.7189 3579457 65024
27.7194 3580905 65024
27.7196 3582353 65024
27.7199 3583801 65024
27.7203 3585249 65024
27.7208 3586697 65024
27.7211 3588145 65024
27.7213 3589593 65024
27.7218 3591041 65024
27.7223 3592489 65024
27.7225 3593937 65024
27.723 3595385 65024
27.7235 3596833 65024
27.7237 3598281 65024
27.724 3599729 65024
27.7242 3601177 65024
27.7244 3602625 65024
27.7247 3604073 65024
27.7249 3605521 65024
27.7252 3606969 65024
27.7254 3608417 65024
27.7256 3609865 65024
27.7259 3611313 65024
27.7264 3612761 65024
27.7268 3614209 65024
27.7273 3615657 65024
27.7278 3617105 65024
27.7283 3618553 65024
27.7288 3620001 65024
27.7292 3621449 65024
27.7297 3622897 65024
27.7302 3624345 65024
27.7307 3625793 65024
27.7312 3627241 65024
27.7316 3628689 65024
27.7321 3630137 65024
27.7326 3631585 65024
27.7331 3633033 65024
27.7338 3634481 65024
27.7343 3635929 65024
27.7348 3637377 65024
27.7352 3638825 65024
27.7357 3640273 65024
27.7362 3641721 65024
27.8388 3643169 65024
27.8393 3644617 65024
27.8398 3646065 65024
27.84 3647513 65024
27.8403 3648961 65024
27.8407 3650409 65024
27.8412 3651857 65024
27.8415 3653305 65024
27.8417 3654753 65024
27.8422 3656201 65024
27.8427 3657649 65024
27.8429 3659097 65024
27.8434 3660545 65024
27.8439 3661993 65024
27.8441 3663441 65024
27.8444 3664889 65024
27.8446 3666337 65024
27.8448 3667785 65024
27.8451 3669233 65024
27.8453 3670681 65024
27.8456 3672129 65024
27.8458 3673577 65024
27.846 3675025 66560
27.8463 3676473 66560
27.8465 3677921 66560
27.847 3679369 66560
27.8475 3680817 66560
27.848 3682265 66560
27.8484 3683713 66560
27.8489 3685161 66560
27.8494 3686609 66560
27.8499 3688057 66560
27.8504 3689505 66560
27.8508 3690953 66560
27.8513 3692401 66560
27.8518 3693849 66560
27.8523 3695297 66560
27.8528 3696745 66560
27.8532 3698193 66560
27.854 3699641 66560
27.8544 3701089 66560
27.8549 3702537 66560
27.8554 3703985 66560
27.8559 3705433 66560
27.8564 3706881 66560
27.959 3708329 66560
27.9595 3709777 66560
27.9599 3711225 66560
27.9604 3712673 66560
27.9607 3714121 66560
27.9609 3715569 66560
27.9614 3717017 66560
27.9619 3718465 66560
27.9621 3719913 66560
27.9623 3721361 66560
27.9628 3722809 66560
27.9633 3724257 66560
27.9635 3725705 66560
27.964 3727153 66560
27.9645 3728601 66560
27.9648 3730049 66560
27.965 3731497 66560
27.9652 3732945 66560
27.9655 3734393 66560
27.9657 3735841 66560
27.966 3737289 66560
27.9662 3738737 66560
27.9664 3740185 66560
27.9667 3741633 66560
27.9669 3743081 66560
27.9672 3744529 66560
27.9676 3745977 66560
27.9681 3747425 66560
27.9686 3748873 66560
27.9691 3750321 66560
27.9696 3751769 66560
27.97 3753217 66560
27.9705 3754665 66560
27.971 3756113 66560
27.9715 3757561 66560
27.972 3759009 66560
27.9724 3760457 66560
27.9729 3761905 66560
27.9734 3763353 66560
27.9739 3764801 66560
27.9746 3766249 66560
27.9751 3767697 66560
27.9756 3769145 66560
27.976 3770593 66560
27.9765 3772041 67584
27.977 3773489 67584
27.9775 3774937 67584
28.0799 3776385 67584
28.0803 3777833 67584
28.0808 3779281 67584
28.0813 3780729 67584
28.0815 3782177 67584
28.0818 3783625 67584
28.0823 3785073 67584
28.0827 3786521 67584
28.083 3787969 67584
28.0832 3789417 67584
28.0837 3790865 67584
28.0842 3792313 67584
28.0844 3793761 67584
28.0849 3795209 67584
28.0854 3796657 67584
28.0856 3798105 67584
28.0859 3799553 67584
28.0861 3801001 67584
28.0864 3802449 67584
28.0866 3803897 67584
28.0868 3805345 67584
28.0871 3806793 67584
28.0873 3808241 67584
28.0876 3809689 67584
28.0878 3811137 67584
28.088 3812585 67584
28.0885 3814033 67584
28.089 3815481 67584
28.0895 3816929 67584
28.09 3818377 67584
28.0904 3819825 67584
28.0909 3821273 67584
28.0914 3822721 67584
28.0919 3824169 67584
28.0924 3825617 67584
28.0928 3827065 67584
28.0933 3828513 67584
28.0938 3829961 67584
28.0943 3831409 69120
28.0948 3832857 69120
28.0952 3834305 69120
28.0957 3835753 69120
28.0962 3837201 69120
28.0967 3838649 69120
28.0972 3840097 69120
28.0976 3841545 69120
28.0981 3842993 69120
28.2005 3844441 69120
28.201 3845889 69120
28.2015 3847337 69120
28.2019 3848785 69120
28.2024 3850233 69120
28.2027 3851681 69120
28.2029 3853129 69120
28.2034 3854577 69120
28.2039 3856025 70656
28.2041 3857473 70656
28.2044 3858921 70656
28.2046 3860369 70656
28.2051 3861817 70656
28.2056 3863265 70656
28.2058 3864713 70656
28.2063 3866161 70656
28.2068 3867609 70656
28.207 3869057 70656
28.2072 3870505 70656
28.2075 3871953 70656
28.2077 3873401 70656
28.208 3874849 70656
28.2082 3876297 70656
28.2084 3877745 70656
28.2087 3879193 70656
28.2089 3880641 70656
28.2092 3882089 70656
28.2094 3883537 70656
28.2099 3884985 70656
28.2104 3886433 70656
28.2108 3887881 70656
28.2113 3889329 70656
28.2118 3890777 70656
28.2123 3892225 70656
28.2128 3893673 70656
28.2132 3895121 70656
28.2137 3896569 70656
28.2142 3898017 70656
28.2147 3899465 70656
28.2152 3900913 70656
28.2156 3902361 70656
28.2161 3903809 70656
28.2166 3905257 70656
28.2171 3906705 70656
28.2176 3908153 70656
28.218 3909601 70656
28.2185 3911049 70656
28.219 3912497 70656
28.2195 3913945 70656
28.3219 3915393 72192
28.3223 3916841 72192
28.3228 3918289 72192
28.3231 3919737 72192
28.3235 3921185 72192
28.324 3922633 72192
28.3243 3924081 72192
28.3245 3925529 72192
28.325 3926977 72192
28.3255 3928425 72192
28.3257 3929873 72192
28.326 3931321 72192
28.3262 3932769 72192
28.3267 3934217 72192
28.3272 3935665 72192
28.3274 3937113 72192
28.3279 3938561 72192
28.3284 3940009 72192
28.3286 3941457 72192
28.3288 3942905 72192
28.3291 3944353 72192
28.3293 3945801 72192
28.3296 3947249 72192
28.3298 3948697 72192
28.33 3950145 72192
28.3303 3951593 72192
28.3305 3953041 72192
28.3308 3954489 72192
28.331 3955937 72192
28.3315 3957385 72192
28.332 3958833 72192
28.3324 3960281 72192
28.3329 3961729 72192
28.3334 3963177 72192
28.3339 3964625 72192
28.3344 3966073 72192
28.3348 3967521 72192
28.3353 3968969 72192
28.3358 3970417 72192
28.3363 3971865 72192
28.3368 3973313 72192
28.3372 3974761 72192
28.3377 3976209 72192
28.3382 3977657 72192
28.3387 3979105 72192
28.3392 3980553 72192
28.3397 3982001 72192
28.3401 3983449 72192
28.3406 3984897 72192
28.443 3986345 73728
28.4435 3987793 73728
28.4437 3989241 73728
28.4442 3990689 73728
28.4447 3992137 73728
28.4449 3993585 73728
28.4454 3995033 73728
28.4459 3996481 73728
28.4461 3997929 73728
28.4464 3999377 73728
28.4468 4000825 73728
28.4473 4002273 73728
28.4476 4003721 73728
28.4478 4005169 73728
28.448 4006617 73728
28.4485 4008065 73728
28.449 4009513 73728
28.4492 4010961 73728
28.4497 4012409 73728
28.4502 4013857 73728
28.4504 4015305 73728
28.4507 4016753 73728
28.4509 4018201 73728
28.4512 4019649 73728
28.4514 4021097 73728
28.4516 4022545 73728
28.4519 4023993 73728
28.4521 4025441 73728
28.4524 4026889 73728
28.4526 4028337 73728
28.4528 4029785 73728
28.4533 4031233 73728
28.4538 4032681 73728
28.4543 4034129 73728
28.4548 4035577 73728
28.4552 4037025 73728
28.4557 4038473 73728
28.4562 4039921 73728
28.4567 4041369 73728
28.4572 4042817 73728
28.4576 4044265 73728
28.4581 4045713 73728
28.4586 4047161 73728
28.4591 4048609 73728
28.4596 4050057 73728
28.4601 4051505 73728
28.4605 4052953 73728
28.461 4054401 73728
28.4615 4055849 73728
28.462 4057297 73728
28.4625 4058745 73728
28.5651 4060193 75264
28.5656 4061641 75264
28.5658 4063089 75264
28.566 4064537 75264
28.5665 4065985 75264
28.567 4067433 75264
28.5672 4068881 75264
28.5677 4070329 75264
28.5682 4071777 75264
28.5684 4073225 75264
28.5687 4074673 75264
28.5692 4076121 75264
28.5696 4077569 75264
28.5699 4079017 75264
28.5701 4080465 75264
28.5704 4081913 75264
28.5708 4083361 75264
28.5713 4084809 75264
28.5716 4086257 75264
28.572 4087705 75264
28.5725 4089153 75264
28.5728 4090601 76288
28.573 4092049 76288
28.5732 4093497 76288
28.5735 4094945 76288
28.5737 4096393 76288
28.574 4097841 76288
28.5742 4099289 76288
28.5744 4100737 76288
28.5747 4102185 76288
28.5749 4103633 76288
28.5752 4105081 76288
28.5754 4106529 76288
28.5759 4107977 76288
28.5764 4109425 76288
28.5768 4110873 76288
28.5773 4112321 76288
28.5778 4113769 76288
28.5783 4115217 76288
28.5788 4116665 76288
28.5792 4118113 76288
28.5797 4119561 76288
28.5802 4121009 76288
28.5807 4122457 76288
28.5812 4123905 76288
28.5817 4125353 76288
28.5821 4126801 76288
28.5826 4128249 76288
28.5831 4129697 76288
28.5836 4131145 76288
28.5841 4132593 76288
28.5845 4134041 76288
28.6869 4135489 77824
28.6874 4136937 77824
28.6879 4138385 77824
28.6881 4139833 77824
28.6884 4141281 77824
28.6886 4142729 77824
28.6891 4144177 77824
28.6896 4145625 77824
28.6898 4147073 77824
28.6903 4148521 77824
28.6908 4149969 77824
28.691 4151417 77824
28.6912 4152865 77824
28.6917 4154313 77824
28.6922 4155761 77824
28.6924 4157209 77824
28.6927 4158657 77824
28.6929 4160105 77824
28.6934 4161553 77824
28.6939 4163001 77824
28.6941 4164449 77824
28.6946 4165897 77824
28.6951 4167345 77824
28.6953 4168793 77824
28.6956 4170241 77824
28.6958 4171689 77824
28.696 4173137 77824
28.6963 4174585 77824
28.6965 4176033 77824
28.6968 4177481 77824
28.697 4178929 77824
28.6972 4180377 77824
28.6975 4181825 77824
28.6977 4183273 77824
28.698 4184721 77824
28.6984 4186169 77824
28.6989 4187617 77824
28.6994 4189065 77824
28.6999 4190513 77824
28.7004 4191961 77824
28.7009 4193409 77824
28.7013 4194857 77824
28.7018 4196305 77824
28.7023 4197753 77824
28.7028 4199201 77824
28.7033 4200649 77824
28.7037 4202097 77824
28.7042 4203545 77824
28.7047 4204993 77824
28.7052 4206441 77824
28.7057 4207889 77824
28.7061 4209337 77824
28.7066 4210785 77824
28.809 4212233 79360
28.8095 4213681 79360
28.8097 4215129 79360
28.8102 4216577 80896
28.8107 4218025 80896
28.8109 4219473 80896
28.8112 4220921 80896
28.8114 4222369 80896
28.8116 4223817 80896
28.8121 4225265 80896
28.8126 4226713 80896
28.8128 4228161 80896
28.8133 4229609 80896
28.8138 4231057 80896
28.814 4232505 80896
28.8143 4233953 80896
28.8148 4235401 80896
28.8152 4236849 80896
28.8155 4238297 80896
28.8157 4239745 80896
28.816 4241193 80896
28.8164 4242641 80896
28.8169 4244089 80896
28.8172 4245537 80896
28.8176 4246985 80896
28.8181 4248433 80896
28.8184 4249881 80896
28.8186 4251329 80896
28.8188 4252777 80896
28.8191 4254225 80896
28.8193 4255673 80896
28.8196 4257121 80896
28.8198 4258569 80896
28.8201 4260017 80896
28.8203 4261465 80896
28.8205 4262913 80896
28.8208 4264361 80896
28.821 4265809 80896
28.8215 4267257 80896
28.822 4268705 80896
28.8225 4270153 80896
28.8229 4271601 80896
28.8234 4273049 80896
28.8239 4274497 80896
28.8244 4275945 80896
28.8249 4277393 80896
28.8253 4278841 80896
28.8258 4280289 80896
28.8263 4281737 80896
28.8268 4283185 80896
28.8273 4284633 80896
28.8277 4286081 80896
28.8282 4287529 80896
28.8287 4288977 80896
28.8292 4290425 80896
28.8297 4291873 80896
28.9323 4293321 82432
28.9328 4294769 82432
28.933 4296217 82432
28.9332 4297665 82432
28.9337 4299113 82432
28.9342 4300561 82432
28.9344 4302009 82432
28.9347 4303457 82432
28.9349 4304905 82432
28.9352 4306353 82432
28.9356 4307801 82432
28.9361 4309249 82432
28.9364 4310697 82432
28.9368 4312145 82432
28.9373 4313593 82432
28.9376 4315041 82432
28.9378 4316489 82432
28.9383 4317937 82432
28.9388 4319385 82432
28.939 4320833 82432
28.9392 4322281 82432
28.9395 4323729 83968
28.94 4325177 83968
28.9405 4326625 83968
28.9407 4328073 83968
28.9409 4329521 83968
28.9414 4330969 83968
28.9419 4332417 83968
28.9421 4333865 83968
28.9424 4335313 83968
28.9426 4336761 83968
28.9429 4338209 83968
28.9431 4339657 83968
28.9433 4341105 83968
28.9436 4342553 83968
28.9438 4344001 83968
28.9441 4345449 83968
28.9443 4346897 83968
28.9445 4348345 83968
28.9448 4349793 83968
28.9453 4351241 83968
28.9457 4352689 83968
28.9462 4354137 83968
28.9467 4355585 83968
28.9472 4357033 83968
28.9477 4358481 83968
28.9481 4359929 83968
28.9486 4361377 83968
28.9491 4362825 83968
28.9496 4364273 83968
28.9501 4365721 83968
28.9505 4367169 83968
28.951 4368617 83968
28.9515 4370065 83968
28.952 4371513 83968
28.9525 4372961 83968
28.9529 4374409 83968
28.9534 4375857 83968
29.0563 4377305 84992
29.0568 4378753 84992
29.057 4380201 84992
29.0572 4381649 84992
29.0575 4383097 84992
29.058 4384545 84992
29.0584 4385993 84992
29.0587 4387441 84992
29.0589 4388889 84992
29.0592 4390337 84992
29.0594 4391785 84992
29.0599 4393233 84992
29.0604 4394681 84992
29.0606 4396129 84992
29.0611 4397577 84992
29.0616 4399025 84992
29.0618 4400473 84992
29.0621 4401921 84992
29.0625 4403369 84992
29.063 4404817 84992
29.0633 4406265 84992
29.0635 4407713 84992
29.0637 4409161 84992
29.0642 4410609 84992
29.0647 4412057 84992
29.0649 4413505 84992
29.0652 4414953 84992
29.0657 4416401 84992
29.0661 4417849 84992
29.0664 4419297 84992
29.0666 4420745 84992
29.0669 4422193 84992
29.0671 4423641 84992
29.0673 4425089 84992
29.0676 4426537 84992
29.0678 4427985 86528
29.0681 4429433 86528
29.0683 4430881 86528
29.0685 4432329 86528
29.0688 4433777 86528
29.069 4435225 86528
29.0693 4436673 86528
29.0697 4438121 86528
29.0702 4439569 86528
29.0707 4441017 86528
29.0712 4442465 86528
29.0717 4443913 86528
29.0721 4445361 86528
29.0726 4446809 86528
29.0731 4448257 86528
29.0736 4449705 86528
29.0741 4451153 86528
29.0745 4452601 86528
29.075 4454049 86528
29.0755 4455497 86528
29.076 4456945 86528
29.0765 4458393 86528
29.077 4459841 86528
29.0774 4461289 86528
29.0779 4462737 86528
29.181 4464185 88064
29.1815 4465633 88064
29.1817 4467081 88064
29.182 4468529 88064
29.1822 4469977 88064
29.1825 4471425 88064
29.1829 4472873 88064
29.1834 4474321 88064
29.1837 4475769 88064
29.1839 4477217 88064
29.1841 4478665 88064
29.1844 4480113 88064
29.1849 4481561 88064
29.1853 4483009 88064
29.1856 4484457 88064
29.1861 4485905 88064
29.1865 4487353 88064
29.1868 4488801 88064
29.187 4490249 88064
29.1875 4491697 89600
29.188 4493145 89600
29.1882 4494593 89600
29.1885 4496041 89600
29.1887 4497489 89600
29.1889 4498937 89600
29.1894 4500385 89600
29.1899 4501833 89600
29.1901 4503281 89600
29.1904 4504729 89600
29.1909 4506177 89600
29.1913 4507625 89600
29.1916 4509073 89600
29.1918 4510521 89600
29.1921 4511969 89600
29.1923 4513417 89600
29.1925 4514865 89600
29.1928 4516313 89600
29.193 4517761 89600
29.1933 4519209 89600
29.1935 4520657 89600
29.1937 4522105 89600
29.194 4523553 89600
29.1942 4525001 89600
29.1945 4526449 89600
29.1949 4527897 89600
29.1954 4529345 89600
29.1959 4530793 89600
29.1964 4532241 89600
29.1969 4533689 89600
29.1974 4535137 89600
29.1978 4536585 89600
29.1983 4538033 89600
29.1988 4539481 89600
29.1993 4540929 89600
29.1998 4542377 89600
29.2002 4543825 89600
29.2007 4545273 89600
29.2012 4546721 89600
29.2017 4548169 89600
29.2022 4549617 89600
29.2026 4551065 89600
29.2031 4552513 89600
29.3062 4553961 91136
29.3067 4555409 91136
29.3069 4556857 91136
29.3072 4558305 92672
29.3074 4559753 92672
29.3077 4561201 92672
29.3079 4562649 92672
29.3084 4564097 92672
29.3089 4565545 92672
29.3091 4566993 92672
29.3093 4568441 92672
29.3096 4569889 92672
29.3098 4571337 92672
29.3101 4572785 92672
29.3105 4574233 92672
29.311 4575681 92672
29.3113 4577129 92672
29.3117 4578577 92672
29.3122 4580025 92672
29.3125 4581473 92672
29.3127 4582921 92672
29.3132 4584369 92672
29.3137 4585817 92672
29.3139 4587265 92672
29.3141 4588713 92672
29.3144 4590161 92672
29.3146 4591609 92672
29.3151 4593057 92672
29.3156 4594505 92672
29.3158 4595953 92672
29.3161 4597401 92672
29.3166 4598849 92672
29.317 4600297 92672
29.3173 4601745 92672
29.3175 4603193 92672
29.3178 4604641 92672
29.318 4606089 92672
29.3182 4607537 92672
29.3185 4608985 92672
29.3187 4610433 92672
29.319 4611881 92672
29.3192 4613329 92672
29.3194 4614777 92672
29.3197 4616225 92672
29.3199 4617673 92672
29.3202 4619121 92672
29.3206 4620569 92672
29.3211 4622017 92672
29.3216 4623465 92672
29.3221 4624913 92672
29.3226 4626361 92672
29.323 4627809 92672
29.3235 4629257 92672
29.324 4630705 92672
29.3245 4632153 92672
29.325 4633601 92672
29.3254 4635049 92672
29.3259 4636497 92672
29.3264 4637945 92672
29.3269 4639393 92672
29.3274 4640841 92672
29.3278 4642289 92672
29.3283 4643737 92672
29.3288 4645185 92672
29.4321 4646633 93696
29.4326 4648081 93696
29.4329 4649529 93696
29.4331 4650977 95232
29.4333 4652425 95232
29.4336 4653873 95232
29.4338 4655321 95232
29.4341 4656769 95232
29.4345 4658217 95232
29.435 4659665 95232
29.4353 4661113 95232
29.4355 4662561 95232
29.4358 4664009 95232
29.436 4665457 95232
29.4362 4666905 95232
29.4365 4668353 95232
29.437 4669801 95232
29.4374 4671249 95232
29.4377 4672697 95232
29.4382 4674145 95232
29.4386 4675593 95232
29.4389 4677041 95232
29.4391 4678489 95232
29.4396 4679937 95232
29.4401 4681385 95232
29.4403 4682833 95232
29.4406 4684281 95232
29.4408 4685729 95232
29.441 4687177 95232
29.4415 4688625 95232
29.442 4690073 95232
29.4422 4691521 95232
29.4425 4692969 95232
29.443 4694417 95232
29.4434 4695865 95232
29.4437 4697313 95232
29.4439 4698761 95232
29.4442 4700209 95232
29.4444 4701657 95232
29.4446 4703105 95232
29.4449 4704553 95232
29.4451 4706001 95232
29.4454 4707449 95232
29.4456 4708897 95232
29.4458 4710345 95232
29.4461 4711793 95232
29.4463 4713241 95232
29.4466 4714689 95232
29.447 4716137 95232
29.4475 4717585 95232
29.448 4719033 95232
29.4485 4720481 95232
29.449 4721929 95232
29.4494 4723377 95232
29.4499 4724825 95232
29.4504 4726273 95232
29.4509 4727721 95232
29.4514 4729169 95232
29.4519 4730617 95232
29.4523 4732065 95232
29.4528 4733513 95232
29.4533 4734961 95232
29.4538 4736409 95232
29.4543 4737857 95232
29.4547 4739305 95232
29.4552 4740753 95232
29.5588 4742201 96768
29.5593 4743649 96768
29.5595 4745097 96768
29.5598 4746545 98304
29.56 4747993 98304
29.5602 4749441 98304
29.5605 4750889 99840
29.5607 4752337 99840
29.561 4753785 99840
29.5617 4758129 99840
29.5619 4759577 99840
29.5622 4761025 99840
29.5624 4762473 99840
29.5626 4763921 99840
29.5629 4765369 99840
29.5631 4766817 99840
29.5634 4768265 99840
29.5638 4769713 99840
29.5641 4771161 99840
29.5643 4772609 99840
29.5648 4774057 99840
29.5653 4775505 99840
29.5655 4776953 99840
29.5658 4778401 99840
29.5662 4779849 99840
29.5667 4781297 99840
29.567 4782745 99840
29.5672 4784193 99840
29.5674 4785641 99840
29.5677 4787089 99840
29.5682 4788537 99840
29.5686 4789985 99840
29.5689 4791433 99840
29.5691 4792881 99840
29.5696 4794329 99840
29.5701 4795777 99840
29.5703 4797225 99840
29.5706 4798673 99840
29.5708 4800121 99840
29.5711 4801569 99840
29.5713 4803017 99840
29.5715 4804465 99840
29.5718 4805913 99840
29.572 4807361 99840
29.5723 4808809 99840
29.5725 4810257 99840
29.5727 4811705 99840
29.573 4813153 99840
29.5732 4814601 99840
29.5737 4816049 99840
29.5742 4817497 99840
29.5747 4818945 99840
29.5751 4820393 99840
29.5756 4821841 99840
29.5761 4823289 99840
29.5766 4824737 99840
29.5771 4826185 99840
29.5775 4827633 99840
29.578 4829081 99840
29.5785 4830529 99840
29.579 4831977 99840
29.5795 4833425 99840
29.5799 4834873 99840
29.5804 4836321 99840
29.5809 4837769 99840
29.5814 4839217 99840
29.5819 4840665 99840
29.6852 4842113 100864
29.6857 4843561 100864
29.6859 4845009 100864
29.6862 4846457 102400
29.6864 4847905 102400
29.6866 4849353 102400
29.6869 4850801 102400
29.6871 4852249 102400
29.6874 4853697 102400
29.6878 4855145 102400
29.6883 4858041 102400
29.6886 4859489 102400
29.6888 4755233 99840
29.689 4756681 98304
29.6893 4860937 97280
29.6895 4862385 96768
29.6898 4863833 95744
29.69 4865281 95232
29.691 4866729 94208
29.6912 4868177 93696
29.6917 4869625 93184
29.6919 4871073 92672
29.6922 4872521 91648
29.6924 4873969 91136
29.6929 4875417 90112
29.6931 4876865 89600
29.6934 4878313 88576
29.6939 4879761 88064
29.6943 4881209 87040
29.6946 4882657 87040
29.6948 4884105 86016
29.6951 4885553 85504
29.6953 4887001 84480
29.6955 4888449 83968
29.6958 4889897 82944
29.696 4891345 82432
29.6963 4892793 81408
29.6965 4894241 80896
29.6972 4895689 80384
29.87 4998497 72192
29.8702 4999945 72192
29.8705 5001393 72192
29.8707 5002841 73728
29.8712 5004289 73728
29.8717 5005737 73728
29.8722 5007185 73728
29.8727 5008633 73728
29.8731 5010081 73728
29.8736 5011529 73728
29.8739 5012977 73728
29.8741 5014425 73728
29.8743 5015873 73728
29.8746 5017321 73728
29.8748 5018769 73728
29.8751 5020217 73728
29.8758 5021665 73728
29.876 5023113 73728
29.8763 5024561 73728
29.8765 5026009 73728
29.8767 5027457 73728
29.877 5028905 73728
29.8772 5030353 73728
29.8775 5031801 73728
29.8777 5033249 73728
29.8779 5034697 73728
29.8789 5036145 73728
29.8794 5037593 73728
29.8796 5039041 73728
29.8799 5040489 73728
29.8801 5041937 73728
29.8803 5043385 73728
29.8806 5044833 73728
29.8808 5046281 73728
29.8811 5047729 73728
29.8813 5049177 73728
29.9589 5050625 75264
29.9594 5052073 75264
29.9599 5053521 75264
29.9601 5054969 75264
29.9604 5056417 75264
29.9606 5057865 76288
29.9608 5059313 76288
29.9611 5060761 76288
29.9613 5062209 76288
29.9616 5063657 76288
29.9618 5065105 76288
29.9623 5066553 76288
29.9628 5068001 76288
29.963 5069449 76288
29.9633 5070897 76288
29.9635 5072345 76288
29.9637 5073793 76288
29.964 5075241 76288
29.9642 5076689 76288
29.9645 5078137 76288
29.9647 5079585 76288
29.9652 5081033 76288
29.9659 5082481 76288
29.9664 5083929 76288
29.9669 5085377 76288
29.9673 5086825 76288
29.9678 5088273 76288
29.9681 5089721 76288
29.9683 5091169 76288
29.9685 5092617 76288
29.9688 5094065 76288
29.969 5095513 76288
29.9695 5096961 76288
29.97 5098409 76288
29.9702 5099857 76288
29.9705 5101305 76288
29.9707 5102753 76288
29.9709 5104201 76288
29.9712 5105649 76288
29.9714 5107097 76288
29.9717 5108545 76288
29.9719 5109993 76288
29.9726 5111441 76288
29.9731 5112889 76288
29.9736 5114337 76288
29.9738 5115785 76288
29.9741 5117233 76288
29.9743 5118681 76288
29.9745 5120129 76288
29.9748 5121577 76288
29.975 5123025 76288
29.9753 5124473 76288
29.9834 5125921 32768000
30.0664 5125923 32768000
30.4317 5125923 32768000
