10.5801 138.184 4.02385 0 68096
10.6714 124.726 3.4364 0 52224
10.7062 114.2 3.44883 0 49152
10.8708 106.98 4.00643 0 52224
10.8925 99.763 3.94792 0 49152
11.0463 95.431 4.49129 0 52224
11.0655 90.524 4.35085 0 49152
11.1496 82.032 3.53033 0 35840
11.2013 79.083 3.95493 0 38400
11.2181 75.042 3.85917 0 35840
11.3743 73.251 4.26981 0 38400
11.3983 70.857 4.08711 0 35840
11.5137 67.981 3.91921 0 33280
11.5485 67.362 4.47113 0 36352
11.5702 65.184 4.08738 0 33280
11.7228 64.884 4.64188 0 36352
11.7516 63.683 4.18372 0 33280
11.7985 62.001 3.92355 0 30208
11.9066 62.818 4.24133 0 32768
11.9246 61.79 3.93695 0 30208
12.0893 62.169 4.28561 0 32768
12.1121 61.751 3.93943 0 30208
12.2743 62.618 4.25488 0 32768
12.2971 61.87 3.93186 0 30208
12.3476 61.993 3.92406 0 29696
12.4582 62.571 4.25807 0 32256
12.4858 62.313 3.9039 0 29696
12.5735 61.867 3.74481 0 28160
12.6492 63.191 4.03298 0 31232
12.666 62.329 3.71705 0 28160
12.8355 62.6 4.07105 0 31232
12.8595 62.336 3.71663 0 28160
13.0325 63.327 4.02432 0 31232
13.059 62.677 3.69641 0 28160
13.1262 62.638 3.69871 0 27648
13.2236 63.568 3.82683 0 30208
13.2488 64.072 3.61593 0 27648
13.3005 63.274 3.29538 0 25600
13.4062 64.317 3.60216 0 28672
13.4339 64.191 3.24831 0 25600
13.5925 65.051 3.56151 0 28672
13.6141 64.777 3.21892 0 25600
13.7727 65.76 3.52311 0 28672
13.7991 65.105 3.2027 0 25600
20.4621 72.751 3.02533 0 26112
20.5318 80.791 3.01103 0 29184
20.551 88.905 2.99682 0 32256
20.5642 96.838 2.99056 0 34816
20.5835 104.867 2.98252 0 37888
20.6219 115.856 2.8996 0 40960
20.6568 127.291 2.82113 0 43520
20.6748 137.881 2.77248 0 46592
20.6892 146.352 2.612 0 47616
20.7577 151.928 2.36365 0 44544
21.0953 162.877 1.99139 0 39936
21.2708 166.831 2.08307 0 42496
21.3369 171.675 1.88934 0 39936
21.5832 170.504 1.83437 0 38400
21.7394 169.327 1.98395 0 41472
21.8007 165.261 1.89257 0 38400
22.2777 169.699 1.9796 0 41472
22.3414 171.807 1.82046 0 38400
22.6875 172.532 1.74567 0 36864
22.7475 175.275 1.85053 0 39424
22.8112 173.625 1.73468 0 36864
22.816 169.661 1.63866 0 34304
23.2126 167.691 1.79607 0 37376
23.2847 162.991 1.70571 0 34304
23.7124 162.355 1.8551 0 37376
23.7641 162.808 1.84993 0 36352
23.7689 160.046 1.7371 0 33792
23.8494 155.433 1.86318 0 34816
24.1955 156.069 2.00404 0 37888
24.2459 154.654 1.87257 0 34816
24.3313 151.601 1.98669 0 36864
24.6737 150.119 2.16063 0 39936
24.7386 150.375 2.15695 0 40448
24.7446 148.898 2.02275 0 37376
24.8552 147.957 2.11391 0 38400
25.1652 147.444 2.2784 0 40960
25.2228 147.274 2.12371 0 38400
25.3178 145.456 2.2299 0 39424
25.6314 144.482 2.40528 0 42496
25.6963 144.424 2.24583 0 39424
25.754 141.974 2.28459 0 39936
25.7816 139.774 2.32055 0 40448
25.8008 140.177 2.47915 0 43008
26.1204 141.461 2.62043 0 46080
26.1781 141.766 2.45136 0 43008
26.261 141.531 2.53728 0 44544
26.6155 142.543 2.6818 0 47104
26.6732 142.152 2.5262 0 44544
26.702 141.118 2.62679 0 45056
26.7309 139.089 2.66511 0 45568
26.7393 137.706 2.69188 0 46080
26.7645 138.282 2.84821 0 48640
27.1082 138.984 3.00052 0 51712
27.1694 138.824 2.83709 0 48640
27.2644 138.696 2.83971 0 49152
27.5744 139.074 3.08187 0 52224
27.6104 140.097 3.05937 0 53248
27.6489 140.916 2.95938 0 50688
27.7378 139.168 2.99655 0 51200
28.0442 139.452 3.15658 0 54272
28.1079 138.958 3.00108 0 51200
28.1788 136.64 3.13677 0 52224
28.5056 137.91 3.27588 0 55296
28.5717 138.926 3.08515 0 52224
28.6582 136.615 3.13734 0 53248
28.913 135.967 3.23749 0 53760
28.979 136.17 3.31774 0 56320
29.0463 137.053 3.21184 0 53760
29.3912 134.876 3.26368 0 54784
29.4525 135.778 3.41263 0 57856
29.509 134.337 3.27677 0 54784
29.6111 133.183 3.39214 0 55296
29.9295 134.183 3.53952 0 58368
29.9908 133.541 3.38305 0 55296
30.0617 129.432 3.57995 0 57856
30.2132 123.981 3.83078 0 58368
30.2192 119.14 3.98644 0 58880
30.2769 115.507 4.21211 0 59392
30.3081 112.833 4.4146 0 61952
30.7239 119.105 4.08487 0 59392
30.7372 123.401 3.84879 0 58880
30.7744 126.598 3.75159 0 58368
30.7804 128.434 3.60777 0 57856
30.8994 127.741 3.89939 0 60928
30.9546 125.023 3.7062 0 57856
31.1493 121.647 3.33292 0 50176
31.1613 119.187 3.49891 0 51712
31.2767 118.901 3.70217 0 54272
31.3235 117.71 3.54281 0 51712
31.6468 116.518 3.77789 0 54272
31.6972 115.804 3.60112 0 51712
31.7705 111.629 3.83958 0 52736
31.9928 109.73 4.11716 0 55808
32.0433 109.172 4.1382 0 56320
32.0469 108.005 3.96841 0 53248
32.0685 107.072 4.21937 0 55296
32.0962 106.325 4.24901 0 56320
32.3689 105.727 4.49217 0 58880
32.4242 105.49 4.28264 0 56320
32.4602 104.578 4.43076 0 56832
32.4867 104.811 4.64196 0 59904
32.5011 104.997 4.63373 0 60416
32.7498 104.424 4.88102 0 63488
32.8015 104.207 4.66886 0 60416
32.8532 103.072 4.83266 0 61952
32.8724 102.884 5.06668 0 64000
33.1007 102.494 5.08596 0 65024
33.1259 102.663 5.30325 0 67584
33.1764 102.798 5.07092 0 65024
33.2521 102.425 5.20248 0 66048
33.4936 102.127 5.44452 0 68608
33.5465 101.888 5.2299 0 66048
33.5934 101.217 5.37902 0 67584
33.609 101.16 5.49656 0 68096
33.6174 101.836 5.68758 0 71168
33.8637 101.655 5.81166 0 73728
33.9166 101.751 5.69233 0 71168
33.9875 101.588 5.70146 0 72192
34.2122 101.217 5.83681 0 73728
34.2278 101.641 6.0404 0 76288
34.2807 101.98 5.79314 0 73728
34.3504 100.569 5.9896 0 74240
34.36 100.402 6.23031 0 76800
34.5919 100.268 6.35417 0 79360
34.6448 100.401 6.23038 0 76800
34.7 100.027 6.25367 0 77312
34.7193 99.968 6.37324 0 78336
34.9608 99.921 6.6081 0 81408
35.0088 99.883 6.37866 0 78336
35.0713 99.132 6.42699 0 79360
35.2275 98.771 6.56776 0 80384
35.3273 99.685 6.73995 0 82944
35.3741 99.214 6.53843 0 80384
35.6841 99.317 6.76492 0 82944
35.6962 99.4 6.75928 0 83968
35.7418 100.188 6.59049 0 81408
35.8127 99.616 6.62833 0 81920
36.0506 99.88 6.84277 0 84992
36.1011 99.369 6.64481 0 81920
36.1407 98.481 6.82235 0 82944
36.172 98.491 6.82166 0 83456
36.309 98.499 6.93871 0 84992
36.4159 98.986 7.13863 0 88064
36.4664 98.895 6.91093 0 84992
36.5445 99.062 7.01621 0 85504
36.7812 99.677 7.08914 0 88064
36.8305 99.688 6.97215 0 85504
36.8869 99.697 6.97152 0 86016
37.1465 99.704 7.2034 0 89088
37.1933 98.989 7.02139 0 86016
37.2366 98.897 7.02792 0 86528
37.2546 98.824 7.15033 0 87040
37.4865 98.525 7.17203 0 88064
37.5058 98.766 7.3891 0 91136
37.5574 98.719 7.15793 0 88064
37.6379 98.201 7.31365 0 89088
37.8002 98.027 7.32663 0 89600
37.8686 98.608 7.51842 0 92672
37.9191 98.593 7.28457 0 89600
38.2303 98.82 7.50229 0 92672
38.2796 98.522 7.28982 0 89600
38.5908 99.005 7.48827 0 92672
38.6365 98.429 7.29671 0 89600
38.6893 97.969 7.44921 0 90112
38.705 98.081 7.55881 0 91648
38.848 97.931 7.57039 0 92160
38.9525 98.772 7.74049 0 95232
39.003 98.724 7.50958 0 92160
39.0534 98.445 7.53086 0 92672
39.3226 99.183 7.82521 0 95744
39.3694 99.052 7.48472 0 92672
39.6927 99.909 7.76835 0 95744
39.7371 99.634 7.44099 0 92672
