0.0 25.4702
10.1017 25.2865
10.1049 25.1257
10.1119 25.4849
10.1143 25.4243
10.1179 25.2463
10.1215 25.2155
10.1239 25.0636
10.1263 25.0556
10.1287 25.0487
10.1311 25.1676
10.1335 25.2716
10.1383 25.7377
10.1407 26.2705
10.1431 26.8617
10.1468 27.629
10.1504 28.5503
10.1528 29.3565
10.1552 30.312
10.1576 31.148
10.16 32.0045
10.1624 32.8789
10.1648 33.7691
10.1696 35.0479
10.172 36.1669
10.1744 37.3961
10.1768 38.5966
10.1804 39.897
10.184 41.4099
10.1864 42.8586
10.1888 44.2513
10.1912 45.3449
10.1936 46.4268
10.196 47.4984
10.1984 48.5611
10.2008 49.616
10.2056 51.039
10.208 52.2841
10.2104 53.4986
10.2128 54.5613
10.2152 55.4911
10.2189 56.4297
10.2225 57.376
10.2249 58.454
10.2273 59.5223
10.2297 60.457
10.2321 61.2749
10.2345 61.6155
10.2369 61.9136
10.2393 62.2994
10.2417 62.5119
10.2465 62.9479
10.2489 63.0795
10.2513 63.3195
10.2537 63.4046
10.2561 63.604
10.2585 63.6535
10.2621 63.9468
10.2657 64.3285
10.2681 64.6624
10.2705 64.5796
10.2729 64.5072
10.2753 64.5688
10.2777 64.4977
10.2801 64.5605
10.2825 64.3654
10.2849 64.0697
10.2873 63.811
10.2921 63.9596
10.297 64.2147
10.3006 64.6878
10.3054 65.4769
10.3102 66.4173
10.315 67.4901
10.3198 68.6788
10.3246 69.844
10.3282 70.9885
10.333 72.3649
10.3378 73.6943
10.3426 75.2325
10.3474 76.9535
10.351 78.4593
10.3558 79.7769
10.3606 81.3048
10.3654 83.0167
10.3703 84.7646
10.3751 86.669
10.3787 88.3354
10.3835 90.1685
10.3883 92.0224
10.3931 94.0196
10.3979 96.0171
10.4015 97.64
10.4063 99.06
10.4111 100.428
10.4159 101.624
10.4195 102.546
10.4255 103.478
10.4315 104.418
10.4351 105.116
10.4399 105.851
10.4448 106.495
10.4484 106.933
10.452 107.066
10.458 106.933
10.464 106.566
10.47 105.996
10.4772 105.496
10.4832 104.809
10.4892 103.958
10.4952 102.963
10.5012 101.968
10.5084 100.972
10.5144 99.8504
10.5205 98.6191
10.5277 97.4167
10.5325 95.9896
10.5397 94.6159
10.5457 93.1639
10.5541 92.0184
10.5565 90.2661
10.5589 87.9829
10.5613 85.36
10.5637 82.315
10.5697 79.4006
10.5769 76.7256
10.5829 74.1349
10.5901 71.993
10.5986 70.1189
10.6058 68.354
10.6106 66.4348
10.6142 64.6304
10.6178 63.0516
10.6202 61.7952
10.6238 60.8208
10.6274 60.2182
10.631 59.8159
10.6334 59.4639
10.637 59.4059
10.6406 59.4802
10.6442 59.7952
10.6478 60.0708
10.6526 60.4369
10.6562 60.8823
10.661 61.397
10.6646 61.7224
10.6695 62.0071
10.6743 62.2562
10.6791 62.5992
10.6839 63.0243
10.6875 63.5212
10.6911 64.0811
10.6959 64.571
10.6995 65.1246
10.7031 65.734
10.7079 66.2673
10.7115 66.8588
10.7163 67.5015
10.7199 68.0638
10.7247 68.5558
10.7283 68.9864
10.7331 69.3631
10.7367 69.6927
10.7415 69.9811
10.7464 70.2335
10.7512 70.4543
10.756 70.6475
10.7584 70.6916
10.7632 70.8551
10.768 70.9982
10.7716 71.1234
10.7752 71.233
10.78 71.3289
10.7836 71.4128
10.7884 71.4862
10.792 71.6754
10.7968 71.716
10.8004 71.7515
10.8052 71.7825
10.8088 71.9347
10.8124 72.3179
10.816 72.6531
10.8221 73.0715
10.8269 73.3126
10.8329 73.3985
10.8377 73.4737
10.8401 73.4145
10.8437 73.2377
10.8473 73.083
10.8509 72.8226
10.8545 72.5948
10.8593 72.3954
10.8629 72.096
10.8677 71.959
10.8713 71.8391
10.8761 71.7342
10.8809 71.7674
10.8845 71.7965
10.8881 71.822
10.8941 71.8442
10.899 71.8637
10.9038 71.7557
10.9086 71.6613
10.9122 71.7036
10.9146 71.6156
10.9194 71.6637
10.923 71.7057
10.9266 71.7425
10.9314 71.7747
10.935 71.9279
10.9386 71.8119
10.9434 71.8354
10.9482 71.856
10.953 71.999
10.9566 71.9991
10.9602 71.9992
10.9662 71.9993
10.9711 72.1244
10.9759 72.1088
10.9807 72.0952
10.9843 72.3333
10.9867 72.5417
10.9891 72.724
10.9939 72.8835
10.9975 73.148
11.0011 73.3795
11.0071 73.2071
11.0107 73.0562
11.0155 72.9242
11.0203 72.8087
11.0251 72.7076
11.0287 72.6191
11.0323 72.5417
11.0395 72.599
11.0443 72.6491
11.0504 72.943
11.054 72.9501
11.0564 72.8314
11.0588 72.6024
11.0612 72.5271
11.0648 72.3362
11.0684 72.1692
11.0732 72.1481
11.0768 71.7545
11.0816 71.6602
11.0864 71.5777
11.0912 71.5055
11.096 71.4423
11.1128 69.887
11.1164 68.5261
11.1188 66.9604
11.1225 65.5903
11.1273 64.5165
11.1309 63.452
11.1345 62.5205
11.1393 61.8304
11.1441 61.3516
11.1477 60.9327
11.1513 60.5661
11.1561 60.4953
11.1597 60.4334
11.1717 59.7542
11.1765 59.1599
11.1813 58.515
11.1873 58.0756
11.1909 57.4411
11.1958 57.011
11.2006 56.7596
11.2042 56.5397
11.209 56.3472
11.2138 56.3038
11.2174 56.2658
11.2222 56.3576
11.2282 56.4379
11.233 56.5082
11.2378 56.4446
11.2438 56.3891
11.2486 56.4654
11.2546 56.7822
11.2594 57.0595
11.2642 57.427
11.269 57.8737
11.2727 58.0144
11.2775 58.2626
11.2811 58.3548
11.2859 58.1855
11.2907 58.0373
11.2955 58.0326
11.3003 57.9035
11.3063 57.9156
11.3111 57.8011
11.3159 57.576
11.3207 57.379
11.3255 57.4566
11.3291 57.6495
11.3327 57.8184
11.3375 58.0911
11.3423 58.4547
11.3496 58.5228
11.3556 58.5825
11.3604 58.6347
11.3652 58.6803
11.37 58.5953
11.3748 58.6459
11.3796 58.6901
11.3844 58.7289
11.3892 58.8878
11.3928 58.9018
11.3976 59.0391
11.4024 59.1592
11.4084 59.1393
11.4144 59.1219
11.4192 59.1066
11.4241 59.0933
11.4289 59.0816
11.4337 59.0714
11.4385 59.0625
11.4433 59.0547
11.4481 59.0479
11.4529 59.0419
11.4577 59.1616
11.4637 59.3914
11.4721 59.9675
11.4781 60.2216
11.4817 60.1939
11.4853 60.0446
11.4889 59.6641
11.4937 59.456
11.4974 59.149
11.501 58.8804
11.5046 58.6454
11.5094 58.6897
11.5142 58.8535
11.5238 59.4968
11.5298 58.8097
11.5346 58.0835
11.5406 57.573
11.5454 57.1264
11.5502 56.8606
11.555 56.628
11.5586 56.2995
11.5634 56.1371
11.5682 55.995
11.5731 55.9956
11.5779 55.9961
11.5839 56.1216
11.5887 56.2314
11.5935 56.3275
11.5983 56.2866
11.6043 56.3757
11.6091 56.4538
11.6139 56.397
11.6187 56.4724
11.6235 56.6634
11.6283 56.8304
11.6331 56.9766
11.6379 56.9796
11.6439 56.9821
11.6488 57.1093
11.6536 57.2207
11.6584 57.3181
11.6644 57.4033
11.6692 57.4779
11.6728 57.4182
11.6776 57.4909
11.6824 57.8045
11.6872 58.204
11.6932 58.8035
11.7028 59.953
11.7064 59.9589
11.7112 59.839
11.716 59.6092
11.7209 59.408
11.7245 59.107
11.7281 58.8436
11.7329 58.4882
11.7377 58.3022
11.7425 58.2644
11.7533 58.9813
11.7593 58.2337
11.7641 57.5795
11.7689 56.882
11.7749 56.3968
11.7797 55.9722
11.7845 55.6007
11.7893 55.2756
11.7941 54.9911
11.8002 54.8672
11.8062 54.6338
11.811 54.1796
11.8158 53.7822
11.8218 53.5594
11.8266 53.3645
11.8314 53.1939
11.8374 53.1697
11.8422 53.1485
11.847 53.1299
11.8518 52.8637
11.8566 52.7557
11.8614 52.7862
11.8662 52.938
11.8711 53.1957
11.8795 53.1712
11.8855 53.0248
11.8927 53.0217
11.8987 53.019
11.9047 53.1416
11.9107 53.3739
11.9167 53.7022
11.9215 53.9894
11.9263 54.2407
11.9299 54.2106
11.9347 54.1843
11.9395 54.1613
11.9443 53.8911
11.9504 53.6547
11.9564 53.4479
11.9624 53.2669
11.9684 53.1085
11.9732 52.97
11.9792 52.9737
11.984 52.977
11.9888 52.8549
11.9948 52.873
11.9996 52.8889
12.0056 53.0278
12.0104 53.1493
12.0164 53.2556
12.0213 53.2237
12.0273 53.3207
12.0333 53.4056
12.0381 53.4799
12.0429 53.5449
12.0477 53.7268
12.0513 53.886
12.0561 54.1502
12.0657 54.2564
12.0717 54.2244
12.0777 54.1963
12.0837 54.0468
12.0885 53.9159
12.0945 53.9265
12.0994 53.9356
12.1042 53.9437
12.1102 54.0757
12.1162 54.3163
12.1222 54.6517
12.1294 55.0703
12.1354 55.4365
12.1414 55.7569
12.145 55.9123
12.1498 55.7983
12.1546 55.6985
12.1594 55.6112
12.1654 55.5348
12.1702 55.3429
12.1763 55.1751
12.1835 55.0282
12.1895 54.8997
12.1955 54.7872
12.2003 54.6888
12.2051 54.6027
12.2111 54.6524
12.2159 54.5708
12.2207 54.4995
12.2255 54.562
12.2303 54.7418
12.2351 55.0241
12.2411 55.396
12.2508 55.3465
12.2568 55.1782
12.264 55.1559
12.2688 55.0115
12.2748 55.01
12.2796 55.0088
12.2844 55.0077
12.2904 55.1317
12.2952 55.2402
12.3012 55.4602
12.3072 55.6527
12.3132 55.8211
12.3192 55.8435
12.3253 55.863
12.3313 56.0052
12.3373 56.2545
12.3433 56.4727
12.3505 56.9136
12.3553 57.2994
12.3601 57.512
12.3649 57.448
12.3697 57.267
12.3757 57.1086
12.3805 56.845
12.3865 56.6144
12.3925 56.4126
12.3986 56.236
12.4058 56.0815
12.4106 56.0713
12.4154 56.1874
12.4202 56.414
12.425 56.6122
12.4298 56.7857
12.4382 56.9375
12.4454 57.0703
12.4514 57.0615
12.4574 56.9288
12.4622 56.8127
12.4682 56.8361
12.4743 56.9816
12.4791 57.1089
12.4851 57.3453
12.4899 57.4271
12.4959 57.3737
12.5031 57.452
12.5091 57.5205
12.5151 57.5805
12.5199 57.5079
12.5283 57.8194
12.5343 57.842
12.5391 57.7367
12.5451 57.7696
12.5524 57.9234
12.5596 58.308
12.5668 58.6445
12.5716 58.8139
12.5752 58.7122
12.5812 58.6232
12.586 58.1703
12.5908 57.524
12.5956 57.0835
12.6004 56.6981
12.6064 56.6108
12.6172 57.2844
12.6233 56.7489
12.6305 56.2803
12.6365 55.7452
12.6425 55.4021
12.6473 55.1018
12.6533 54.8391
12.6593 54.7342
12.6653 54.6424
12.6713 54.6871
12.6761 54.6012
12.6821 54.6511
12.6881 54.6947
12.6941 54.7329
12.7002 54.7663
12.7062 54.9205
12.7122 55.0554
12.7182 55.1735
12.7242 55.2768
12.7302 55.3672
12.7362 55.5713
12.7422 55.8749
12.7482 56.1405
12.7542 56.373
12.7602 56.5763
12.7674 56.8793
12.7747 57.2694
12.7819 57.7357
12.7879 58.1437
12.7915 58.5008
12.7951 58.6882
12.7999 58.8522
12.8083 59.4956
12.8143 59.1837
12.8215 58.7857
12.8275 58.3125
12.8335 57.8984
12.8407 57.6611
12.8455 57.3285
12.8516 57.0374
12.8576 56.9078
12.8636 56.9193
12.8696 56.9294
12.8756 57.0632
12.8816 57.0553
12.8876 57.0484
12.8948 57.1673
12.9008 57.1464
12.9068 57.2531
12.9128 57.3465
12.9188 57.4282
12.9249 57.4996
12.9309 57.5622
12.9369 57.6169
12.9441 57.9148
12.9501 58.1754
12.9573 58.4035
12.9633 58.6031
12.9693 58.7777
12.9753 58.9305
12.9801 58.9392
12.9861 59.1968
12.9921 59.6722
12.9982 60.2132
13.009 61.3115
13.0138 61.1476
13.0198 60.7541
13.0258 60.2849
13.0306 59.7492
13.0366 59.2806
13.0426 58.9955
13.0486 58.7461
13.0546 58.6528
13.063 59.0712
13.069 58.9373
13.0739 58.5701
13.0799 58.3739
13.0859 58.2021
13.0919 58.0519
13.0979 58.0454
13.1039 58.0397
13.1099 58.0348
13.1183 58.4054
13.1243 58.4797
13.1303 58.5448
13.1363 58.6017
13.1423 58.6515
13.1484 58.82
13.1544 58.9675
13.1604 59.0966
13.1664 59.2095
13.1724 59.3083
13.1772 59.5198
13.1832 59.8298
13.1928 60.6011
13.2 60.5259
13.2084 60.5852
13.2156 60.512
13.2229 60.698
13.2277 60.7358
13.2313 60.5188
13.2361 60.329
13.2409 59.9128
13.2505 60.0487
13.2589 59.4176
13.2649 58.6154
13.2721 58.0385
13.2781 57.4087
13.2853 56.8576
13.2913 56.3754
13.2973 55.9535
13.3046 55.7093
13.3106 55.3706
13.3166 55.0743
13.3226 54.815
13.3298 54.7131
13.3358 54.499
13.3418 54.3116
13.3478 54.1477
13.3538 54.0042
13.3598 54.0037
13.3646 54.0032
13.3706 54.1278
13.3803 54.8618
13.3875 54.7541
13.3959 54.5348
13.4031 54.343
13.4091 54.1751
13.4163 54.0282
13.4235 54.0247
13.4307 54.1466
13.4379 54.3783
13.4439 54.456
13.4488 54.399
13.4536 54.2241
13.4596 54.0711
13.4656 53.8122
13.4728 53.7107
13.48 53.6219
13.4872 53.6691
13.4944 53.5855
13.5004 53.5123
13.5076 53.5733
13.5136 53.6266
13.5208 53.6733
13.5269 53.7141
13.5341 53.9999
13.5389 53.9999
13.5449 54.1249
13.5509 54.3593
13.5605 55.1894
13.5689 55.4157
13.5761 55.4887
13.5833 55.5526
13.5893 55.6086
13.5965 55.7825
13.6026 55.8097
13.6098 55.9585
13.6158 56.0887
13.6242 56.5776
13.6326 57.0054
13.641 57.6297
13.647 58.051
13.6518 58.1696
13.6578 58.1484
13.6638 58.1299
13.6698 57.9886
13.6771 57.9901
13.6855 57.9913
13.6927 57.8674
13.6999 57.509
13.7059 57.1953
13.7131 57.1709
13.7191 57.1496
13.7239 57.0059
13.7299 57.0051
13.7359 57.1295
13.7467 57.9883
13.7552 58.1148
13.7624 57.9754
13.7696 57.8535
13.7756 57.7468
13.7828 57.7785
13.7888 57.6811
13.7948 57.596
13.802 57.7715
13.8092 57.9251
13.8164 57.9344
13.8237 57.9426
13.8309 57.9498
13.8381 58.2061
13.8465 58.5553
13.8537 58.8609
13.8609 59.2533
13.8645 59.2216
13.8705 59.0689
13.8765 58.8103
13.8837 58.584
13.8909 58.386
13.8981 58.2128
13.9042 57.9362
13.9102 57.6941
13.9162 57.6074
13.9222 57.6565
13.9306 58.0744
13.939 58.1901
13.9462 58.0413
13.9534 57.9112
13.9594 57.7973
13.9666 57.8226
13.9739 57.7198
13.9811 57.8798
13.9883 57.8948
13.9967 57.783
14.0039 57.6851
14.0111 57.7245
14.0171 57.6339
14.0243 57.6797
14.0315 57.7197
14.0387 57.6297
14.0471 57.801
14.0568 58.0759
14.0652 58.5664
14.0688 58.3706
14.0748 58.1993
14.0808 57.9244
14.0856 57.6838
14.0916 57.4733
14.0976 57.4142
14.112 57.2374
14.1204 56.9577
14.1265 56.463
14.1337 56.0301
14.1409 55.7764
14.1481 55.6793
14.1553 55.5944
14.1613 55.5201
14.1685 55.4551
14.1757 55.3982
14.1829 55.3484
14.1901 55.5549
14.1973 55.7355
14.2046 55.7686
14.2118 55.7975
14.219 55.9478
14.2262 56.2043
14.2334 56.4288
14.2406 56.6252
14.249 56.922
14.2562 57.1818
14.2634 57.6591
14.2706 58.2017
14.2767 58.8015
14.2863 58.9513
14.2935 58.8324
14.3007 58.6033
14.3079 58.4029
14.3151 58.3525
14.3223 58.3085
14.3295 58.3949
14.3367 58.4706
14.3451 58.5367
14.3524 58.5946
14.3596 58.6453
14.3668 58.6896
14.374 58.6034
14.3824 58.778
14.3896 58.9308
14.3968 59.0644
14.4052 59.1814
14.4124 59.2837
14.4196 59.3732
14.4269 59.4516
14.4341 59.6451
14.4401 59.8145
14.4461 60.0877
14.4521 60.3267
14.4689 60.6609
14.4773 60.9533
14.4821 60.7091
14.4881 60.4955
14.4941 60.1835
14.5002 59.7856
14.5074 59.5624
14.5146 59.3671
14.5254 59.0712
14.5338 58.6873
14.541 58.6014
14.547 58.4012
14.5542 58.2261
14.5614 58.0728
14.5686 57.9387
14.5759 57.9464
14.5843 58.0781
14.5915 58.0683
14.5999 58.0598
14.6071 58.3023
14.6131 58.3895
14.6203 58.4658
14.6263 58.6576
14.6323 58.8254
14.6395 59.2222
14.6516 59.3194
14.6612 59.5295
14.6696 59.5883
14.678 59.7648
14.6852 60.0442
14.6924 60.2887
14.696 60.2526
14.702 60.096
14.7092 59.834
14.7164 59.2298
14.7249 58.701
14.7333 58.3634
14.7405 57.943
14.7489 57.7001
14.7561 57.6126
14.7633 57.536
14.7705 57.594
14.7777 57.6448
14.7849 57.6892
14.7921 57.853
14.7993 57.9964
14.8078 58.1218
14.815 58.1066
14.821 58.2183
14.827 58.316
14.8342 58.6515
14.8462 59.0701
14.8546 59.1863
14.863 59.413
14.8702 59.4864
14.8775 59.5506
14.8871 59.9818
14.8943 60.359
14.9015 60.6892
14.9075 60.728
14.9147 60.637
14.9207 60.1824
14.9279 59.7846
14.9351 59.5615
14.9435 59.1163
14.952 58.8518
14.9592 58.7453
14.9664 58.6521
14.9736 58.5706
14.9808 58.4993
14.9892 58.6869
14.9952 58.726
15.0024 58.8853
15.0084 59.0246
15.0144 59.2715
15.0277 59.4876
15.0361 59.6766
15.0445 59.5921
15.0517 59.5181
15.0589 59.4533
15.0661 59.5216
15.0733 59.5814
15.0805 59.6337
15.0877 59.6795
15.0973 59.8446
15.107 60.114
15.1154 60.5998
15.1202 60.7748
15.1262 60.6779
15.1322 60.4682
15.1382 60.1597
15.1454 59.8897
15.155 59.6535
15.1646 59.4468
15.173 59.266
15.1791 58.9827
15.1863 58.8599
15.1923 58.8774
15.1983 58.8927
15.2055 59.0311
15.2163 59.2772
15.2247 59.3676
15.2331 59.3216
15.2403 59.2814
15.2487 59.3712
15.2548 59.3248
15.262 59.2842
15.2692 59.3737
15.2764 59.452
15.2848 59.5205
15.2932 59.5804
15.3016 59.7579
15.3112 60.1631
15.3196 60.6427
15.3244 60.8124
15.3305 60.8359
15.3365 60.6064
15.3425 60.2806
15.3509 59.8705
15.3593 59.6367
15.3677 59.1821
15.3761 58.9093
15.3821 58.6707
15.3881 58.5868
15.3953 58.6385
15.4014 58.6837
15.411 58.8482
15.4206 58.9922
15.429 58.9932
15.4362 59.119
15.4434 59.2291
15.4506 59.3255
15.4578 59.2848
15.465 59.3742
15.4734 59.5774
15.4807 59.6303
15.4891 59.8015
15.4975 59.9513
15.5071 60.4574
15.5167 60.6502
15.5239 60.8189
15.5323 61.0916
15.5371 60.9551
15.5443 60.8357
15.5503 60.4813
15.5588 60.0461
15.566 59.4153
15.572 58.8634
15.5792 58.6305
15.59 59.0517
15.5996 58.7952
15.608 58.4458
15.6176 58.0151
15.6248 57.6382
15.6321 57.3084
15.6405 57.1449
15.6477 57.0018
15.6561 57.0015
15.6633 57.0013
15.6705 56.8762
15.6789 56.8917
15.6861 56.9052
15.6945 56.917
15.7018 56.9274
15.7102 57.0615
15.7186 57.1788
15.727 57.4065
15.7366 57.8556
15.7462 58.4987
15.7534 59.0614
15.7582 59.3037
15.7642 59.5157
15.7702 59.5763
15.7811 60.2542
15.7907 59.9724
15.8003 59.7259
15.8087 59.3852
15.8159 59.087
15.8243 58.9511
15.8327 58.8322
15.8399 58.7282
15.8483 58.7622
15.8556 58.6669
15.864 58.7085
15.8724 58.87
15.8808 59.0112
15.8892 59.2598
15.8964 59.3523
15.9048 59.4333
15.9132 59.6291
15.9204 59.8005
15.9289 59.9504
15.9385 60.2066
15.9469 60.4308
15.9553 60.752
15.9625 61.158
15.9697 61.6382
15.9781 62.4334
15.9853 62.1293
15.9937 61.6131
16.0022 61.1615
16.0094 60.6413
16.0178 60.1861
16.025 59.7879
16.0334 59.5644
16.0418 59.3688
16.049 59.3227
16.0574 59.2824
16.0658 59.3721
16.073 59.4506
16.0815 59.5192
16.0899 59.5793
16.0983 59.7569
16.1055 59.7873
16.1139 59.8139
16.1223 59.9622
16.1307 60.0919
16.1391 60.3304
16.1451 60.4141
16.1524 60.6123
16.1596 60.9108
16.1728 62.0469
16.1836 62.2911
16.1908 62.1297
16.1968 61.6135
16.204 61.2868
16.21 60.7509
16.2184 60.2821
16.2269 59.9968
16.2365 59.9972
16.2449 59.6226
16.2545 59.4197
16.2629 59.1173
16.2701 58.8526
16.2785 58.621
16.2869 58.4184
16.2953 58.2411
16.3038 58.086
16.3122 58.0752
16.3206 58.0658
16.329 57.9326
16.3362 58.066
16.3434 58.1828
16.3506 58.4099
16.3638 58.6087
16.3734 58.6576
16.3855 58.8254
16.3951 59.0972
16.4023 59.2101
16.4083 59.0588
16.4155 58.8015
16.4215 58.3263
16.4299 57.9105
16.4395 57.4217
16.4491 56.994
16.4576 56.6197
16.466 56.2923
16.4744 56.1307
16.4828 55.9894
16.4912 55.9907
16.4996 55.9919
16.508 56.1179
16.5152 56.1031
16.5224 56.0903
16.5297 56.204
16.5369 56.3035
16.5501 56.6405
16.5597 56.6855
16.5693 56.7248
16.5777 56.7592
16.5873 56.9143
16.5969 57.175
16.6066 57.6531
16.6126 57.8215
16.6198 57.8438
16.6258 57.6133
16.633 57.4117
16.6414 57.3602
16.6498 57.3152
16.6594 57.5258
16.6678 57.4601
16.6762 57.5275
16.6847 57.5866
16.6931 57.7633
16.7015 57.9179
16.7099 58.0531
16.7183 58.2965
16.7255 58.5094
16.7327 58.8208
16.7399 59.0932
16.7507 59.9565
16.7616 60.3369
16.7712 60.6698
16.7796 60.7111
16.788 60.7472
16.7952 60.7788
16.8048 60.9315
16.8144 61.315
16.824 61.9006
16.8289 61.9131
16.8361 61.7989
16.8433 61.5741
16.8517 61.3773
16.8601 61.3301
16.8697 61.2889
16.8793 61.2528
16.8877 60.9712
16.8961 60.9748
16.9046 60.9779
16.913 60.9807
16.9214 61.1081
16.9286 61.0946
16.9358 61.2078
16.943 61.5568
16.955 62.4872
16.9646 62.5513
16.9754 62.6074
16.9827 62.4065
16.9899 62.1056
16.9983 61.9674
17.0067 61.8465
17.0163 61.9907
17.0259 62.2419
17.0355 62.7116
17.0415 62.6227
17.0487 62.4198
17.056 62.1174
17.0632 61.8527
17.0728 61.7461
17.0824 61.7778
17.092 61.9306
17.1004 61.8143
17.1088 61.7125
17.1172 61.7484
17.1244 61.6549
17.1317 61.698
17.1389 61.7358
17.1461 62.0188
17.1593 63.1414
17.1689 63.1238
17.1797 63.1083
17.1869 62.8448
17.1941 62.6142
17.2025 62.4124
17.2098 62.1108
17.2194 62.097
17.229 62.2099
17.241 62.9336
17.2458 62.8169
17.2542 62.4648
17.2614 62.0317
17.2698 61.6527
17.2783 61.3211
17.2879 61.031
17.2999 60.6521
17.3083 60.4456
17.3155 60.1399
17.3227 59.8724
17.3299 59.7634
17.3371 59.7929
17.3491 60.0688
17.36 60.0602
17.3684 60.0527
17.3768 60.0461
17.384 59.9153
17.3924 59.8009
17.4008 59.7008
17.4092 59.7382
17.4188 59.6459
17.4285 59.6902
17.4393 60.1039
17.4477 60.3409
17.4537 60.1733
17.4609 59.9016
17.4681 59.5389
17.4753 59.0966
17.4837 58.5845
17.4945 58.1364
17.5029 57.7444
17.5114 57.4013
17.5186 57.1012
17.5258 56.8385
17.5354 57.1087
17.5462 57.2201
17.557 57.3176
17.5654 57.1529
17.5738 56.8838
17.5823 56.7733
17.5919 56.6766
17.6003 56.7171
17.6087 56.6274
17.6171 56.549
17.6255 56.4804
17.6351 56.5453
17.6459 56.8522
17.6556 57.2456
17.6628 57.4649
17.67 57.4068
17.6772 57.231
17.6856 57.0771
17.694 56.9425
17.7024 56.8246
17.7096 56.7216
17.7168 56.6314
17.724 56.6774
17.7361 56.9678
17.7469 57.0968
17.7553 57.0847
17.7649 57.0741
17.7733 57.1898
17.7817 57.1661
17.7901 57.2703
17.7997 57.3616
17.8082 57.5664
17.8166 57.6206
17.825 57.543
17.8346 57.7251
17.843 57.8845
17.8538 58.1489
17.8646 58.7553
17.8706 58.9109
17.8778 58.797
17.8851 58.5724
17.8923 58.2508
17.9019 57.9695
17.9103 57.7233
17.9175 57.5079
17.9247 57.3194
17.9331 57.4045
17.9439 57.4789
17.9548 57.5441
17.9644 57.601
17.9728 57.5259
17.9812 57.4602
17.9908 57.4027
17.9992 57.4773
18.0076 57.4177
18.0172 57.4904
18.0256 57.4291
18.0353 57.6255
18.0437 57.6723
18.0521 57.7133
18.0629 57.8741
18.0737 58.3898
18.0821 58.8411
18.0881 58.861
18.0953 58.6284
18.1025 58.1748
18.1122 58.028
18.1194 57.6495
18.1278 57.4433
18.135 57.2629
18.1422 57.23
18.1542 57.4513
18.165 57.5198
18.1734 57.3299
18.1831 57.4136
18.1915 57.3619
18.1999 57.1917
18.2095 57.2927
18.2179 57.2561
18.2263 57.3491
18.2347 57.3055
18.2431 57.3923
18.2515 57.4683
18.2612 57.6597
18.2708 57.9523
18.2804 58.3332
18.29 58.7916
18.296 58.9426
18.3032 58.9498
18.3104 58.8311
18.3176 58.4772
18.3272 58.2925
18.3345 58.131
18.3417 57.9896
18.3489 57.9909
18.3621 58.117
18.3729 58.1024
18.3813 57.9646
18.3897 57.844
18.3981 57.7385
18.4066 57.6462
18.415 57.5654
18.4234 57.6198
18.4318 57.6673
18.4402 57.8339
18.4486 57.9796
18.457 58.2322
18.4654 58.4532
18.4726 58.5215
18.4823 58.9563
18.4919 59.4618
18.5003 60.0291
18.5063 60.2754
18.5135 60.366
18.5207 60.1952
18.5267 59.9208
18.5327 59.6807
18.5399 59.4706
18.5543 60.4118
18.5652 60.3603
18.5736 59.9403
18.582 59.5728
18.5904 59.3762
18.5988 59.2041
18.606 59.0536
18.6144 58.9219
18.6228 58.9317
18.6313 59.0652
18.6397 59.1821
18.6481 59.4093
18.6565 59.6081
18.6649 59.7821
18.6721 59.9344
18.6805 60.0676
18.6889 60.1841
18.6985 60.5361
18.7082 61.0941
18.7166 61.4573
18.7214 61.4002
18.7274 61.1001
18.7334 60.8376
18.7394 60.6079
18.7526 61.1569
18.7622 60.8873
18.773 60.6514
18.7815 60.32
18.7899 60.03
18.7971 59.7762
18.8055 59.5542
18.8139 59.3599
18.8223 59.3149
18.8307 59.2756
18.8391 59.3661
18.8475 59.4454
18.856 59.5147
18.8632 59.5753
18.8716 59.6284
18.88 59.6749
18.8884 59.8405
18.8968 59.9855
18.9052 60.2373
18.9148 60.5826
18.9232 61.0098
18.9305 61.2586
18.9353 61.3512
18.9413 61.4323
18.9509 61.7533
18.9605 61.2841
18.9701 60.8736
18.9785 60.2644
18.9869 59.8564
18.9953 59.6243
19.0037 59.4213
19.011 59.1186
19.0194 58.9788
19.0278 58.8564
19.0362 58.8744
19.0434 58.7651
19.0518 58.6694
19.0602 58.7108
19.0686 58.7469
19.077 58.9036
19.0855 59.0406
19.0939 59.1605
19.1011 59.2655
19.1095 59.3573
19.1191 59.6876
19.1275 60.1017
19.1347 60.589
19.1419 61.0153
19.1503 61.7634
19.1588 61.418
19.166 60.7407
19.1744 60.2732
19.1828 59.864
19.1912 59.631
19.1996 59.4271
19.208 59.2487
19.2176 59.2176
19.226 59.3154
19.2345 59.401
19.2429 59.3509
19.2513 59.432
19.2597 59.503
19.2681 59.5651
19.2777 59.6195
19.2861 59.6671
19.2945 59.7087
19.3029 59.7451
19.3114 59.777
19.3198 59.8048
19.327 59.8292
19.3342 60.1006
19.3426 60.463
19.3582 60.9051
19.3654 60.792
19.3726 60.193
19.3798 59.5439
19.3871 58.9759
19.3955 58.4789
19.4039 58.044
19.4135 57.6635
19.4219 57.3306
19.4303 57.1643
19.4399 57.1437
19.4483 57.1258
19.4568 57.11
19.4652 57.0963
19.4736 57.0843
19.482 57.0737
19.4916 57.1895
19.5 57.4158
19.5084 57.4888
19.5168 57.5527
19.524 57.7336
19.5313 57.8919
19.5385 58.1554
19.5529 58.511
19.5661 59.1971
19.5721 59.2975
19.5793 59.1353
19.5865 58.8684
19.5937 58.5098
19.6021 58.1961
19.6106 57.9216
19.6214 57.5564
19.6298 57.2368
19.6394 57.2072
19.6478 57.0563
19.6562 57.0493
19.6646 56.9181
19.673 56.9284
19.6815 56.9373
19.6899 56.8202
19.6983 56.8426
19.7067 56.7373
19.7151 56.7701
19.7223 56.7989
19.7295 56.824
19.7367 56.971
19.7487 57.2246
19.7608 57.4466
19.7704 57.7657
19.7812 58.295
19.786 58.2581
19.7932 58.1009
19.8004 57.8383
19.8076 57.4835
19.816 57.173
19.8256 56.9014
19.8353 56.5387
19.8437 56.2214
19.8533 56.0687
19.8617 55.9351
19.8701 55.9432
19.8785 55.8253
19.8869 55.7222
19.8953 55.6319
19.9037 55.5529
19.9134 55.7338
19.9206 55.6421
19.9278 55.5618
19.935 55.6166
19.9434 55.9145
19.9542 56.3002
19.965 56.6377
19.977 57.058
19.9867 57.4257
19.9927 57.4975
19.9999 57.4353
20.0059 57.0059
20.0143 56.6302
20.0239 56.4264
20.0323 56.2481
20.0419 56.0921
20.0504 55.9556
20.0588 55.8361
20.0672 55.7316
20.1057 59.3902
20.1177 58.2164
20.155 57.0643
20.1694 56.4313
20.2078 56.0024
20.2259 56.0021
20.2703 56.8768
20.298 58.7672
20.3436 60.5463
20.352 62.228
20.3604 63.5745
20.3689 64.6277
20.3797 65.9242
20.3917 67.4337
20.4013 69.0045
20.4121 70.6289
20.4229 72.3003
20.4337 74.0128
20.4458 75.8862
20.4566 77.9004
20.4674 79.9129
20.4806 82.2987
20.4938 84.8864
20.5046 87.4006
20.5142 89.9755
20.5239 92.4786
20.5323 94.9188
20.5419 97.3039
20.5515 99.7659
20.5611 102.295
20.5695 104.758
20.5791 107.289
20.5887 109.752
20.5996 112.408
20.6164 115.357
20.632 118.563
20.6464 121.742
20.6596 124.65
20.6729 127.443
20.6813 129.888
20.6909 132.152
20.6993 134.133
20.7077 135.741
20.7161 137.274
20.7257 138.614
20.7341 139.913
20.7438 141.049
20.7522 142.042
20.7678 143.787
20.7834 146.189
20.8014 149.04
20.8279 153.035
20.8507 157.781
20.8711 162.933
20.8783 167.192
20.8879 170.918
20.906 174.303
20.9168 176.89
20.9252 179.154
20.9348 181.01
20.9432 182.508
20.96 184.695
20.9817 187.733
21.0045 191.266
21.0393 196.483
21.0658 201.048
21.0886 205.042
21.0934 206.536
21.0982 207.344
21.103 207.551
21.1078 207.232
21.1126 206.578
21.1175 205.381
21.1223 203.833
21.1271 201.979
21.1559 202.732
21.1787 201.14
21.2112 200.998
21.2388 200.123
21.2616 198.983
21.2665 195.735
21.2713 192.268
21.2761 188.61
21.2809 184.783
21.2917 181.56
21.3037 178.99
21.3145 176.867
21.3253 175.133
21.3361 173.742
21.347 172.649
21.3722 173.693
21.3998 174.856
21.4227 175.374
21.4275 173.577
21.4323 171.38
21.4431 169.583
21.4551 168.135
21.4647 166.743
21.4743 165.525
21.4875 164.834
21.4972 164.105
21.5068 163.342
21.5212 163.299
21.5368 163.387
21.5644 163.589
21.5825 163.14
21.5897 162.372
21.5969 161.451
21.6065 160.895
21.6161 160.658
21.6245 160.45
21.6341 160.519
21.6426 160.454
21.651 160.398
21.669 160.598
21.6846 160.898
21.7002 161.286
21.7267 161.375
21.7399 160.828
21.7447 159.725
21.7495 158.134
21.7555 156.117
21.7603 153.728
21.7687 151.387
21.7783 149.213
21.7903 147.562
21.8 145.991
21.8108 144.743
21.8216 143.65
21.836 142.694
21.86 141.607
21.8733 140.656
21.8829 139.574
21.8973 139.252
21.9153 139.971
21.9321 141.474
21.9514 143.79
21.9694 146.816
21.9826 149.839
21.9922 152.484
22.003 154.799
22.0126 156.699
22.0223 158.362
22.0319 159.691
22.0415 160.73
22.0547 162.014
22.0703 163.387
22.0883 164.589
22.104 165.39
22.1136 166.341
22.1256 167.299
22.1436 168.136
22.1568 168.869
22.1773 169.511
22.1905 170.072
22.2025 170.313
22.2157 170.399
22.2277 170.349
22.2397 170.43
22.2506 170.626
22.2626 171.048
22.277 171.292
22.2878 171.506
22.2986 171.692
22.3166 171.856
22.3299 171.999
22.3515 172.249
22.3599 171.843
22.3683 171.113
22.3743 169.598
22.3851 168.149
22.3984 167.005
22.408 165.754
22.42 164.66
22.4356 163.953
22.4464 163.334
22.456 162.667
22.4729 161.833
22.4861 161.229
22.5053 160.326
22.5137 159.285
22.5221 158.124
22.5353 157.484
22.5486 157.173
22.5606 157.027
22.5714 156.898
22.581 156.786
22.5906 156.813
22.6002 156.961
22.6098 157.091
22.6255 158.08
22.6543 160.445
22.6651 159.514
22.6807 158.7
22.6976 158.112
22.7108 157.473
22.7216 156.914
22.7336 156.425
22.7468 156.122
22.7576 155.732
22.7709 155.515
22.7817 155.201
22.8009 155.926
22.8105 155.185
22.8213 154.412
22.8345 153.61
22.849 152.534
22.8586 151.217
22.8694 149.94
22.8778 148.323
22.8874 146.657
22.9006 145.325
22.9114 144.034
22.9307 143.78
22.9439 142.933
22.9523 141.816
22.9607 140.339
22.9727 139.047
22.9859 138.041
23.0016 137.661
23.0148 137.453
23.0256 137.147
23.0376 136.878
23.0496 136.643
23.0628 136.688
23.0737 136.727
23.0845 136.886
23.0917 136.775
23.1025 136.928
23.1109 136.812
23.1217 136.961
23.1506 139.466
23.1674 140.158
23.1794 140.263
23.1926 139.98
23.2058 139.357
23.2166 138.813
23.2227 137.586
23.2311 136.138
23.2443 134.996
23.2575 134.121
23.2719 133.606
23.2851 133.53
23.2948 133.089
23.3056 132.578
23.3164 132.006
23.3272 131.38
23.3392 130.832
23.35 130.353
23.3596 129.559
23.3729 128.989
23.3837 128.366
23.3969 127.945
23.4077 127.452
23.4221 127.52
23.4341 127.58
23.4474 127.758
23.4594 127.913
23.4714 128.049
23.4834 128.168
23.4942 128.272
23.5062 128.363
23.5182 128.442
23.5303 128.512
23.5447 128.823
23.5567 129.095
23.5675 129.333
23.5771 129.542
23.5855 129.599
23.5952 129.649
23.6036 129.568
23.6144 129.622
23.63 130.419
23.6456 130.492
23.6612 130.555
23.6769 130.486
23.6925 130.425
23.7069 130.622
23.7165 130.419
23.7273 130.117
23.7369 129.602
23.7466 128.902
23.7574 128.289
23.7694 127.753
23.779 127.034
23.7922 126.655
23.8042 126.448
23.8162 126.267
23.8295 126.359
23.8403 126.314
23.8511 126.274
23.8595 125.74
23.8715 125.398
23.8835 125.098
23.8956 124.961
23.9064 124.716
23.9184 124.626
23.9304 124.548
23.9424 124.604
23.9556 124.779
23.9676 124.931
23.9773 124.94
23.9869 124.573
23.9977 124.251
24.0085 123.845
24.0205 123.614
24.0301 123.162
24.0409 122.642
24.053 122.187
24.0626 121.913
24.071 121.549
24.0818 121.481
24.0914 121.545
24.1034 121.852
24.1142 122.371
24.1299 122.824
24.1455 123.221
24.1623 123.819
24.1767 124.216
24.1851 123.939
24.196 123.572
24.2056 123
24.2164 122.5
24.2248 121.813
24.2344 121.086
24.2452 120.45
24.256 120.019
24.2668 119.517
24.2777 119.077
24.2897 118.818
24.3005 118.715
24.3125 118.751
24.3233 118.782
24.3353 119.059
24.3474 119.427
24.3606 119.999
24.3714 120.499
24.3822 121.061
24.3918 121.304
24.4014 121.391
24.411 121.467
24.4219 121.409
24.4327 121.357
24.4411 121.063
24.4519 120.805
24.4627 120.579
24.4735 120.382
24.4843 120.334
24.4964 120.417
24.5072 120.49
24.518 120.429
24.5288 120.5
24.5396 120.563
24.548 120.492
24.5564 120.431
24.5648 120.252
24.5757 120.471
24.5865 120.912
24.5973 121.673
24.6069 122.339
24.6177 123.296
24.6297 123.759
24.6405 123.789
24.6526 123.566
24.6634 122.995
24.6742 122.371
24.6838 121.574
24.6934 120.752
24.7042 120.158
24.715 119.639
24.7259 119.059
24.7379 118.801
24.7487 118.701
24.7607 118.739
24.7727 119.021
24.7847 119.519
24.7943 119.829
24.804 119.975
24.8136 120.103
24.8232 120.09
24.8328 119.954
24.8436 119.96
24.8532 119.84
24.8652 119.985
24.8761 120.237
24.8845 120.082
24.8965 120.197
24.9061 120.172
24.9181 120.401
24.9277 120.476
24.9385 120.541
24.947 120.349
24.9578 120.305
24.9674 120.142
24.9782 120.124
24.9902 120.359
25.001 120.564
25.0118 120.743
25.0239 121.15
25.0335 121.382
25.0431 121.834
25.0515 122.23
25.0599 122.451
25.0671 122.645
25.0743 122.689
25.0815 122.603
25.0911 122.653
25.1044 122.571
25.1164 122.375
25.1296 122.078
25.1416 121.568
25.1524 120.997
25.1644 120.747
25.1753 120.654
25.1837 120.197
25.1957 120.048
25.2053 119.917
25.2125 119.427
25.2221 118.999
25.2329 118.624
25.2413 118.171
25.251 117.774
25.2618 117.553
25.2714 117.359
25.2822 117.314
25.2918 117.15
25.3026 117.131
25.3134 117.239
25.3231 117.335
25.3339 117.418
25.3435 117.616
25.3543 117.914
25.3639 118.049
25.3723 118.043
25.3831 118.163
25.3939 118.267
25.4036 118.359
25.4144 118.564
25.4252 118.869
25.4336 119.01
25.4444 119.259
25.4552 119.601
25.4672 120.151
25.4781 120.757
25.4877 121.163
25.4985 121.642
25.5045 121.562
25.5105 121.242
25.5189 121.087
25.5261 120.951
25.5345 120.832
25.5417 120.603
25.5502 120.528
25.5574 120.337
25.5706 120.795
25.5826 120.82
25.5958 120.718
25.6066 120.378
25.6174 119.831
25.6271 119.227
25.6367 118.574
25.6463 118.002
25.6547 117.252
25.6643 116.595
25.6739 116.021
25.6823 115.518
25.6919 115.078
25.7028 114.944
25.7112 114.826
25.7208 114.722
25.7304 114.757
25.7412 115.037
25.7496 115.158
25.7592 115.388
25.7676 115.465
25.7773 115.656
25.7881 116.199
25.7965 116.55
25.8061 116.981
25.8145 117.233
25.8253 117.704
25.8337 117.991
25.8433 118.367
25.853 118.696
25.8626 119.109
25.871 119.346
25.8806 119.677
25.8902 120.093
25.901 120.706
25.9106 121.368
25.9214 122.197
25.9287 122.672
25.9383 123.213
25.9467 123.562
25.9539 123.616
25.9623 123.664
25.9707 123.581
25.9791 123.509
25.9875 123.32
25.9959 123.28
26.0032 123.37
26.0104 123.449
26.0176 123.518
26.026 123.578
26.032 123.506
26.0452 124.318
26.056 124.028
26.068 123.774
26.0777 123.178
26.0909 122.78
26.1005 122.183
26.1089 121.535
26.1173 120.968
26.1269 120.597
26.1365 120.397
26.1449 120.098
26.1522 119.711
26.1618 119.497
26.1702 119.31
26.1798 119.146
26.1882 119.128
26.1978 119.112
26.2062 119.098
26.2158 119.211
26.2255 119.434
26.2351 119.755
26.2435 120.036
26.2531 120.406
26.2615 120.605
26.2711 121.03
26.2807 121.401
26.2891 121.851
26.2975 122.119
26.306 122.23
26.3144 122.451
26.324 122.645
26.3336 122.939
26.3432 123.447
26.3516 123.766
26.3612 124.17
26.3696 124.524
26.3793 124.958
26.3865 125.089
26.3937 125.077
26.4021 125.068
26.4117 125.059
26.4201 125.177
26.4273 125.03
26.4357 124.776
26.4429 124.429
26.4514 124.125
26.4586 123.61
26.467 123.159
26.4742 122.639
26.4814 122.059
26.4898 121.677
26.4958 121.217
26.503 120.94
26.5102 120.697
26.5186 120.61
26.5271 120.784
26.5343 120.936
26.5487 120.944
26.5595 120.951
26.5703 120.832
26.5811 120.728
26.5919 120.387
26.6016 119.964
26.61 119.468
26.6172 119.035
26.6256 118.655
26.634 118.198
26.6424 117.924
26.6508 117.808
26.6592 117.832
26.6676 117.853
26.6749 117.746
26.6833 117.903
26.6917 118.04
26.7001 118.285
26.7085 118.625
26.7169 118.922
26.7265 119.431
26.7349 119.877
26.7409 120.143
26.7494 120.5
26.7578 120.812
26.7662 121.211
26.7746 121.684
26.7818 121.974
26.7914 122.477
26.7998 122.918
26.8082 123.553
26.8154 123.984
26.8251 124.611
26.8323 125.034
26.8395 125.405
26.8467 125.604
26.8539 125.654
26.8611 125.822
26.8659 125.469
26.8731 125.161
26.8803 124.766
26.8863 124.295
26.8947 123.883
26.902 123.398
26.9104 123.098
26.9176 122.836
26.926 122.606
26.9356 122.655
26.944 122.824
26.9524 122.971
26.9608 123.099
26.968 123.212
26.9765 123.31
26.9825 123.272
26.9909 123.488
26.9969 123.677
27.0041 124.092
27.0101 124.456
27.0173 124.774
27.0245 125.177
27.0305 125.53
27.0413 126.464
27.0498 126.531
27.0582 126.339
27.0678 126.047
27.0786 125.916
27.0882 125.802
27.0954 125.326
27.1026 124.911
27.1098 124.422
27.1182 124.119
27.1255 123.854
27.1327 123.497
27.1399 123.06
27.1471 122.678
27.1555 122.468
27.1627 122.159
27.1711 122.14
27.1795 122.122
27.1867 121.982
27.1951 122.109
27.2036 122.22
27.2108 122.193
27.2192 122.419
27.2264 122.491
27.2372 122.93
27.2456 123.439
27.2552 124.134
27.2636 124.867
27.2708 125.384
27.2769 125.586
27.2829 125.638
27.2877 125.308
27.2949 124.894
27.3009 124.408
27.3081 123.982
27.3153 123.609
27.3213 123.033
27.3285 122.404
27.3357 121.853
27.3441 121.497
27.3526 121.185
27.361 121.036
27.3682 120.907
27.3766 120.794
27.385 120.819
27.3922 120.842
27.4006 120.987
27.409 121.238
27.4174 121.459
27.4234 121.526
27.4331 121.835
27.4403 121.981
27.4475 122.108
27.4535 122.22
27.4595 122.317
27.4667 122.403
27.4727 122.477
27.4787 122.543
27.4859 122.725
27.4919 122.884
27.4991 123.274
27.5052 123.614
27.5148 124.413
27.5244 124.736
27.534 124.894
27.5424 125.032
27.552 125.153
27.5616 125.134
27.57 124.992
27.5773 124.618
27.5845 124.291
27.5905 123.755
27.5977 123.285
27.6049 122.875
27.6121 122.515
27.6205 122.326
27.6277 122.16
27.6349 121.89
27.6433 121.904
27.6506 121.916
27.659 121.926
27.6686 122.311
27.677 122.772
27.6854 123.425
27.6926 123.872
27.7022 124.638
27.707 125.058
27.713 125.301
27.719 125.263
27.7251 125.106
27.7311 124.842
27.7383 124.487
27.7443 124.051
27.7503 123.545
27.7575 123.102
27.7635 122.464
27.7707 121.906
27.7791 121.668
27.7863 121.459
27.7947 121.277
27.8032 121.367
27.8104 121.321
27.82 121.531
27.826 121.34
27.832 120.922
27.838 120.557
27.8464 120.362
27.8536 120.192
27.862 120.168
27.8692 120.147
27.8765 120.129
27.8849 120.113
27.8909 119.974
27.8981 119.977
27.9053 119.98
27.9137 119.982
27.9197 119.984
27.9257 119.986
27.9329 120.113
27.9389 120.224
27.9461 120.571
27.951 120.75
27.957 120.906
27.963 121.043
27.9702 121.412
27.981 122.236
27.9906 122.456
27.999 122.524
28.005 122.084
28.0158 121.823
28.0242 121.47
28.0327 120.912
28.0399 120.423
28.0459 119.87
28.0543 119.511
28.0615 119.197
28.0687 118.923
28.0747 118.557
28.0831 118.488
28.0891 118.177
28.0975 118.03
28.1036 117.776
28.1108 117.554
28.118 117.36
28.1252 117.315
28.1336 117.4
28.1408 117.35
28.1468 117.182
28.1552 117.284
28.1588 116.873
28.166 116.639
28.1708 116.059
28.1781 115.677
28.1853 115.217
28.1925 114.815
28.1985 114.338
28.2045 113.796
28.2117 113.321
28.2201 113.156
28.2261 112.887
28.2333 112.526
28.2417 112.335
28.2477 112.043
28.2562 112.038
28.2622 111.908
28.2694 111.795
28.2766 111.695
28.2838 111.483
28.2922 111.548
28.2982 111.479
28.3054 111.42
28.3138 111.492
28.321 111.681
28.3283 111.845
28.3355 111.865
28.3427 111.882
28.3511 112.146
28.3571 112.253
28.3655 112.472
28.3727 112.663
28.3787 112.705
28.3859 112.992
28.3919 113.243
28.3979 113.462
28.4052 113.905
28.4112 114.417
28.416 114.614
28.4232 115.038
28.4292 115.533
28.4352 115.966
28.4436 116.596
28.452 117.146
28.4616 117.503
28.47 117.815
28.4809 118.088
28.4905 118.452
28.4989 118.521
28.5061 118.706
28.5121 118.742
28.5181 118.65
28.5241 118.443
28.5313 118.138
28.5385 117.871
28.5445 117.512
28.5505 117.073
28.5578 116.689
28.5662 116.603
28.5734 116.527
28.5818 116.586
28.589 116.763
28.5962 117.043
28.6034 117.287
28.6094 117.376
28.6154 117.329
28.6226 117.288
28.6287 117.127
28.6347 116.861
28.6419 116.629
28.6491 116.55
28.6539 116.106
28.6611 115.843
28.6683 115.613
28.6743 115.286
28.6815 115
28.6875 114.625
28.6959 114.422
28.702 114.119
28.7104 114.104
28.7176 114.216
28.7236 114.189
28.732 114.291
28.7392 114.504
28.7464 114.691
28.7536 114.855
28.762 115.248
28.768 115.467
28.7752 115.659
28.7837 115.951
28.7897 116.082
28.7981 116.447
28.8053 116.766
28.8113 116.92
28.8185 117.055
28.8257 117.173
28.8341 117.652
28.8401 117.945
28.8485 118.327
28.8546 118.536
28.8618 118.844
28.8678 119.239
28.8738 119.584
28.8798 120.011
28.8858 120.385
28.893 121.086
28.9002 121.826
28.9062 122.472
28.9134 123.288
28.923 124.502
28.9315 125.065
28.9375 125.181
28.9459 125.034
28.9531 124.78
28.9627 124.557
28.9687 123.987
28.9759 123.489
28.9819 122.928
28.9891 122.562
28.9951 122.117
29.0036 121.852
29.0108 121.621
29.018 121.418
29.0252 121.366
29.0324 121.32
29.0396 121.28
29.0468 121.245
29.054 121.464
29.0588 121.281
29.0648 120.996
29.072 120.872
29.0781 120.638
29.0853 120.433
29.0913 120.129
29.0961 119.613
29.1033 119.161
29.1105 118.766
29.1177 118.42
29.1249 118.118
29.1321 117.978
29.1393 117.856
29.1465 117.874
29.1538 117.89
29.161 117.903
29.1682 118.04
29.1754 118.16
29.1826 118.265
29.1886 118.232
29.197 118.453
29.203 118.522
29.2114 118.706
29.2174 118.743
29.2246 118.775
29.2319 118.803
29.2391 118.953
29.2463 119.209
29.2535 119.433
29.2595 119.504
29.2679 119.691
29.2751 119.979
29.2823 120.232
29.2883 120.328
29.2955 120.537
29.3028 120.72
29.3088 120.755
29.316 120.785
29.3232 121.062
29.3304 121.304
29.3376 121.766
29.3436 122.296
29.3496 122.759
29.3556 123.289
29.3604 123.753
29.3676 124.284
29.3724 124.748
29.3773 125.03
29.3821 125.276
29.3929 125.241
29.4013 125.211
29.4097 125.06
29.4181 124.927
29.4265 124.686
29.4349 124.351
29.4421 124.057
29.4493 123.8
29.4566 123.575
29.4626 123.378
29.471 123.331
29.4758 123.039
29.483 122.784
29.4878 122.436
29.4926 121.882
29.4974 121.147
29.5046 120.503
29.5106 119.94
29.5166 119.323
29.5226 118.657
29.5287 118.075
29.5347 117.441
29.5419 116.886
29.5479 116.4
29.5551 116.1
29.5623 115.838
29.5695 115.733
29.5755 115.516
29.5839 115.452
29.5899 115.395
29.5971 115.471
29.6044 115.537
29.6104 115.595
29.6176 115.645
29.6248 115.69
29.632 115.854
29.638 115.872
29.6464 116.138
29.6524 116.371
29.6596 116.574
29.6668 116.753
29.6728 116.908
29.6801 117.17
29.6873 117.399
29.6945 117.724
29.7005 117.883
29.7077 118.023
29.7149 118.27
29.7209 118.361
29.7281 118.566
29.7353 118.87
29.7413 119.012
29.7497 119.26
29.757 119.603
29.7642 120.027
29.7714 120.399
29.7786 120.849
29.7858 121.243
29.7918 121.463
29.799 121.905
29.8038 121.917
29.8086 121.927
29.8146 121.936
29.8194 121.944
29.8254 122.076
29.8315 122.192
29.8375 122.418
29.8423 122.615
29.8483 122.789
29.8543 123.065
29.8603 123.307
29.8747 123.518
29.8843 123.829
29.8915 123.85
29.8975 123.494
29.9072 123.307
29.9156 123.019
29.9216 122.391
29.9276 121.842
29.9324 121.112
29.9396 120.473
29.9444 119.789
29.9504 119.065
29.9564 118.307
29.9624 117.644
29.9672 116.813
29.9732 116.087
29.9805 115.576
29.9877 115.129
29.9937 114.738
30.0009 114.521
30.0069 114.205
30.0129 113.93
30.0189 113.564
30.0238 113.118
30.0286 112.603
30.0334 111.903
30.0382 111.165
30.0442 110.519
30.049 109.579
30.0538 108.632
30.0586 107.553
30.0634 106.484
30.0682 105.423
30.0742 104.371
30.079 103.324
30.0838 102.159
30.0886 100.889
30.0934 99.6527
30.0995 98.5711
30.1043 97.3747
30.1091 96.2029
30.1139 94.8025
30.1187 93.4522
30.1235 92.1457
30.1295 90.8775
30.1343 89.6428
30.1392 88.4374
30.144 87.1328
30.1488 85.7412
30.1536 84.3985
30.1584 83.0987
30.1632 81.8364
30.1692 80.7318
30.174 79.5153
30.1788 78.2009
30.1836 76.9258
30.1884 75.6851
30.1932 74.4744
30.198 73.2901
30.2041 72.1289
30.2089 70.8628
30.2137 69.6299
30.2185 68.4262
30.2233 67.3729
30.2281 66.4513
30.2317 65.3949
30.2365 64.4705
30.2413 63.6617
30.2449 62.704
30.2497 61.991
30.2545 61.3671
30.2606 60.9462
30.2654 60.5779
30.2702 60.2557
30.275 59.9737
30.2798 59.727
30.2846 59.5111
30.2894 59.3223
30.2942 59.282
30.299 59.2467
30.305 59.3409
30.3098 59.4233
30.3146 59.6204
30.3182 59.6678
30.323 59.8343
30.3278 59.98
30.3327 60.2325
30.3687 64.4535
30.3747 61.6468
30.4024 58.1909
30.4096 55.2921
30.4348 52.3806
30.4432 50.083
30.4697 48.1976
30.4805 46.7979
30.5093 45.9482
30.5225 45.4547
30.5538 45.2728
30.5646 44.8637
30.5934 44.2558
30.6006 43.9738
30.6067 43.8521
30.6139 43.9956
30.6211 44.4961
30.6271 45.0591
30.6343 45.8017
30.6415 46.7015
30.6487 47.7388
30.6547 48.7715
30.6619 49.925
30.6691 51.3094
30.6751 52.6457
30.6824 54.065
30.6896 55.5569
30.6956 56.9873
30.7028 58.4889
30.71 60.0528
30.716 61.5462
30.7232 63.2279
30.7304 64.9494
30.7376 66.7057
30.7436 68.3675
30.7508 70.0716
30.7581 71.9376
30.7641 73.6954
30.7713 75.4835
30.7785 77.2981
30.7845 79.0108
30.7905 80.6344
30.7965 82.3051
30.8025 84.017
30.8085 85.7649
30.8145 87.6693
30.8193 89.4606
30.8241 91.153
30.8289 92.6339
30.835 94.1797
30.8398 95.6572
30.8446 97.0751
30.8506 98.5657
30.859 100.12
30.8662 101.73
30.8722 103.014
30.8794 104.137
30.8842 104.995
30.8902 105.621
30.8962 106.043
30.9022 106.413
30.9071 106.736
30.9119 106.894
30.9179 107.157
30.9227 107.513
30.9275 107.824
30.9335 108.221
30.9383 108.568
30.9443 108.997
30.9491 109.372
30.9539 109.576
30.9587 109.754
30.9647 110.035
30.9719 110.405
30.9779 110.48
30.984 110.545
30.9912 110.727
30.9972 111.011
31.0032 111.259
31.008 111.227
31.014 111.199
31.0188 111.174
31.0248 111.277
31.0296 111.367
31.0356 111.572
31.0404 111.75
31.0536 110.781
31.0597 110.059
31.0657 109.426
31.0717 108.873
31.0777 108.389
31.0837 108.09
31.0897 107.829
31.0957 107.6
31.1005 107.275
31.1077 107.241
31.1125 107.086
31.1173 106.825
31.1233 106.722
31.1305 106.757
31.1366 106.787
31.1414 106.689
31.1486 106.853
31.1594 107.621
31.163 107.418
31.169 107.241
31.1738 107.086
31.1798 107.075
31.1846 107.066
31.1894 107.183
31.1954 107.41
31.2014 107.734
31.2062 107.892
31.2135 108.28
31.2207 108.495
31.2279 108.183
31.2351 108.035
31.2423 107.781
31.2495 107.558
31.2567 107.239
31.2639 106.834
31.2699 106.48
31.2759 106.17
31.2807 105.773
31.2868 105.552
31.2916 105.233
31.2976 104.954
31.3036 104.709
31.3084 104.496
31.3144 104.309
31.3216 104.27
31.3276 104.361
31.3336 104.441
31.3396 104.511
31.3456 104.572
31.3528 104.876
31.3601 105.266
31.3673 105.608
31.3733 105.782
31.3793 105.934
31.3841 105.942
31.3913 106.075
31.3961 106.065
31.4021 106.182
31.4081 106.284
31.4153 106.499
31.4213 106.686
31.4273 106.976
31.4334 107.229
31.4394 107.45
31.4442 107.519
31.449 107.329
31.4562 107.413
31.4634 107.486
31.4706 107.55
31.4766 107.357
31.4826 107.187
31.485 106.664
31.4874 105.831
31.491 104.727
31.4982 104.011
31.503 103.26
31.5103 102.727
31.5163 102.136
31.5223 101.619
31.5283 101.167
31.5343 100.771
31.5391 100.3
31.5451 100.012
31.5499 99.5106
31.5559 99.3218
31.5607 99.1566
31.5679 99.387
31.5739 99.5886
31.5799 99.7651
31.5823 99.5444
31.5872 99.3514
31.592 99.0574
31.598 99.0503
31.6064 99.169
31.6124 99.0229
31.6196 98.77
31.6268 98.5488
31.6328 98.1052
31.64 97.842
31.6448 97.2368
31.6508 96.7072
31.6568 96.3688
31.6629 96.0727
31.6689 95.8136
31.6737 95.4619
31.6797 95.2792
31.6857 95.1193
31.6917 94.9794
31.6989 95.1069
31.7049 95.2186
31.7097 95.3162
31.7145 95.2767
31.7193 95.2421
31.7253 95.2119
31.7301 95.1854
31.7362 95.1622
31.7422 95.2669
31.747 95.1086
31.7542 95.22
31.7602 95.4425
31.765 95.3872
31.7698 95.3388
31.7722 94.9214
31.7746 94.1813
31.7782 93.2836
31.783 92.4981
31.789 91.8109
31.795 91.3345
31.7998 90.6677
31.8046 90.0842
31.8107 89.5737
31.8155 89.002
31.8215 88.6267
31.8275 88.2984
31.8323 88.0111
31.8383 87.7597
31.8443 87.6647
31.8503 87.5817
31.8551 87.5089
31.8575 86.9453
31.8623 86.4522
31.8683 86.0206
31.8731 85.5181
31.8791 85.2033
31.884 84.6779
31.89 84.3432
31.8948 83.9253
31.9008 83.6846
31.9056 83.474
31.9104 83.2898
31.9152 83.2535
31.92 83.2219
31.926 83.4441
31.9308 83.6386
31.9356 83.8088
31.9392 83.9577
31.944 84.088
31.9488 84.202
31.9536 84.4267
31.9609 84.7484
31.9681 85.0298
31.9753 85.2761
31.9825 85.4916
31.9873 85.4301
31.9909 84.8764
31.9957 84.1418
32.0005 83.4991
32.0053 82.8117
32.0101 82.2102
32.0149 81.559
32.0209 81.1141
32.0257 80.7248
32.0317 80.5092
32.0366 80.1956
32.0426 80.0461
32.0486 80.0404
32.0534 80.0353
32.0594 80.1559
32.0642 80.2614
32.0702 80.3537
32.0762 80.5595
32.081 80.7396
32.0858 80.7721
32.0906 80.8006
32.0954 80.8255
32.1014 80.8473
32.1062 80.8664
32.1123 81.0081
32.1171 81.1321
32.1219 81.1156
32.1279 81.2261
32.1327 81.3229
32.1387 81.4075
32.1435 81.4816
32.1483 81.5464
32.1543 81.7281
32.1591 81.8871
32.1651 82.1512
32.1699 82.1323
32.1747 82.1158
32.1795 82.1013
32.1856 82.2136
32.1904 82.3119
32.1952 82.3979
32.2012 82.4732
32.206 82.414
32.2108 82.3623
32.2156 82.317
32.2216 82.4024
32.2264 82.4771
32.2324 82.5424
32.2384 82.7246
32.2444 83.0091
32.2504 83.3829
32.2552 83.7101
32.2601 83.9963
32.2661 84.3718
32.2709 84.4503
32.2733 84.269
32.2781 84.1104
32.2817 83.8466
32.2865 83.7408
32.2913 83.7732
32.2949 83.6765
32.2997 83.5919
32.3033 83.518
32.3081 83.5782
32.3129 83.6309
32.3177 83.8021
32.3225 84.0768
32.3273 84.4422
32.3333 85.0119
32.3394 85.3854
32.3466 85.7123
32.3526 85.8732
32.3586 85.8891
32.3646 85.7779
32.3694 85.4307
32.3742 84.8769
32.379 84.3923
32.3838 83.8432
32.3886 83.3628
32.3934 82.9425
32.3982 82.5747
32.403 82.2528
32.4078 81.9712
32.4139 81.8498
32.4187 81.7436
32.4235 81.6506
32.4295 81.8193
32.4343 81.9669
32.4391 82.096
32.4451 82.334
32.4499 82.5423
32.4547 82.7245
32.4607 83.0089
32.4655 83.2578
32.4703 83.6006
32.4751 83.9005
32.4787 83.9129
32.4835 83.9238
32.4884 84.0583
32.4932 84.1761
32.4992 84.404
32.504 84.6035
32.5088 84.7781
32.5136 84.9308
32.5184 85.0645
32.5244 85.4314
32.5304 85.8775
32.5364 86.3928
32.5412 86.8437
32.5448 87.1132
32.5496 87.3491
32.5544 87.5554
32.5593 87.736
32.5617 87.644
32.5665 87.5635
32.5713 87.4931
32.5761 87.4314
32.5797 87.2525
32.5845 87.0959
32.5893 86.959
32.5941 86.8391
32.5989 86.7342
32.6037 86.6424
32.6097 86.6871
32.6145 86.7262
32.6193 86.8854
32.6253 87.1498
32.6301 87.381
32.635 87.4584
32.641 87.7761
32.6458 88.0541
32.6482 88.0473
32.653 87.9164
32.6578 87.9269
32.6626 87.936
32.6674 88.194
32.671 88.2948
32.6746 88.3829
32.6794 88.585
32.6818 88.5119
32.6854 88.5729
32.6878 88.3763
32.6926 88.3293
32.6974 88.4131
32.7022 88.7365
32.7058 88.8944
32.7131 89.5326
32.7191 89.716
32.7239 89.6265
32.7299 89.4232
32.7347 89.1203
32.7407 88.8553
32.7455 88.3734
32.7503 87.8267
32.7551 87.3484
32.7599 86.8048
32.7623 86.0792
32.7671 85.4443
32.7707 84.7638
32.7755 84.1683
32.7803 83.6473
32.7839 83.0664
32.7888 82.5581
32.7936 82.2383
32.7984 81.9585
32.8032 81.8387
32.8092 81.9839
32.814 81.9859
32.82 82.2376
32.8248 82.4579
32.8308 82.9007
32.8356 83.2881
32.8416 83.8771
32.8452 84.2675
32.8488 84.484
32.8512 84.4235
32.8548 84.2456
32.8597 84.0899
32.8633 83.9536
32.8681 83.9594
32.8717 83.7145
32.8765 83.6252
32.8801 83.422
32.8849 83.2443
32.8897 83.0888
32.8945 83.0777
32.8993 83.0679
32.9041 83.1845
32.9089 83.1614
32.9137 83.2662
32.9185 83.3579
32.9233 83.5632
32.9281 83.8678
32.9329 84.0093
32.9378 84.2582
32.9426 84.4759
32.9462 84.6664
32.951 84.7081
32.9546 84.7446
32.9594 84.7765
32.963 84.6794
32.9678 84.5945
32.9726 84.6452
32.9774 84.6896
32.9822 84.8534
32.987 84.9967
32.9906 84.9971
32.9954 85.1225
33.0002 85.2322
33.005 85.4531
33.0099 85.5215
33.0147 85.7063
33.0195 85.868
33.0231 86.0095
33.0279 86.1333
33.0327 86.2417
33.0363 86.3364
33.0411 86.6694
33.0435 86.7107
33.0483 86.9969
33.0519 87.1223
33.0555 87.357
33.0603 87.6874
33.0639 87.9764
33.0687 88.3544
33.0723 88.8101
33.0771 89.3338
33.0807 89.7921
33.0856 90.3181
33.0904 90.6533
33.0952 90.8217
33.1012 91.0939
33.1072 91.3322
33.1132 91.5407
33.1192 91.7231
33.124 91.7577
33.1288 91.538
33.1324 91.3457
33.1348 90.9275
33.1384 90.4366
33.142 90.007
33.1468 89.5061
33.1504 89.0679
33.154 88.6844
33.1588 88.2238
33.1625 87.8209
33.1673 87.5932
33.1721 87.3941
33.1769 87.2198
33.1817 87.1924
33.1865 87.1683
33.1913 87.2723
33.1961 87.4882
33.2009 87.5522
33.2057 87.7332
33.2093 87.8915
33.2141 88.0301
33.2189 88.1513
33.2225 88.2574
33.2249 87.9752
33.2297 87.8533
33.2345 87.8717
33.2382 87.8877
33.2418 87.6517
33.2466 87.5703
33.2514 87.624
33.255 87.421
33.2598 87.3684
33.2646 87.4473
33.2694 87.5164
33.273 87.5769
33.2778 87.6297
33.2826 87.676
33.2874 87.8415
33.2922 88.1113
33.2958 88.0974
33.3006 88.2102
33.3054 88.434
33.309 88.6297
33.3127 88.551
33.3163 88.4821
33.3211 88.5469
33.3259 88.4785
33.3295 88.4187
33.3343 88.4913
33.3379 88.3049
33.3427 88.2668
33.3475 88.3585
33.3511 88.3137
33.3559 88.2744
33.3595 88.2401
33.3643 88.2101
33.3691 88.3089
33.3739 88.3952
33.3787 88.4708
33.3811 88.412
33.3847 88.2355
33.3896 88.2061
33.3944 88.1803
33.3992 88.2828
33.4028 88.2474
33.4076 88.3415
33.4112 88.4238
33.4148 88.4958
33.4196 88.6838
33.422 88.7234
33.4244 88.6329
33.428 88.6788
33.4316 88.719
33.4352 88.7541
33.4388 88.7848
33.4424 88.8117
33.446 88.9603
33.4508 89.0902
33.4556 89.454
33.4605 89.2722
33.4653 89.1132
33.4713 88.974
33.4761 88.7273
33.4809 88.2614
33.4869 87.9787
33.4917 87.6064
33.4965 87.1556
33.5013 86.8861
33.5037 86.4004
33.5073 85.8503
33.5109 85.244
33.5157 84.8385
33.5181 84.3587
33.5229 83.9389
33.5265 83.5715
33.5301 83.2501
33.5349 82.9688
33.5386 82.7227
33.5434 82.6324
33.547 82.4283
33.5518 82.3748
33.5566 82.4529
33.5602 82.5213
33.565 82.5812
33.5698 82.7585
33.5734 82.9137
33.5782 83.1745
33.583 83.5277
33.5866 83.7117
33.5914 83.9977
33.595 84.248
33.5998 84.467
33.6034 84.6586
33.607 84.8263
33.6107 84.848
33.6155 84.992
33.6191 85.118
33.6227 85.1033
33.6275 85.2154
33.6311 85.3134
33.6359 85.3993
33.6395 85.4743
33.6443 85.6651
33.6479 85.7069
33.6527 85.8686
33.6563 86.01
33.6611 86.2587
33.6647 86.3514
33.6695 86.6825
33.6731 86.9722
33.6779 87.2256
33.6827 87.5724
33.6876 88.0009
33.6924 88.5008
33.696 88.8132
33.7008 89.2115
33.7044 89.5601
33.708 89.7401
33.7104 89.7726
33.714 89.676
33.7176 89.5915
33.7212 89.5176
33.7248 89.3279
33.7296 89.2869
33.7332 89.251
33.7368 89.0946
33.7404 88.9578
33.744 88.8381
33.7488 88.7333
33.7524 88.6417
33.7572 88.6864
33.7621 88.8506
33.7657 88.8693
33.7705 89.0106
33.7741 89.1343
33.7789 89.3675
33.7825 89.6966
33.7861 90.1095
33.7897 90.4708
33.7945 90.912
33.7981 91.423
33.8017 91.8701
33.8041 92.2613
33.8077 92.6037
33.8113 93.0282
33.8149 93.2747
33.8185 93.6153
33.8209 93.7884
33.8245 94.0649
33.8293 94.0568
33.8329 93.6747
33.8378 93.3403
33.8426 93.0478
33.8474 92.6668
33.8522 92.3335
33.857 91.9168
33.8618 91.5522
33.8654 91.1082
33.869 90.5946
33.8738 90.2703
33.8774 89.9865
33.881 89.7382
33.8846 89.3959
33.8882 89.0964
33.8918 88.7094
33.8954 88.3707
33.899 88.0744
33.9026 87.6901
33.905 87.2288
33.9098 86.9502
33.9135 86.7064
33.9183 86.6181
33.9219 86.4159
33.9267 86.3639
33.9303 86.3184
33.9351 86.4036
33.9387 86.3531
33.9435 86.434
33.9471 86.5048
33.9519 86.6917
33.9555 86.8552
33.9591 86.9983
33.9639 87.1235
33.9687 87.3581
33.9735 87.6883
33.9771 87.9773
33.9819 88.2301
33.9843 88.3263
33.9892 88.6606
33.9916 88.703
33.9964 88.8651
33.9988 88.757
34.0012 88.5374
34.0048 88.2202
34.0096 88.0677
34.0132 87.9342
34.0168 87.6924
34.0204 87.6059
34.024 87.5301
34.0276 87.3389
34.0312 87.1715
34.036 87.1501
34.0396 87.0063
34.0444 87.0055
34.048 87.0048
34.0516 86.8792
34.0564 86.8943
34.06 87.0325
34.0649 87.1535
34.0685 87.2593
34.0733 87.4769
34.0769 87.5423
34.0817 87.7245
34.0853 87.8839
34.0877 87.7734
34.0925 87.8017
34.0961 87.9515
34.0997 87.9576
34.1033 87.9629
34.1069 87.8425
34.1117 87.8622
34.1153 87.8794
34.1189 87.7695
34.1225 87.6733
34.1273 87.7142
34.1309 87.7499
34.1345 87.7811
34.1382 87.8085
34.1418 87.8324
34.1454 87.9784
34.1502 88.3561
34.1538 88.6866
34.1574 89.1008
34.161 89.4632
34.1646 89.9053
34.1682 90.4171
34.1718 90.865
34.1754 91.3818
34.1778 91.7091
34.1802 91.9955
34.1838 92.246
34.1898 92.3403
34.1946 92.4227
34.1982 92.3699
34.2018 92.0737
34.2066 91.8145
34.2115 91.5876
34.2163 91.3892
34.2199 90.9655
34.2235 90.4699
34.2283 90.0361
34.2319 89.5316
34.2355 89.2152
34.2391 88.9383
34.2427 88.571
34.2463 88.2496
34.2499 87.8434
34.2547 87.738
34.2583 87.6457
34.2631 87.69
34.2667 87.6038
34.2703 87.5283
34.2739 87.4623
34.2787 87.5295
34.2823 87.5883
34.2872 87.8898
34.2908 88.0285
34.2932 88.025
34.2968 88.0218
34.3004 88.0191
34.304 87.8917
34.3076 87.9053
34.31 87.6671
34.3136 87.4587
34.3172 87.4014
34.3208 87.2262
34.3244 87.1979
34.3292 87.2982
34.3328 87.2609
34.3364 87.3533
34.3412 87.5591
34.3448 87.6142
34.3484 87.7875
34.352 87.939
34.3556 87.9466
34.358 87.9533
34.3629 87.9592
34.3665 87.9643
34.3701 88.0937
34.3737 88.082
34.3773 88.0718
34.3821 88.3128
34.3845 88.2737
34.3881 88.2395
34.3917 88.2095
34.3953 88.1833
34.3989 88.0354
34.4025 88.031
34.4061 88.0271
34.4097 88.0237
34.4133 88.0208
34.4169 87.8932
34.4217 88.0315
34.4253 88.1526
34.4289 88.1335
34.4325 88.2418
34.4361 88.3366
34.4398 88.2945
34.4434 88.3827
34.447 88.3349
34.4506 88.293
34.4542 88.3814
34.4578 88.3337
34.4614 88.292
34.4662 88.5055
34.4698 88.5673
34.4734 88.6214
34.477 88.7937
34.4806 88.8195
34.4842 88.9671
34.4878 88.9712
34.4914 88.9748
34.495 89.1029
34.4986 89.0901
34.5022 89.0788
34.5046 88.944
34.5082 88.951
34.5119 88.9571
34.5155 89.0875
34.5191 89.3265
34.5227 89.5357
34.5263 89.8437
34.5299 90.2383
34.5335 90.7085
34.5359 90.9949
34.5395 91.3706
34.5431 91.8242
34.5467 92.2212
34.5503 92.6936
34.5539 93.1069
34.5587 93.3435
34.5635 93.5506
34.5683 93.7317
34.5731 93.8903
34.5767 93.779
34.5815 93.6816
34.5839 93.2214
34.5863 92.6937
34.59 91.982
34.5936 91.3593
34.5972 90.8144
34.6008 90.3376
34.6044 89.9204
34.608 89.4303
34.6116 89.1265
34.6152 88.8607
34.6176 88.5031
34.6224 88.3152
34.626 88.1508
34.6296 88.007
34.632 87.7561
34.6356 87.5366
34.6392 87.3445
34.644 87.4265
34.6476 87.3731
34.6512 87.3265
34.6548 87.2857
34.6584 87.25
34.6621 87.3437
34.6669 87.4258
34.6705 87.6225
34.6741 87.7947
34.6777 87.8204
34.6813 87.9678
34.6849 87.9719
34.6885 88.1004
34.6921 88.2128
34.6957 88.3112
34.6993 88.3973
34.7029 88.4727
34.7065 88.5386
34.7101 88.5962
34.7137 88.6467
34.7173 88.6909
34.7209 88.7295
34.7245 88.7633
34.7281 88.9179
34.7317 88.9282
34.7353 89.0622
34.739 89.0544
34.7426 89.0476
34.7462 89.1666
34.7498 89.1458
34.7534 89.2526
34.757 89.221
34.7618 89.4434
34.7642 89.513
34.769 89.5738
34.7726 89.7521
34.7762 89.9081
34.7798 90.0446
34.7834 90.164
34.787 90.3935
34.7906 90.4693
34.7942 90.6607
34.7978 90.7031
34.8014 90.7402
34.805 90.8977
34.8086 90.9105
34.8123 91.0466
34.8147 90.9158
34.8183 90.9263
34.8219 90.8105
34.8255 90.8342
34.8291 90.8549
34.8327 90.7481
34.8363 90.7796
34.8411 90.9321
34.8447 91.0656
34.8495 91.3074
34.8531 91.644
34.8579 91.9385
34.8615 92.1962
34.8651 92.5466
34.8687 92.7283
34.8723 93.0123
34.8747 93.1357
34.8771 93.2438
34.8795 93.2133
34.8831 93.3116
34.8855 93.3977
34.8892 93.598
34.8928 93.7732
34.8964 94.0516
34.8988 94.1701
34.9024 94.3989
34.906 94.599
34.9084 94.7741
34.912 94.9274
34.9156 95.1864
34.9204 95.1631
34.9252 95.1427
34.9288 94.9999
34.9336 94.8749
34.9372 94.6405
34.942 94.4355
34.9468 94.256
34.9504 93.974
34.9552 93.7273
34.9588 93.2614
34.9625 92.8537
34.9661 92.622
34.9685 92.1692
34.9709 91.5231
34.9745 91.0827
34.9781 90.6974
34.9817 90.3602
34.9853 90.0652
34.9877 89.682
34.9913 89.3468
34.9937 88.9284
34.9961 88.4374
35.0009 88.1327
35.0045 87.8661
35.0081 87.7578
35.0117 87.5381
35.0153 87.4708
35.0189 87.287
35.0225 87.2511
35.0273 87.3447
35.0309 87.3016
35.0345 87.3889
35.0382 87.4653
35.0418 87.5322
35.0454 87.5906
35.049 87.6418
35.0526 87.6866
35.0574 87.9758
35.061 88.1038
35.0646 88.3408
35.0682 88.5482
35.0706 88.6047
35.0742 88.6541
35.0778 88.6973
35.0802 88.6102
35.0838 88.5339
35.0874 88.4672
35.091 88.5338
35.0946 88.467
35.0982 88.5337
35.1018 88.467
35.1054 88.5336
35.109 88.5919
35.1127 88.6429
35.1163 88.6875
35.1199 88.6016
35.1235 88.6514
35.1283 88.82
35.1319 88.9675
35.1355 89.0965
35.1403 89.4595
35.1439 89.652
35.1487 90.0705
35.1523 90.4367
35.1559 90.7571
35.1595 91.1625
35.1619 91.2672
35.1643 91.3588
35.1667 91.1889
35.1691 91.0403
35.1727 90.7853
35.1763 90.6871
35.1799 90.4762
35.1835 90.4167
35.1859 90.1146
35.1896 89.9753
35.1932 89.8534
35.1968 89.7467
35.2004 89.6534
35.204 89.5717
35.2076 89.6252
35.2112 89.6721
35.2148 89.7131
35.2184 89.7489
35.2232 90.0303
35.2268 90.1515
35.2304 90.3826
35.234 90.5848
35.2376 90.7617
35.2412 91.0415
35.2448 91.4113
35.2472 91.7349
35.2508 92.018
35.2544 92.3908
35.258 92.9669
35.2604 93.346
35.2629 93.5528
35.2665 93.8587
35.2701 94.2514
35.2725 94.5949
35.2761 95.0206
35.2797 95.393
35.2821 95.7189
35.2869 96.129
35.2917 96.1129
35.2941 95.8488
35.2989 95.6177
35.3025 95.2905
35.3073 95.1292
35.3109 94.738
35.3157 94.3958
35.3193 94.0963
35.3229 93.5843
35.3265 93.1362
35.3301 92.8692
35.3337 92.5105
35.3373 92.3217
35.341 92.0315
35.3446 91.9026
35.347 91.5397
35.3494 91.2223
35.3518 90.6945
35.3542 90.2327
35.3566 89.5786
35.3602 89.1313
35.3638 88.6149
35.3674 88.288
35.3698 87.752
35.3734 87.408
35.377 87.232
35.3806 86.953
35.3842 86.8339
35.3878 86.6046
35.3914 86.5291
35.395 86.4629
35.3986 86.4051
35.4022 86.3544
35.4058 86.3101
35.4094 86.2714
35.4131 86.3624
35.4167 86.3171
35.4203 86.4025
35.4239 86.3522
35.4275 86.4332
35.4311 86.629
35.4359 86.8004
35.4395 87.0753
35.4431 87.3159
35.4467 87.5264
35.4503 87.7106
35.4539 87.8718
35.4575 88.0128
35.4599 88.0112
35.4623 87.8848
35.4647 87.6492
35.4683 87.4431
35.4719 87.2627
35.4743 87.1048
35.4779 86.8417
35.4815 86.7365
35.4851 86.6445
35.4875 86.4389
35.4912 86.259
35.4948 86.1017
35.4984 85.9639
35.502 85.8435
35.5056 85.738
35.5092 85.7708
35.5128 85.6744
35.5164 85.7151
35.52 85.6257
35.5224 85.5475
35.526 85.6041
35.5296 85.5286
35.5332 85.5875
35.5368 85.5141
35.5404 85.5748
35.544 85.6279
35.5476 85.6745
35.5512 85.7151
35.5548 85.7508
35.5584 85.7819
35.562 85.9342
35.5657 85.9424
35.5693 86.0746
35.5729 86.0653
35.5753 86.0571
35.5789 86.05
35.5825 86.0437
35.5861 86.1633
35.5897 86.1429
35.5933 86.25
35.5969 86.2187
35.5993 86.1914
35.6029 86.2925
35.6065 86.5059
35.6089 86.5677
35.6125 86.7467
35.6161 87.1534
35.6197 87.5092
35.6221 87.8206
35.6257 88.093
35.6293 88.5814
35.6329 89.0087
35.6353 89.3826
35.639 89.7098
35.6426 90.2461
35.6462 90.8403
35.6486 91.2353
35.6534 91.7059
35.657 91.8676
35.6606 92.0092
35.6642 92.008
35.6678 91.882
35.6714 91.6468
35.675 91.3159
35.6798 91.0264
35.6834 90.7731
35.687 90.4265
35.6906 90.1232
35.693 89.7328
35.6966 89.3912
35.7002 89.0923
35.7026 88.7057
35.7062 88.3675
35.7098 88.0716
35.7135 87.9376
35.7171 87.8204
35.7195 87.5929
35.7231 87.3938
35.7279 87.3445
35.7315 87.4265
35.7351 87.4982
35.7387 87.5609
35.7423 87.6158
35.7459 87.6638
35.7507 87.9558
35.7531 88.0864
35.7567 88.2006
35.7603 88.3005
35.7627 88.2629
35.7663 88.3551
35.7687 88.1857
35.7723 88.1625
35.7759 88.1422
35.7795 88.1244
35.7819 87.9838
35.7855 87.8609
35.7892 87.8783
35.7916 87.7685
35.7952 87.6724
35.7988 87.5884
35.8024 87.5148
35.806 87.4505
35.8096 87.5192
35.8132 87.5793
35.8168 87.6319
35.8204 87.6779
35.8228 87.5931
35.8264 87.644
35.83 87.6885
35.8336 87.7274
35.8372 87.7615
35.8408 87.7913
35.8444 87.9424
35.848 88.0746
35.8516 88.1903
35.8552 88.4165
35.8588 88.4894
35.8612 88.5532
35.8649 88.4841
35.8685 88.5486
35.8721 88.73
35.8757 88.7638
35.8781 88.7933
35.8817 88.6941
35.8841 88.6074
35.8877 88.5314
35.8913 88.465
35.8937 88.2819
35.8973 88.1216
35.9009 87.9814
35.9045 87.9838
35.9081 87.9858
35.9117 87.9876
35.9153 88.1141
35.9189 88.0999
35.9225 88.2124
35.9261 88.3108
35.9285 88.272
35.9321 88.363
35.9357 88.3176
35.9394 88.4029
35.943 88.3525
35.9466 88.4335
35.9502 88.6293
35.9526 88.5506
35.9562 88.6068
35.9598 88.5309
35.9634 88.5896
35.9658 88.6409
35.9694 88.8108
35.973 88.9594
35.9754 89.2145
35.9778 89.3127
35.9814 89.5236
35.985 89.8331
35.9874 90.104
35.991 90.466
35.9946 90.7828
35.997 91.1849
36.0006 91.5368
36.0042 91.9697
36.0066 92.2235
36.0102 92.5705
36.0151 92.6242
36.0187 92.4212
36.0235 92.3685
36.0271 92.1975
36.0307 91.9228
36.0355 91.6824
36.0403 91.5971
36.0439 91.2725
36.0475 90.9884
36.0523 90.7399
36.0547 90.2724
36.0571 89.8633
36.0595 89.3804
36.0619 88.7079
36.0643 88.1194
36.0679 87.6045
36.0715 87.1539
36.0739 86.6347
36.0775 86.3053
36.0811 86.0172
36.0835 85.64
36.0871 85.435
36.0908 85.1306
36.0932 84.8643
36.0968 84.6313
36.1004 84.4274
36.104 84.2489
36.1076 84.2178
36.1112 84.1906
36.1148 84.1668
36.1184 84.2709
36.122 84.2371
36.1244 84.2074
36.128 84.3065
36.1316 84.2682
36.1352 84.3597
36.1388 84.4397
36.1424 84.6347
36.146 84.8054
36.1496 84.9547
36.1532 85.2104
36.1568 85.3091
36.1592 85.3954
36.1616 85.346
36.1653 85.3028
36.1689 85.2649
36.1713 85.2318
36.1749 85.0778
36.1785 85.0681
36.1821 85.1846
36.1845 85.0365
36.1881 85.0319
36.1917 85.028
36.1953 85.1495
36.1989 85.1308
36.2025 85.2394
36.2049 85.2095
36.2085 85.1833
36.2121 85.2854
36.2157 85.3747
36.2193 85.4529
36.2229 85.5213
36.2265 85.7061
36.2289 85.7428
36.2325 85.775
36.2361 85.9281
36.2398 86.0621
36.2434 86.3043
36.2458 86.2663
36.2494 86.358
36.253 86.4383
36.2554 86.5085
36.259 86.4449
36.2626 86.5143
36.265 86.45
36.2686 86.5188
36.2722 86.5789
36.2758 86.6315
36.2794 86.8026
36.2818 86.8273
36.2854 86.8489
36.289 86.9928
36.2926 87.1187
36.295 87.2288
36.2986 87.2002
36.3022 87.3002
36.3058 87.3877
36.3094 87.5892
36.313 87.7656
36.3155 87.7949
36.3191 87.9455
36.3227 88.0773
36.3263 88.1927
36.3299 88.4186
36.3335 88.7412
36.3371 89.1486
36.3407 89.63
36.3431 90.0513
36.3467 90.5449
36.3491 90.9767
36.3527 91.3547
36.3563 91.9353
36.3587 92.3184
36.3611 92.7786
36.3635 93.0563
36.3659 93.1742
36.3695 93.5275
36.3719 93.7115
36.3755 93.9976
36.3791 93.9979
36.3827 93.8732
36.3863 93.639
36.39 93.3091
36.3936 93.0205
36.3972 92.6429
36.4008 92.1876
36.4044 91.7891
36.408 91.1905
36.4116 90.6667
36.4152 90.2083
36.4188 89.8073
36.4224 89.5814
36.426 89.3837
36.4296 89.2107
36.432 89.0594
36.4356 88.927
36.4392 88.9361
36.4428 88.8191
36.4452 88.7167
36.4476 88.5021
36.45 88.3143
36.4536 88.0251
36.456 87.7719
36.4596 87.5504
36.4632 87.4816
36.4669 87.2964
36.4693 87.1344
36.4729 86.9926
36.4765 86.9935
36.4801 86.9943
36.4837 86.995
36.4873 87.1206
36.4909 87.2306
36.4933 87.2017
36.4969 87.1765
36.5005 87.2795
36.5041 87.4945
36.5077 87.5577
36.5113 87.738
36.5137 87.7707
36.5173 87.9244
36.5209 87.9339
36.5245 88.0671
36.5281 88.3087
36.5317 88.5201
36.5341 88.5801
36.5365 88.5076
36.5402 88.5692
36.5438 88.623
36.5462 88.5451
36.5498 88.477
36.5534 88.5424
36.5558 88.4746
36.5594 88.5402
36.563 88.4727
36.5666 88.5386
36.5702 88.7213
36.5726 88.7561
36.5762 88.7866
36.5798 88.8133
36.5834 88.9616
36.587 89.2164
36.5894 89.1894
36.593 89.2907
36.5966 89.3794
36.6002 89.5819
36.6038 89.6342
36.6062 89.6799
36.6098 89.7199
36.6134 89.8799
36.6171 90.0199
36.6207 90.1425
36.6243 90.3746
36.6279 90.5778
36.6315 90.7556
36.6351 91.0361
36.6375 91.1566
36.6423 91.512
36.6447 91.573
36.6471 91.6264
36.6519 91.7981
36.6543 91.9483
36.6567 91.8298
36.6591 91.7261
36.6615 91.5103
36.6651 91.4465
36.6687 91.2657
36.6711 91.1075
36.6747 90.9691
36.6783 90.9729
36.6807 90.7263
36.6843 90.6355
36.6867 90.4311
36.6904 90.3772
36.694 90.33
36.6976 90.5388
36.7 90.5964
36.7036 90.7719
36.7072 91.1754
36.7096 91.4035
36.7132 91.853
36.7168 92.2464
36.7192 92.5906
36.7228 93.0168
36.7264 93.5147
36.73 94.0753
36.7324 94.3159
36.7372 94.9014
36.7408 95.1638
36.7444 95.1433
36.748 95.0004
36.7504 94.6253
36.754 94.2972
36.7576 93.76
36.7612 93.29
36.7649 92.7538
36.7673 92.0345
36.7709 91.2802
36.7745 90.6202
36.7781 90.0427
36.7817 89.5373
36.7841 89.0952
36.7877 88.5833
36.7913 88.2604
36.7937 87.8528
36.7973 87.6212
36.8009 87.2936
36.8033 87.0069
36.8069 86.756
36.8105 86.6615
36.8141 86.7038
36.8165 86.4908
36.8201 86.4295
36.8237 86.3758
36.8273 86.4538
36.8309 86.5221
36.8333 86.4568
36.8369 86.3997
36.8406 86.4748
36.8442 86.6654
36.8478 86.8322
36.8502 86.8532
36.8538 86.8716
36.8574 87.0126
36.861 87.136
36.8646 87.369
36.867 87.3229
36.8706 87.4075
36.8742 87.6066
36.8778 87.7808
36.8802 87.8082
36.8838 87.8322
36.8874 87.9781
36.8898 87.9809
36.8934 88.1083
36.897 88.2197
36.8994 88.1923
36.903 88.2932
36.9066 88.3816
36.9102 88.5839
36.9138 88.6359
36.9175 88.8064
36.9211 89.0806
36.9247 89.3205
36.9283 89.6555
36.9319 89.8235
36.9355 90.0956
36.9391 90.4586
36.9427 90.7763
36.9451 91.0543
36.9475 91.0475
36.9499 90.9165
36.9535 90.927
36.9559 90.8111
36.9595 90.8347
36.9619 90.6054
36.9655 90.5297
36.9691 90.5885
36.9715 90.5149
36.9751 90.5756
36.9775 90.3786
36.9811 90.3313
36.9847 90.2899
36.9871 90.2536
36.9908 90.2219
36.9944 90.1942
36.998 90.1699
37.0016 90.2737
37.004 90.2395
37.0076 90.3345
37.0112 90.4177
37.0148 90.4905
37.0172 90.5542
37.0208 90.6099
37.0244 90.7837
37.028 90.9357
37.0316 91.0688
37.034 91.1852
37.0376 91.287
37.0412 91.3761
37.0448 91.4541
37.0484 91.6474
37.0508 91.6914
37.0544 91.855
37.0568 91.7481
37.0592 91.7796
37.0616 91.6822
37.0653 91.7219
37.0677 91.7567
37.0713 91.9121
37.0737 92.0481
37.0773 92.2921
37.0797 92.5055
37.0833 92.8174
37.0869 93.2152
37.0893 93.5633
37.0929 93.8679
37.0965 94.2594
37.0989 94.477
37.1025 94.7923
37.1073 95.3183
37.1109 95.1535
37.1145 94.8843
37.1181 94.6488
37.1217 94.3177
37.1253 93.903
37.1289 93.4151
37.1325 92.9882
37.1361 92.6147
37.1397 92.0379
37.1422 91.4081
37.1446 90.6071
37.147 89.7812
37.1494 89.0586
37.153 88.4262
37.1566 87.998
37.159 87.3732
37.1614 86.8266
37.165 86.3482
37.1686 86.0547
37.171 85.6729
37.1746 85.4638
37.1782 85.2808
37.1806 84.9957
37.1842 84.8712
37.1878 84.7623
37.1902 84.667
37.1938 84.5837
37.1974 84.5107
37.201 84.5719
37.2034 84.5004
37.207 84.5628
37.2106 84.6175
37.2142 84.7903
37.2179 84.8165
37.2215 84.9644
37.2251 85.2189
37.2287 85.4415
37.2311 85.6363
37.2347 85.8068
37.2383 85.9559
37.2419 86.0864
37.2455 86.3256
37.2479 86.4099
37.2503 86.4837
37.2527 86.4232
37.2551 86.2453
37.2587 86.0897
37.2611 85.9535
37.2647 85.8343
37.2683 85.855
37.2707 85.7481
37.2743 85.6546
37.2767 85.4478
37.2803 85.3918
37.2827 85.2178
37.2863 85.1906
37.2899 85.1668
37.2924 85.0209
37.296 84.8933
37.2996 84.9066
37.3032 85.0433
37.3056 85.0379
37.3092 85.1582
37.3128 85.1384
37.3152 85.1211
37.3188 85.106
37.3224 85.2177
37.326 85.3155
37.3284 85.4011
37.332 85.4759
37.3356 85.5414
37.3392 85.7238
37.3416 85.7583
37.3452 85.9135
37.3488 86.0493
37.3512 86.0431
37.3548 86.0378
37.3584 86.158
37.3608 86.1383
37.3644 86.246
37.3669 86.2152
37.3705 86.1883
37.3741 86.2898
37.3765 86.2536
37.3801 86.3469
37.3825 86.3035
37.3861 86.3906
37.3897 86.4668
37.3933 86.5334
37.3957 86.4667
37.3993 86.5334
37.4029 86.5917
37.4053 86.6428
37.4089 86.6874
37.4125 86.7265
37.4161 86.8857
37.4185 87.025
37.4221 87.2718
37.4245 87.4879
37.4281 87.8019
37.4305 87.9516
37.4341 88.3327
37.4365 88.5411
37.4401 88.9735
37.4426 89.2268
37.4462 89.6984
37.4498 90.1111
37.4522 90.5972
37.4546 90.8976
37.4582 91.4104
37.4606 91.7341
37.4642 92.2673
37.4666 92.6089
37.4714 92.9078
37.4738 92.9193
37.4774 92.9294
37.481 92.9382
37.4846 92.6959
37.4882 92.484
37.4918 92.1735
37.4954 91.9018
37.499 91.6641
37.5026 91.206
37.505 90.6803
37.5086 90.2203
37.5122 89.8177
37.5146 89.3405
37.5183 89.0479
37.5219 88.7919
37.5255 88.693
37.5291 88.7313
37.5315 88.6399
37.5351 88.6849
37.5387 88.5993
37.5411 88.5244
37.5447 88.4588
37.5483 88.5265
37.5507 88.4607
37.5531 88.4031
37.5555 88.2277
37.5579 87.9492
37.5615 87.8306
37.5639 87.4768
37.5675 87.2922
37.5699 87.0056
37.5735 86.8799
37.5759 86.6449
37.5795 86.5643
37.5819 86.3688
37.5855 86.3227
37.5891 86.4074
37.5916 86.2314
37.5952 86.2025
37.5976 86.0522
37.6012 86.0457
37.6048 86.04
37.6084 86.16
37.6108 86.14
37.6144 86.2475
37.618 86.3415
37.6204 86.4238
37.624 86.3709
37.6276 86.4495
37.63 86.5183
37.6336 86.5785
37.6372 86.7562
37.6408 86.9117
37.6432 87.0477
37.6468 87.1668
37.6504 87.3959
37.6528 87.4714
37.6564 87.5375
37.66 87.7203
37.6636 87.8803
37.6661 88.0202
37.6685 88.0177
37.6721 88.1405
37.6757 88.2479
37.6781 88.3419
37.6817 88.4242
37.6841 88.4962
37.6877 88.4341
37.6913 88.5049
37.6937 88.4418
37.6973 88.5115
37.7009 88.5726
37.7033 88.626
37.7069 88.6728
37.7105 88.8387
37.7129 88.8588
37.7165 89.0015
37.7201 89.2513
37.7225 89.2199
37.7261 89.3174
37.7297 89.4027
37.7321 89.4774
37.7357 89.5427
37.7393 89.7249
37.7418 89.7593
37.7454 89.9144
37.749 90.0501
37.7514 90.1688
37.755 90.2727
37.7574 90.3636
37.761 90.4432
37.7646 90.6378
37.767 90.683
37.7706 90.7227
37.773 90.6323
37.7766 90.6783
37.779 90.7185
37.7826 90.8787
37.785 91.0189
37.7886 91.2665
37.791 91.4832
37.7946 91.7978
37.7982 92.3231
37.8006 92.6577
37.803 93.0755
37.8066 93.441
37.8102 94.0109
37.8126 94.3845
37.815 94.8365
37.8187 95.2319
37.8223 95.8279
37.8247 96.0994
37.8283 96.462
37.8319 96.4043
37.8367 96.4787
37.8403 96.5439
37.8439 96.3509
37.8475 96.182
37.8511 96.0343
37.8547 95.78
37.8583 95.5575
37.8619 95.2378
37.8655 94.9581
37.8679 94.4633
37.8703 94.0304
37.8727 93.5266
37.8751 93.0858
37.8775 92.5751
37.8811 92.2532
37.8835 91.7215
37.8871 91.3813
37.8895 90.9587
37.8932 90.7138
37.8956 90.3746
37.8992 90.2028
37.9016 89.9274
37.9052 89.8115
37.9088 89.7101
37.9112 89.6213
37.9148 89.5436
37.9184 89.6007
37.9208 89.5256
37.9244 89.5849
37.928 89.6368
37.9304 89.5572
37.934 89.6125
37.9376 89.661
37.94 89.7033
37.9436 89.7404
37.9472 89.8979
37.9496 89.9106
37.9532 90.0468
37.9568 90.166
37.9592 90.2702
37.9628 90.3614
37.9652 90.4413
37.9677 90.3861
37.9713 90.4628
37.9749 90.53
37.9773 90.4637
37.9797 90.2808
37.9833 90.2457
37.9869 90.215
37.9893 90.1881
37.9929 90.1646
37.9953 90.144
37.9989 90.126
38.0013 90.1103
38.0049 90.0965
38.0085 90.2094
38.0109 90.1832
38.0145 90.2853
38.0181 90.4997
38.0205 90.5622
38.0241 90.7419
38.0265 90.6492
38.0301 90.693
38.0337 90.7314
38.0361 90.765
38.0397 90.7944
38.0434 90.9451
38.0458 90.9519
38.0494 91.0829
38.053 91.1976
38.0554 91.2979
38.059 91.3856
38.0614 91.4624
38.065 91.5296
38.0674 91.5884
38.071 91.6399
38.0734 91.5599
38.077 91.4899
38.0794 91.4287
38.083 91.5001
38.0854 91.4376
38.089 91.5079
38.0926 91.5694
38.095 91.6232
38.0986 91.6703
38.101 91.7115
38.1046 91.7476
38.1082 91.9041
38.1106 91.9161
38.1142 92.0516
38.1167 92.0452
38.1203 92.0395
38.1239 92.0346
38.1263 92.0302
38.1299 92.0265
38.1323 92.0232
38.1359 92.0203
38.1395 92.1427
38.1419 92.1249
38.1455 92.3593
38.1491 92.6894
38.1515 92.9782
38.1551 93.3559
38.1587 93.8114
38.1611 94.21
38.1647 94.6838
38.1683 95.2233
38.1707 95.6954
38.1743 96.2334
38.1767 96.7043
38.1791 97.1162
38.1815 97.2267
38.1839 97.3234
38.1863 97.2829
38.1899 97.2476
38.1936 96.9666
38.1972 96.7208
38.1996 96.2557
38.2032 95.8487
38.2056 95.2426
38.2092 94.5873
38.2128 93.8889
38.2164 93.2778
38.22 92.6181
38.2224 91.9158
38.226 91.1763
38.2296 90.6543
38.232 90.1975
38.2356 89.7978
38.2392 89.5731
38.2416 89.2514
38.2452 89.095
38.2488 88.9581
38.2512 88.7134
38.2548 88.4992
38.2584 88.4368
38.2608 88.2572
38.2644 88.225
38.2669 88.0719
38.2705 88.0629
38.2729 87.9301
38.2753 87.8138
38.2789 87.7121
38.2825 87.7481
38.2849 87.6546
38.2885 87.6977
38.2909 87.6105
38.2945 87.6592
38.2969 87.4518
38.3005 87.3953
38.3041 87.4709
38.3065 87.412
38.3101 87.4855
38.3137 87.5498
38.3161 87.6061
38.3197 87.6554
38.3233 87.8234
38.3257 87.8455
38.3293 87.9898
38.3329 88.1161
38.3353 88.2266
38.3389 88.3233
38.3413 88.4078
38.345 88.3569
38.3486 88.4373
38.351 88.3826
38.3546 88.4598
38.3582 88.6523
38.3606 88.6958
38.3642 88.8588
38.3666 88.8764
38.3702 89.0169
38.3726 89.0148
38.3762 89.1379
38.3786 89.1207
38.3822 89.2306
38.3858 89.3268
38.3882 89.4109
38.3918 89.3596
38.3942 89.3146
38.3978 89.2753
38.4014 89.3659
38.4038 89.3201
38.4074 89.4051
38.4098 89.3545
38.4134 89.4352
38.4171 89.6308
38.4195 89.6769
38.4231 89.8423
38.4267 89.987
38.4291 90.1136
38.4327 90.2244
38.4351 90.3214
38.4387 90.2812
38.4423 90.3711
38.4447 90.3247
38.4483 90.4091
38.4519 90.483
38.4543 90.5476
38.4579 90.6041
38.4615 90.7786
38.4651 91.0563
38.4675 91.1743
38.4711 91.4025
38.4747 91.6022
38.4783 91.9019
38.4819 92.1642
38.4843 92.3936
38.4867 92.4694
38.4891 92.4108
38.4915 92.2344
38.494 91.9551
38.4976 91.8357
38.5 91.6063
38.5036 91.5305
38.506 91.4642
38.5096 91.6561
38.512 91.6991
38.5144 91.8617
38.518 92.004
38.5204 92.2535
38.5228 92.3468
38.5264 92.6785
38.5288 92.8437
38.5324 93.2382
38.5348 93.4584
38.5384 93.7761
38.5408 94.0541
38.5444 94.2973
38.548 94.6352
38.5516 94.5558
38.5552 94.4863
38.5588 94.1755
38.5624 93.9036
38.566 93.6656
38.5697 93.3324
38.5721 92.9159
38.5757 92.4264
38.5793 91.9981
38.5829 91.4983
38.5853 90.936
38.5889 90.319
38.5925 89.9042
38.5949 89.4161
38.5973 88.9891
38.6009 88.6155
38.6033 88.2885
38.6069 88.0025
38.6093 87.7522
38.6117 87.4081
38.6153 87.2321
38.6177 86.8281
38.6201 86.4746
38.6225 86.0403
38.6261 85.7852
38.6285 85.4371
38.6321 85.2574
38.6357 85.1003
38.6381 84.9627
38.6417 84.8424
38.6442 84.7371
38.6478 84.645
38.6514 84.6893
38.6538 84.6032
38.6574 84.6528
38.6598 84.5712
38.6634 84.6248
38.6658 84.5467
38.6694 84.6033
38.673 84.6529
38.6754 84.6963
38.679 84.7343
38.6814 84.7675
38.685 84.9216
38.6886 85.0564
38.691 85.1743
38.6946 85.2775
38.697 85.3678
38.7006 85.4469
38.7042 85.641
38.7066 85.6859
38.7102 85.8501
38.7126 85.8689
38.7162 86.0103
38.7187 86.009
38.7223 86.1329
38.7259 86.2412
38.7283 86.3361
38.7319 86.4191
38.7343 86.4917
38.7379 86.5552
38.7403 86.6108
38.7439 86.6595
38.7463 86.702
38.7499 86.7393
38.7523 86.7719
38.7559 86.8004
38.7595 86.9503
38.7619 86.9565
38.7655 87.087
38.7691 87.3261
38.7715 87.4103
38.7751 87.609
38.7787 87.7829
38.7823 88.0601
38.7847 88.1775
38.7883 88.4054
38.7919 88.6047
38.7944 88.7791
38.798 88.9317
38.8016 89.3152
38.8052 89.7758
38.8076 90.0539
38.81 90.1721
38.8124 90.2756
38.8148 90.2412
38.8172 90.211
38.8208 90.1846
38.8232 90.1616
38.8268 90.1414
38.8292 90.1237
38.8328 90.1082
38.8352 90.0947
38.8376 89.9579
38.8412 89.9631
38.8436 89.8427
38.8472 89.8624
38.8496 89.7546
38.8532 89.7853
38.8568 89.8121
38.8592 89.8356
38.8628 89.8561
38.8652 89.8741
38.8689 90.0149
38.8713 90.263
38.8749 90.4801
38.8773 90.7951
38.8797 91.0707
38.8833 91.4369
38.8857 91.7573
38.8893 92.1626
38.8917 92.5173
38.8953 92.9526
38.8989 93.3335
38.9013 93.5419
38.9049 93.8491
38.9073 94.118
38.9109 94.4782
38.9145 95.0435
38.9181 95.163
38.9205 95.0176
38.9241 94.8904
38.9265 94.5291
38.9301 94.213
38.9325 93.6864
38.9361 93.2256
38.9397 92.6974
38.9434 92.2352
38.9458 91.5808
38.9494 91.0082
38.9518 90.2572
38.9554 89.725
38.959 89.2594
38.9614 88.977
38.9638 88.6049
38.9674 88.4042
38.9698 88.1037
38.9734 87.9657
38.9758 87.72
38.9794 87.63
38.9818 87.4263
38.9854 87.373
38.9878 87.2014
38.9914 87.1762
38.995 87.2792
38.9974 87.2443
39.001 87.3387
39.0034 87.2964
39.007 87.3843
39.0094 87.3363
39.013 87.4193
39.0166 87.4919
39.0191 87.5554
39.0227 87.611
39.0251 87.6596
39.0287 87.7021
39.0311 87.7394
39.0347 87.7719
39.0383 87.9255
39.0407 87.9348
39.0443 88.0679
39.0467 88.0594
39.0503 88.177
39.0527 88.1549
39.0563 88.3855
39.0599 88.5873
39.0623 88.7639
39.0647 88.7934
39.0683 88.9442
39.0719 89.0762
39.0743 89.1917
39.0779 89.2927
39.0815 89.5061
39.0851 89.8179
39.0875 89.9656
39.0911 90.2199
39.0948 90.4424
39.0972 90.6371
39.1008 90.8075
39.1044 91.0816
39.108 91.3214
39.1104 91.5312
39.1128 91.5898
39.1152 91.6411
39.1176 91.5609
39.12 91.3658
39.1236 91.3201
39.126 91.1551
39.1296 91.1357
39.132 91.1187
39.1344 90.9789
39.138 90.9815
39.1404 90.8588
39.144 90.8765
39.1464 90.8919
39.15 91.0304
39.1524 91.0266
39.1548 90.8983
39.1584 90.911
39.162 91.0471
39.1644 91.0412
39.1681 91.1611
39.1705 91.1409
39.1741 91.2483
39.1765 91.2173
39.1801 91.3151
39.1837 91.4007
39.1861 91.4756
39.1897 91.5412
39.1921 91.5985
39.1957 91.6487
39.1981 91.6926
39.2017 91.7311
39.2053 91.8897
39.2077 91.9035
39.2113 92.0405
39.2137 92.0355
39.2173 92.156
39.2197 92.1365
39.2233 92.2445
39.2257 92.2139
39.2293 92.3122
39.2317 92.2731
39.2353 92.489
39.2377 92.6779
39.2401 92.8431
39.2438 93.1127
39.2462 93.4737
39.2498 93.7894
39.2522 94.1908
39.2546 94.4169
39.2582 94.8648
39.2606 95.2567
39.2642 95.7246
39.2666 96.009
39.2702 96.5079
39.2726 96.6944
39.2762 97.1076
39.2786 97.2192
39.2834 97.1918
39.2858 96.9178
39.2894 96.8031
39.293 96.7027
39.2954 96.3649
39.299 96.0692
39.3026 95.6856
39.3062 95.3499
39.3086 94.8062
39.3122 94.3304
39.3158 93.7891
39.3183 93.1904
39.3219 92.6666
39.3243 92.2083
39.3267 91.6823
39.3303 91.347
39.3327 90.9286
39.3363 90.6875
39.3387 90.3516
39.3411 90.0576
39.3447 89.8004
39.3471 89.5754
39.3507 89.3785
39.3531 89.2062
39.3567 89.0554
39.3591 88.9235
39.3627 88.808
39.3651 88.707
39.3687 88.6186
39.3711 88.6663
39.3747 88.708
39.3783 88.8695
39.3807 88.8858
39.3843 89.0251
39.3867 89.022
39.3903 89.1442
39.394 89.2512
39.3964 89.3448
39.4 89.4267
39.4036 89.6234
39.4072 89.9204
39.4096 90.0554
39.4132 90.2985
39.4168 90.5111
39.4192 90.6973
39.4228 90.8601
39.4264 91.1276
39.43 91.3616
39.4324 91.5664
39.4348 91.6206
39.4372 91.668
39.4396 91.5845
39.442 91.5115
39.4456 91.4475
39.448 91.3916
39.4504 91.2176
39.454 91.1904
39.4564 91.0416
39.46 91.0364
39.4624 91.0319
39.466 91.1529
39.4685 91.1338
39.4709 90.9921
39.4745 90.993
39.4781 91.1189
39.4805 91.1041
39.4841 91.216
39.4865 91.189
39.4901 91.2904
39.4925 91.2541
39.4961 91.3473
39.4997 91.4289
39.5021 91.5003
39.5057 91.5628
39.5081 91.6174
39.5117 91.6652
39.5141 91.7071
39.5177 91.7437
39.5213 91.9007
39.5237 91.9131
39.5273 92.049
39.5297 92.0429
39.5333 92.1625
39.5357 92.1422
39.5393 92.2494
39.5429 92.3432
39.5454 92.4253
39.5478 92.3722
39.5514 92.5756
39.5538 92.6287
39.5574 92.8001
39.5598 92.8251
39.5622 92.847
39.5658 92.8661
39.5682 92.8828
39.5718 92.8975
39.5754 93.0353
39.5778 93.0309
39.5814 93.152
39.5838 93.133
39.5874 93.2414
39.5898 93.2112
39.5934 93.3098
39.5958 93.2711
39.5994 93.3622
39.6018 93.3169
39.6054 93.5273
39.6078 93.7114
39.6114 93.9975
39.6138 94.2478
39.6174 94.7168
39.6199 95.0022
39.6235 95.5019
39.6259 95.8142
39.6283 96.2124
39.6319 96.4359
39.6343 96.7564
39.6379 96.9118
39.6415 97.1729
39.6439 97.2762
39.6463 97.4917
39.6511 97.5553
39.6535 97.3608
39.6571 97.1907
39.6595 96.7919
39.6631 96.4429
39.6667 96.0125
39.6691 95.511
39.6727 94.9471
39.6763 94.4537
39.6787 93.772
39.6823 93.1755
39.6859 92.5286
39.6883 91.9625
39.6919 91.4672
39.6944 91.0338
39.698 90.6546
39.7016 90.4477
39.704 90.1418
39.7076 89.999
39.7112 89.9992
39.7136 89.9993
39.7172 90.1244
39.7208 90.2338
39.7232 90.3296
39.7268 90.4134
39.7304 90.6117
39.7328 90.6603
39.7352 90.7027
39.7376 90.6149
39.74 90.538
39.7424 90.3458
39.746 90.3025
39.7484 90.1397
39.752 90.1223
39.7544 89.982
39.7568 89.7342
39.7604 89.6424
39.7628 89.4371
39.7664 89.3825
39.7689 89.2097
39.7725 89.1835
39.7749 89.0355
39.7785 89.0311
39.7809 88.9022
39.7845 88.9144
39.7869 88.8001
39.7905 88.8251
39.7929 88.722
39.7965 88.7567
39.7989 88.7871
39.8025 88.9387
39.8061 89.1964
39.8085 89.2968
39.8121 89.5097
39.8145 89.571
39.8181 89.7496
39.8205 89.7809
39.8241 89.9333
39.8265 89.9417
39.8301 90.0739
39.8325 90.0647
39.8361 90.1816
39.8397 90.2839
39.8421 90.3734
39.8446 90.3267
39.8482 90.4109
39.8506 90.3595
39.8542 90.4396
39.8566 90.3846
39.859 90.2116
39.8626 90.1851
39.8662 90.287
39.8686 90.2511
39.871 90.0947
39.8746 90.0829
39.877 89.9475
39.8806 89.9541
39.8842 90.0848
39.8866 90.0742
39.8902 90.3149
39.8926 90.4006
39.8962 90.6005
39.8986 90.6504
39.9022 90.8191
39.9046 90.8417
39.9082 90.9865
39.9106 90.9882
39.9142 91.1147
39.9166 91.1003
39.9203 91.2128
39.9227 91.1862
39.9263 91.2879
39.9299 91.3769
39.9323 91.4548
39.9359 91.523
39.9383 91.5826
39.9407 91.5098
39.9443 91.571
39.9467 91.4997
39.9503 91.5622
39.9527 91.6169
39.9563 91.7898
39.9587 91.8161
39.9623 91.9641
39.9647 92.0936
39.9671 92.3319
39.9695 92.4154
39.9731 92.7385
39.9755 93.0212
39.9791 93.3935
39.9815 93.7193
39.9851 94.1294
39.9875 94.4882
39.9899 94.8022
39.9935 95.0769
39.996 95.3173
