0.698701 31.001 0 185856 186368
0.711438 31.001 0 186368 186880
0.734028 31.049 0 186880 187392
0.756618 31.087 0 187392 187904
0.778728 31.118 0 187904 188416
0.801798 31.191 0 188416 188928
0.823908 31.249 0 188928 189440
0.846498 31.295 0 189440 189952
0.869569 31.381 0 189952 190464
0.891678 31.449 0 190464 190976
0.91571 31.503 0 190976 191488
0.940703 31.595 0 191488 192000
0.965216 31.669 0 192000 192512
0.990209 31.727 0 192512 193024
1.0152 31.822 0 193024 193536
1.03972 31.898 0 193536 194048
1.06471 32.007 0 194048 194560
1.08922 32.094 0 194560 195072
1.11421 32.164 0 195072 195584
1.13921 32.268 0 195584 196096
1.16372 32.351 0 196096 196608
1.18823 32.417 0 196608 197120
1.21323 32.518 0 197120 197632
1.23822 32.599 0 197632 198144
1.26273 32.664 0 198144 198656
1.28773 32.764 0 198656 199168
1.31224 32.844 0 199168 199680
1.33675 32.908 0 199680 200192
1.36222 33.007 0 200192 200704
1.38674 33.087 0 200704 201216
1.41125 33.15 0 201216 201728
1.43624 33.249 0 201728 202240
1.46076 33.328 0 202240 202752
1.48623 33.439 0 202752 203264
1.51074 33.528 0 203264 203776
1.53526 33.6 0 203776 204288
1.56025 33.705 0 204288 204800
1.58476 33.789 0 204800 205312
1.60975 33.856 0 205312 205824
1.63475 33.958 0 205824 206336
1.65926 34.039 0 206336 206848
1.68377 34.105 0 206848 207360
1.70877 34.205 0 207360 207872
1.73376 34.285 0 207872 208384
1.75827 34.349 0 208384 208896
1.78327 34.448 0 208896 209408
1.80778 34.528 0 209408 209920
1.83373 34.592 0 209920 210432
1.86161 34.69 0 210432 210944
1.88901 34.77 0 210944 211456
1.91688 34.881 0 211456 211968
1.94428 34.97 0 211968 212480
1.97168 35.041 0 212480 212992
1.99907 35.146 0 212992 213504
2.02647 35.231 0 213504 214016
2.05387 35.298 0 214016 214528
2.08174 35.4 0 214528 215040
2.10914 35.481 0 215040 215552
2.13654 35.546 0 215552 216064
2.16441 35.647 0 216064 216576
2.19181 35.727 0 216576 217088
2.21921 35.791 0 217088 217600
2.2466 35.89 0 217600 218112
2.274 35.97 0 218112 218624
2.3014 36.033 0 218624 219136
2.32927 36.132 0 219136 219648
2.35667 36.212 0 219648 220160
2.38455 36.323 0 220160 220672
2.41194 36.412 0 220672 221184
2.43934 36.483 0 221184 221696
2.46722 36.588 0 221696 222208
2.49413 36.672 0 222208 222720
2.52153 36.74 0 222720 223232
2.54941 36.842 0 223232 223744
2.5768 36.923 0 223744 224256
2.6042 36.988 0 224256 224768
2.63208 37.089 0 224768 225280
2.65947 37.169 0 225280 225792
2.68687 37.233 0 225792 226304
2.71475 37.332 0 226304 226816
2.74166 37.412 0 226816 227328
2.76906 37.475 0 227328 227840
2.79694 37.574 0 227840 228352
2.82433 37.653 0 228352 228864
2.85221 37.765 0 228864 229376
2.87961 37.854 0 229376 229888
2.907 37.925 0 229888 230400
2.93488 38.03 0 230400 230912
2.96228 38.114 0 230912 231424
2.98919 38.182 0 231424 231936
3.01707 38.284 0 231936 232448
3.04446 38.365 0 232448 232960
3.07186 38.43 0 232960 233472
3.1031 38.53 0 233472 233984
3.13386 38.611 0 233984 234496
3.16462 38.675 0 234496 235008
3.19587 38.774 0 235008 235520
3.22663 38.854 0 235520 236032
3.25787 38.965 0 236032 236544
3.28863 39.055 0 236544 237056
3.31939 39.126 0 237056 237568
3.35063 39.231 0 237568 238080
3.38139 39.316 0 238080 238592
3.41215 39.383 0 238592 239104
3.4434 39.485 0 239104 239616
3.47416 39.566 0 239616 240128
3.50492 39.632 0 240128 240640
3.53616 39.732 0 240640 241152
3.56692 39.812 0 241152 241664
3.59768 39.876 0 241664 242176
3.62892 39.976 0 242176 242688
3.65968 40.055 0 242688 243200
3.69044 40.119 0 243200 243712
3.72169 40.218 0 243712 244224
3.75245 40.297 0 244224 244736
3.78369 40.408 0 244736 245248
3.81445 40.497 0 245248 245760
3.84521 40.569 0 245760 246272
3.87645 40.674 0 246272 246784
3.90721 40.758 0 246784 247296
3.93797 40.825 0 247296 247808
3.96922 40.927 0 247808 248320
3.99998 41.009 0 248320 248832
4.03074 41.074 0 248832 249344
4.06198 41.174 0 249344 249856
4.09274 41.254 0 249856 250368
4.1235 41.318 0 250368 250880
4.15474 41.418 0 250880 251392
4.1855 41.497 0 251392 251904
4.21626 41.561 0 251904 252416
4.24751 41.66 0 252416 252928
4.27827 41.739 0 252928 253440
4.30951 41.85 0 253440 253952
4.34027 41.939 0 253952 254464
4.37103 42.011 0 254464 254976
4.40227 42.116 0 254976 255488
4.43303 42.2 0 255488 256000
4.46379 42.267 0 256000 256512
4.49504 42.369 0 256512 257024
4.5258 42.45 0 257024 257536
4.55656 42.516 0 257536 258048
4.5878 42.616 0 258048 258560
4.61856 42.696 0 258560 259072
4.64932 42.76 0 259072 259584
4.68056 42.86 0 259584 260096
4.71132 42.939 0 260096 260608
4.74209 43.003 0 260608 261120
4.77333 43.102 0 261120 261632
4.80409 43.181 0 261632 262144
4.83581 43.292 0 262144 262656
4.8709 43.381 0 262656 263168
4.90598 43.453 0 263168 263680
4.94155 43.558 0 263680 264192
4.97664 43.642 0 264192 264704
5.0122 43.709 0 264704 265216
5.04777 43.811 0 265216 265728
5.08286 43.892 0 265728 266240
5.11795 43.958 0 266240 266752
5.15351 44.058 0 266752 267264
5.1886 44.138 0 267264 267776
5.22369 44.202 0 267776 268288
5.25973 44.302 0 268288 268800
5.29482 44.381 0 268800 269312
5.32991 44.445 0 269312 269824
5.36548 44.544 0 269824 270336
5.40056 44.623 0 270336 270848
5.43613 44.734 0 270848 271360
5.47122 44.823 0 271360 271872
5.50678 44.895 0 271872 272384
5.54235 45 0 272384 272896
5.57744 45.084 0 272896 273408
5.61252 45.151 0 273408 273920
5.64809 45.253 0 273920 274432
5.68318 45.334 0 274432 274944
5.71826 45.4 0 274944 275456
5.75431 45.5 0 275456 275968
5.7894 45.58 0 275968 276480
5.82449 45.644 0 276480 276992
5.86005 45.743 0 276992 277504
5.89514 45.823 0 277504 278016
5.93023 45.887 0 278016 278528
5.96579 45.985 0 278528 279040
6.00136 46.065 0 279040 279552
6.03693 46.176 0 279552 280064
6.07202 46.265 0 280064 280576
6.1071 46.336 0 280576 281088
6.14267 46.442 0 281088 281600
6.17776 46.526 0 281600 282112
6.21284 46.593 0 282112 282624
6.24889 46.695 0 282624 283136
6.28398 46.776 0 283136 283648
6.31906 46.841 0 283648 284160
6.35463 46.942 0 284160 284672
6.38972 47.022 0 284672 285184
6.42481 47.086 0 285184 285696
6.46037 47.185 0 285696 286208
6.49594 47.265 0 286208 286720
6.53151 47.377 0 286720 287232
6.56659 47.466 0 287232 287744
6.60168 47.537 0 287744 288256
6.63725 47.643 0 288256 288768
6.67234 47.727 0 288768 289280
6.70742 47.794 0 289280 289792
6.74347 47.896 0 289792 290304
6.77856 47.978 0 290304 290816
6.81364 48.043 0 290816 291328
6.84921 48.143 0 291328 291840
6.8843 48.223 0 291840 292352
6.91938 48.287 0 292352 292864
6.95495 48.387 0 292864 293376
6.99052 48.466 0 293376 293888
7.02561 48.53 0 293888 294400
7.06117 48.629 0 294400 294912
7.09626 48.708 0 294912 295424
7.13183 48.82 0 295424 295936
7.16691 48.909 0 295936 296448
7.202 48.98 0 296448 296960
7.23805 49.085 0 296960 297472
7.27314 49.169 0 297472 297984
7.30822 49.236 0 297984 298496
7.34379 49.338 0 298496 299008
7.37888 49.42 0 299008 299520
7.41396 49.485 0 299520 300032
7.4553 49.585 0 300032 300544
7.49663 49.665 0 300544 301056
7.53749 49.729 0 301056 301568
7.57882 49.829 0 301568 302080
7.61992 49.86 0 302080 302592
7.69826 44.887 0 149504 150528
7.70331 40.908 0 150016 150528
7.72205 37.725 0 150528 151040
7.74176 35.227 0 151040 151552
7.7605 33.228 0 151552 152064
7.77973 31.677 0 152064 152576
7.79896 30.436 0 152576 153088
7.8177 29.444 0 153088 153600
7.83741 28.698 0 153600 154112
7.85615 28.101 0 154112 154624
7.8749 27.623 0 154624 155136
7.8946 27.29 0 155136 155648
7.91335 27.022 0 155648 156160
7.93209 26.809 0 156160 156672
7.9518 26.686 0 156672 157184
7.97054 26.588 0 157184 157696
7.98977 26.509 0 157696 158208
8.009 26.494 0 158208 158720
8.02774 26.482 0 158720 159232
8.04697 26.473 0 159232 159744
8.06619 26.513 0 159744 160256
8.08542 26.546 0 160256 160768
8.10464 26.62 0 160768 161280
8.12339 26.679 0 161280 161792
8.14406 26.726 0 161792 162304
8.1652 26.812 0 162304 162816
8.18539 26.881 0 162816 163328
8.20606 26.936 0 163328 163840
8.22721 27.028 0 163840 164352
8.24739 27.101 0 164352 164864
8.26806 27.16 0 164864 165376
8.28921 27.256 0 165376 165888
8.3094 27.332 0 165888 166400
8.33006 27.393 0 166400 166912
8.35121 27.489 0 166912 167424
8.3714 27.567 0 167424 167936
8.39207 27.629 0 167936 168448
8.41321 27.726 0 168448 168960
8.4334 27.805 0 168960 169472
8.45455 27.915 0 169472 169984
8.47522 28.004 0 169984 170496
8.4954 28.074 0 170496 171008
8.51655 28.179 0 171008 171520
8.53722 28.263 0 171520 172032
8.55741 28.33 0 172032 172544
8.57855 28.431 0 172544 173056
8.59922 28.513 0 173056 173568
8.61941 28.578 0 173568 174080
8.64056 28.678 0 174080 174592
8.66122 28.758 0 174592 175104
8.68285 28.822 0 175104 175616
8.70592 28.921 0 175616 176128
8.72803 29.001 0 176128 176640
8.75062 29.064 0 176640 177152
8.77321 29.163 0 177152 177664
8.7958 29.242 0 177664 178176
8.81839 29.354 0 178176 178688
8.84098 29.443 0 178688 179200
8.86309 29.514 0 179200 179712
8.88616 29.619 0 179712 180224
8.90827 29.703 0 180224 180736
8.93086 29.77 0 180736 181248
8.95393 29.872 0 181248 181760
8.97604 29.954 0 181760 182272
8.99863 30.019 0 182272 182784
9.02122 30.119 0 182784 183296
9.04381 30.199 0 183296 183808
9.06592 30.264 0 183808 184320
9.08899 30.363 0 184320 184832
9.1111 30.442 0 184832 185344
9.13369 30.506 0 185344 185856
9.15628 30.605 0 185856 186368
9.17887 30.684 0 186368 186880
9.20194 30.796 0 186880 187392
9.22405 30.885 0 187392 187904
9.24664 30.956 0 187904 188416
9.26923 31.061 0 188416 188928
9.29182 31.145 0 188928 189440
9.31393 31.212 0 189440 189952
9.337 31.314 0 189952 190464
9.35911 31.396 0 190464 190976
9.38314 31.461 0 190976 191488
9.40814 31.561 0 191488 192000
9.43313 31.641 0 192000 192512
9.45764 31.705 0 192512 193024
9.48264 31.805 0 193024 193536
9.50715 31.884 0 193536 194048
9.53214 31.996 0 194048 194560
9.55714 32.085 0 194560 195072
9.58165 32.157 0 195072 195584
9.60664 32.262 0 195584 196096
9.63116 32.346 0 196096 196608
9.65567 32.414 0 196608 197120
9.68114 32.516 0 197120 197632
9.70565 32.597 0 197632 198144
9.73017 32.662 0 198144 198656
9.75516 32.763 0 198656 199168
9.77967 32.843 0 199168 199680
9.80467 32.907 0 199680 200192
9.82966 33.006 0 200192 200704
9.85417 33.086 0 200704 201216
9.87868 33.15 0 201216 201728
9.90368 33.248 0 201728 202240
9.92867 33.328 0 202240 202752
9.95366 33.439 0 202752 203264
9.97818 33.528 0 203264 203776
10.0027 33.599 0 203776 204288
10.0277 33.706 0 204288 204800
10.0546 34.176 0 204800 205312
10.0815 34.839 0 205312 205824
10.1094 35.754 0 205824 206336
10.1373 36.726 0 206336 206848
10.1642 37.407 0 206848 207360
10.1947 38.144 0 207360 207872
10.2293 39.455 0 207872 208384
10.2635 41.129 0 208384 208896
10.2942 42.948 0 208896 209408
10.3408 45.798 0 209408 209920
10.4007 50.385 0 209920 210432
10.4567 55.928 0 210432 210944
10.5127 62.142 0 210944 211456
10.61 71.919 0 211456 211968
10.7254 82.961 0 211968 212480
10.8306 91.746 0 212480 212992
10.8756 92.863 0 212992 213504
10.9551 91.93 0 213504 214016
11.0145 87.05 0 214016 214528
11.0664 81.992 0 214528 215040
11.1058 77.946 0 215040 215552
11.149 74.709 0 215552 216064
11.2029 72.168 0 216064 216576
11.2562 70.135 0 216576 217088
11.3007 68.508 0 217088 217600
11.3374 67.255 0 217600 218112
11.3903 66.252 0 218112 218624
11.4437 65.45 0 218624 219136
11.4888 64.857 0 219136 219648
11.5249 64.382 0 219648 220160
11.5787 64.05 0 220160 220672
11.6321 63.785 0 220672 221184
11.6773 63.572 0 221184 221696
11.7133 63.451 0 221696 222208
11.7667 63.353 0 222208 222720
11.7938 58.132 0 222720 223232
11.8222 54.052 0 223232 223744
11.8503 50.835 0 223744 224256
11.8777 48.262 0 224256 224768
11.9063 46.252 0 224768 225280
11.9351 44.788 0 225280 225792
11.9644 43.713 0 225792 226304
11.9926 42.949 0 226304 226816
12.0228 42.482 0 226816 227328
12.0541 42.396 0 227328 227840
12.082 42.376 0 227840 228352
12.1158 42.793 0 228352 228864
12.1538 43.895 0 228864 229376
12.1963 45.786 0 229376 229888
12.2237 47.299 0 229888 230400
12.274 49.999 0 230400 230912
12.3353 54.467 0 230912 231424
12.3718 58.233 0 231424 231936
12.428 61.918 0 231936 232448
12.4934 64.867 0 232448 232960
12.5535 67.322 0 232960 233472
12.5902 69.286 0 233472 233984
12.6594 70.905 0 233984 234496
12.7289 72.249 0 234496 235008
12.7986 73.324 0 235008 235520
12.8616 74.28 0 235520 236032
12.8993 75.044 0 236032 236544
12.969 75.704 0 236544 237056
13.0389 76.28 0 237056 237568
13.1091 76.741 0 237568 238080
13.1665 77.206 0 238080 238592
13.2095 77.481 0 238592 239104
13.28 77.798 0 239104 239616
13.3501 78.1 0 239616 240128
13.4179 78.389 0 240128 240640
13.4532 78.716 0 240640 241152
13.522 78.882 0 241152 241664
13.5924 79.063 0 241664 242176
13.6635 79.303 0 242176 242688
13.7193 79.496 0 242688 243200
13.7652 79.698 0 243200 243712
13.8363 79.86 0 243712 244224
13.9072 80.037 0 244224 244736
13.9726 80.42 0 244736 245248
14.0096 80.581 0 245248 245760
14.0807 80.71 0 245760 246272
14.1526 80.91 0 246272 246784
14.2196 81.118 0 246784 247296
14.2544 81.188 0 247296 247808
14.3263 81.34 0 247808 248320
14.3979 81.51 0 248320 248832
14.4659 81.694 0 248832 249344
14.501 81.889 0 249344 249856
14.5726 81.997 0 249856 250368
14.6445 82.131 0 250368 250880
14.7132 82.383 0 250880 251392
14.7478 82.537 0 251392 251904
14.8202 82.707 0 251904 252416
14.8927 82.844 0 252416 252928
14.9588 83.049 0 252928 253440
14.9963 83.214 0 253440 253952
15.0689 83.393 0 253952 254464
15.1417 83.585 0 254464 254976
15.2016 83.835 0 254976 255488
15.2455 83.938 0 255488 256000
15.3183 84.069 0 256000 256512
15.3919 84.27 0 256512 257024
15.427 85.007 0 257024 257536
15.4959 85.068 0 257536 258048
15.5695 85.117 0 258048 258560
15.637 85.204 0 258560 259072
15.6733 85.226 0 259072 259584
15.7471 85.34 0 259584 260096
15.8206 85.479 0 260096 260608
15.8692 85.638 0 260608 261120
15.9256 85.813 0 261120 261632
15.9992 85.905 0 261632 262144
16.071 86.268 0 262144 262656
16.1201 86.461 0 262656 263168
16.1873 86.568 0 263168 263680
16.2664 86.75 0 263680 264192
16.3452 86.847 0 264192 264704
16.4231 87.021 0 264704 265216
16.4839 87.64 0 265216 265728
16.5382 87.704 0 265728 266240
16.6173 87.802 0 266240 266752
16.6966 87.881 0 266752 267264
16.7749 88.041 0 267264 267776
16.8336 88.168 0 267776 268288
16.891 88.318 0 268288 268800
16.9703 88.438 0 268800 269312
17.0499 88.582 0 269312 269824
17.1272 88.793 0 269824 270336
17.1755 88.914 0 270336 270848
17.2448 89.059 0 270848 271360
17.325 89.223 0 271360 271872
17.405 89.403 0 271872 272384
17.4786 89.642 0 272384 272896
17.5211 89.786 0 272896 273408
17.6004 89.9 0 273408 273920
17.6812 90.088 0 273920 274432
17.7612 90.287 0 274432 274944
17.8198 90.446 0 274944 275456
17.878 90.621 0 275456 275968
17.9583 90.713 0 275968 276480
18.0388 90.834 0 276480 276992
18.1121 91.172 0 276992 277504
18.1551 91.298 0 277504 278016
18.2361 91.447 0 278016 278528
18.3178 91.566 0 278528 279040
18.3959 91.757 0 279040 279552
18.4355 91.958 0 279552 280064
18.5156 92.119 0 280064 280576
18.597 92.296 0 280576 281088
18.678 92.534 0 281088 281600
18.7191 92.724 0 281600 282112
18.7958 92.828 0 282112 282624
18.878 93.007 0 282624 283136
18.9594 93.15 0 283136 283648
19.0068 93.313 0 283648 284160
19.0772 93.492 0 284160 284672
19.1589 93.586 0 284672 285184
19.2404 93.71 0 285184 285696
19.293 94.626 0 285696 286208
19.3591 94.638 0 286208 286720
19.442 94.744 0 286720 287232
19.5235 94.876 0 287232 287744
19.5612 94.934 0 287744 288256
19.6422 95.029 0 288256 288768
19.7249 95.152 0 288768 289280
19.8049 95.299 0 289280 289792
19.8448 95.465 0 289792 290304
19.9265 95.549 0 290304 290816
20.0094 95.665 0 290816 291328
20.0849 95.902 0 291328 291840
20.1281 96.045 0 291840 292352
20.2125 96.4 0 292352 292864
20.2978 96.73 0 292864 293376
20.3596 97.042 0 293376 293888
20.4184 97.484 0 293888 294400
20.5054 98.078 0 294400 294912
20.5917 98.889 0 294912 295424
20.6302 99.587 0 295424 295936
20.7193 100.529 0 295936 296448
20.8138 102.052 0 296448 296960
20.8873 103.559 0 296960 297472
20.9486 105.581 0 297472 297984
21.0553 108.689 0 297984 298496
21.1673 112.329 0 298496 299008
21.2038 115.193 0 299008 299520
22.844 102.344 0 73728 74240
22.8829 92.257 0 74240 74752
22.899 84.043 0 74752 75264
22.9466 77.52 0 75264 75776
22.9932 72.446 0 75776 76288
23.0064 68.434 0 76288 76800
23.0538 65.225 0 76800 77312
23.1023 62.754 0 77312 77824
23.1477 60.777 0 77824 78336
23.1631 59.292 0 78336 78848
23.2119 58.152 0 78848 79360
23.2614 57.24 0 79360 79872
23.3071 56.846 0 79872 80384
23.3225 56.339 0 80384 80896
23.372 55.934 0 80896 81408
23.4229 55.802 0 81408 81920
23.4676 55.696 0 81920 82432
23.4859 55.563 0 82432 82944
23.5366 55.553 0 82944 83456
23.5861 55.593 0 83456 83968
23.6313 55.674 0 83968 84480
23.6512 55.834 0 84480 84992
23.7036 56.01 0 84992 85504
23.7538 56.247 0 85504 86016
23.8007 62.733 0 86016 86528
23.8204 61.578 0 86528 87040
23.8735 60.797 0 87040 87552
23.9228 60.269 0 87552 88064
23.9398 59.847 0 88064 88576
23.9932 59.557 0 88576 89088
24.0473 59.373 0 89088 89600
24.0965 59.226 0 89600 90112
24.1141 59.156 0 90112 90624
24.1677 59.245 0 90624 91136
24.221 59.316 0 91136 91648
24.2727 59.613 0 91648 92160
24.291 59.706 0 92160 92672
24.3457 59.781 0 92672 93184
24.4013 60.033 0 93184 93696
24.4515 60.234 0 93696 94208
24.4717 60.396 0 94208 94720
24.5274 60.621 0 94720 95232
24.5817 60.801 0 95232 95744
24.6327 61.089 0 95744 96256
24.6548 61.32 0 96256 96768
24.7125 61.504 0 96768 97280
24.7677 62.085 0 97280 97792
24.7843 62.26 0 97792 98304
24.8418 62.401 0 98304 98816
24.9004 62.658 0 98816 99328
24.9535 62.911 0 99328 99840
24.9725 63.066 0 99840 100352
25.0316 63.237 0 100352 100864
25.0898 63.519 0 100864 101376
25.1441 63.792 0 101376 101888
25.1648 64.011 0 101888 102400
25.2241 64.282 0 102400 102912
25.2837 64.691 0 102912 103424
25.3371 64.971 0 103424 103936
25.3589 65.146 0 103936 104448
25.419 65.334 0 104448 104960
25.4769 65.629 0 104960 105472
25.5317 65.865 0 105472 105984
25.5567 66.102 0 105984 106496
25.6185 66.339 0 106496 107008
25.6774 66.529 0 107008 107520
25.7331 66.825 0 107520 108032
25.7579 67.062 0 108032 108544
25.8203 67.252 0 108544 109056
25.879 67.644 0 109056 109568
25.8987 67.861 0 109568 110080
25.9617 68.083 0 110080 110592
26.0239 68.405 0 110592 111104
26.0823 68.663 0 111104 111616
26.1054 68.868 0 111616 112128
26.1695 69.081 0 112128 112640
26.233 69.348 0 112640 113152
26.2921 69.609 0 113152 113664
26.3149 69.866 0 113664 114176
26.3789 70.023 0 114176 114688
26.443 70.342 0 114688 115200
26.5005 70.644 0 115200 115712
26.5262 70.887 0 115712 116224
26.5918 71.08 0 116224 116736
26.6521 71.331 0 116736 117248
26.6761 71.58 0 117248 117760
26.742 71.828 0 117760 118272
26.809 72.073 0 118272 118784
26.8729 72.366 0 118784 119296
26.8943 72.649 0 119296 119808
26.9604 72.874 0 119808 120320
27.0287 73.103 0 120320 120832
27.0907 73.382 0 120832 121344
27.1133 73.606 0 121344 121856
27.182 73.832 0 121856 122368
27.2493 74.158 0 122368 122880
27.3103 74.418 0 122880 123392
27.3358 74.627 0 123392 123904
27.4055 74.889 0 123904 124416
27.4733 75.1 0 124416 124928
27.5379 75.412 0 124928 125440
27.5644 75.71 0 125440 125952
27.6343 75.9 0 125952 126464
27.7037 76.245 0 126464 126976
27.7674 76.52 0 126976 127488
27.7948 76.789 0 127488 128000
27.8657 77.004 0 128000 128512
27.934 77.224 0 128512 129024
27.9981 77.832 0 129024 129536
28.0262 77.983 0 129536 130048
28.0986 78.199 0 130048 130560
28.1642 78.42 0 130560 131072
28.1887 78.597 0 131072 131584
28.2615 78.739 0 131584 132096
28.3355 78.948 0 132096 132608
28.4031 79.26 0 132608 133120
28.4288 79.461 0 133120 133632
28.5023 79.67 0 133632 134144
28.5766 79.886 0 134144 134656
28.6436 80.058 0 134656 135168
28.6705 80.34 0 135168 135680
28.7443 80.566 0 135680 136192
28.82 80.89 0 136192 136704
28.888 81.198 0 136704 137216
28.914 81.396 0 137216 137728
28.989 81.747 0 137728 138240
29.0615 82.028 0 138240 138752
29.1293 82.3 0 138752 139264
29.1594 82.614 0 139264 139776
29.2346 82.818 0 139776 140288
29.3081 83.028 0 140288 140800
29.3795 83.437 0 140800 141312
29.4105 83.62 0 141312 141824
29.4881 83.863 0 141824 142336
29.5633 84.105 0 142336 142848
29.6337 84.346 0 142848 143360
29.6652 84.54 0 143360 143872
29.7436 84.791 0 143872 144384
29.8195 85.087 0 144384 144896
29.8897 85.373 0 144896 145408
29.9229 85.649 0 145408 145920
30.0005 85.728 0 145920 146432
30.0382 78.389 0 146432 146944
30.0601 72.422 0 146944 147456
30.1021 67.694 0 147456 147968
30.1449 64.008 0 147968 148480
30.1769 61.108 0 148480 148992
30.2048 58.787 0 148992 149504
30.2471 56.931 0 149504 150016
30.2872 55.542 0 150016 150528
30.3228 54.433 0 150528 151040
30.3535 53.593 0 151040 151552
30.3975 52.968 0 151552 152064
30.4412 52.564 0 152064 152576
30.478 52.577 0 152576 153088
30.5049 52.203 0 153088 153600
30.5501 52 0 153600 154112
30.5936 51.934 0 154112 154624
30.6311 51.834 0 154624 155136
30.6585 51.753 0 155136 155648
30.703 51.736 0 155648 156160
30.7467 51.77 0 156160 156672
30.7818 51.894 0 156672 157184
30.8128 51.993 0 157184 157696
30.8575 52.024 0 157696 158208
30.9 52.29 0 158208 158720
30.9341 52.406 0 158720 159232
30.9673 52.498 0 159232 159744
31.0132 52.669 0 159744 160256
31.0509 52.805 0 160256 160768
31.0781 52.914 0 160768 161280
31.124 53.05 0 161280 161792
31.1704 53.206 0 161792 162304
31.2103 53.427 0 162304 162816
31.2398 53.556 0 162816 163328
31.2872 53.707 0 163328 163840
31.3352 53.828 0 163840 164352
31.3778 54.069 0 164352 164864
31.404 54.214 0 164864 165376
31.4518 54.378 0 165376 165888
31.5001 54.557 0 165888 166400
31.5424 54.7 0 166400 166912
31.5806 55.439 0 166912 167424
31.6171 55.454 0 167424 167936
31.6652 55.514 0 167936 168448
31.7092 55.706 0 168448 168960
31.7356 55.812 0 168960 169472
31.7837 55.896 0 169472 169984
31.8325 56.012 0 169984 170496
31.8728 56.153 0 170496 171008
31.9022 56.313 0 171008 171520
31.9514 56.49 0 171520 172032
31.9992 56.631 0 172032 172544
32.036 56.84 0 172544 173056
32.0704 56.959 0 173056 173568
32.1199 57.103 0 173568 174080
32.1648 57.313 0 174080 174592
32.1908 57.482 0 174592 175104
32.2408 57.569 0 175104 175616
32.2927 57.687 0 175616 176128
32.3395 57.829 0 176128 176640
32.3804 57.991 0 176640 177152
32.4188 58.168 0 177152 177664
32.4705 58.358 0 177664 178176
32.5217 58.606 0 178176 178688
32.5621 58.997 0 178688 179200
32.5972 59.069 0 179200 179712
32.6496 59.223 0 179712 180224
32.7022 59.443 0 180224 180736
32.744 59.57 0 180736 181248
32.7772 59.672 0 181248 181760
32.8293 59.801 0 181760 182272
32.8822 59.953 0 182272 182784
32.925 60.123 0 182784 183296
32.9579 60.306 0 183296 183808
33.0108 60.405 0 183808 184320
33.0631 60.676 0 184320 184832
33.1026 60.845 0 184832 185344
33.1393 60.981 0 185344 185856
33.1934 61.185 0 185856 186368
33.2429 61.348 0 186368 186880
33.2835 61.671 0 186880 187392
33.3224 61.786 0 187392 187904
33.3763 61.925 0 187904 188416
33.4239 62.133 0 188416 188928
33.4534 62.299 0 188928 189440
33.5068 62.384 0 189440 189952
33.5594 62.596 0 189952 190464
33.5991 62.765 0 190464 190976
33.6387 62.853 0 190976 191488
33.6954 63.019 0 191488 192000
33.7519 63.2 0 192000 192512
33.7971 63.345 0 192512 193024
33.8336 63.461 0 193024 193536
33.8901 63.602 0 193536 194048
33.9473 63.811 0 194048 194560
34.0002 64.074 0 194560 195072
34.0434 64.236 0 195072 195584
34.0859 64.366 0 195584 196096
34.1434 64.518 0 196096 196608
34.1984 64.688 0 196608 197120
34.2424 64.872 0 197120 197632
34.283 65.067 0 197632 198144
34.3402 65.175 0 198144 198656
34.3981 65.55 0 198656 199168
34.4402 65.705 0 199168 199680
34.4803 65.782 0 199680 200192
34.5385 65.939 0 200192 200704
34.5945 66.113 0 200704 201216
34.6387 66.204 0 201216 201728
34.6795 66.325 0 201728 202240
34.7375 66.47 0 202240 202752
34.793 66.73 0 202752 203264
34.8379 66.986 0 203264 203776
34.8795 67.143 0 203776 204288
34.9381 67.268 0 204288 204800
34.9922 67.561 0 204800 205312
35.0304 67.699 0 205312 205824
35.0802 67.857 0 205824 206336
35.1395 68.032 0 206336 206848
35.1866 68.172 0 206848 207360
35.2236 68.284 0 207360 207872
35.282 68.421 0 207872 208384
35.338 68.579 0 208384 208896
35.3844 68.802 0 208896 209408
35.426 68.98 0 209408 209920
35.4865 69.074 0 209920 210432
35.5461 69.294 0 210432 210944
35.5944 69.47 0 210944 211456
35.6396 69.659 0 211456 211968
35.7016 69.809 0 211968 212480
35.7643 69.978 0 212480 212992
35.8208 70.258 0 212992 213504
35.8698 70.625 0 213504 214016
35.9174 70.679 0 214016 214528
35.9809 70.818 0 214528 215040
36.0419 71.025 0 215040 215552
36.09 71.143 0 215552 216064
36.1349 71.286 0 216064 216576
36.1976 71.4 0 216576 217088
36.2611 71.539 0 217088 217600
36.314 71.746 0 217600 218112
36.3531 71.912 0 218112 218624
36.4161 71.997 0 218624 219136
36.4803 72.161 0 219136 219648
36.5367 72.34 0 219648 220160
36.5725 72.58 0 220160 220672
36.6355 72.723 0 220672 221184
36.6997 72.886 0 221184 221696
36.7569 73.112 0 221696 222208
36.7927 73.245 0 222208 222720
36.8556 73.352 0 222720 223232
36.9205 73.533 0 223232 223744
36.9772 73.774 0 223744 224256
37.013 73.919 0 224256 224768
37.077 74.035 0 224768 225280
37.1416 74.176 0 225280 225792
37.1935 74.337 0 225792 226304
37.2349 74.513 0 226304 226816
37.2995 74.703 0 226816 227328
37.3627 74.854 0 227328 227840
37.4127 75.071 0 227840 228352
37.4574 75.197 0 228352 228864
37.5232 75.394 0 228864 229376
37.5836 75.647 0 229376 229888
37.6256 75.802 0 229888 230400
37.6816 75.926 0 230400 230912
37.7472 76.073 0 230912 231424
37.8001 76.239 0 231424 231936
37.8414 76.42 0 231936 232448
37.907 76.612 0 232448 232960
37.9693 76.766 0 232960 233472
38.0248 76.986 0 233472 233984
38.0736 77.113 0 233984 234496
38.1428 77.263 0 234496 235008
38.213 77.431 0 235008 235520
38.2786 77.614 0 235520 236032
38.3341 77.808 0 236032 236544
38.3843 77.915 0 236544 237056
38.4538 78.049 0 237056 237568
38.5244 78.252 0 237568 238080
38.5871 78.511 0 238080 238592
38.6403 78.67 0 238592 239104
38.6962 78.797 0 239104 239616
38.7667 78.946 0 239616 240128
38.8352 79.114 0 240128 240640
38.8921 79.345 0 240640 241152
38.9399 79.529 0 241152 241664
39.0101 79.628 0 241664 242176
39.0812 79.756 0 242176 242688
39.144 79.954 0 242688 243200
39.1843 80.113 0 243200 243712
39.2545 80.288 0 243712 244224
39.3259 80.476 0 244224 244736
39.3934 80.722 0 244736 245248
39.4489 81.016 0 245248 245760
39.4996 81.106 0 245760 246272
39.5717 81.275 0 246272 246784
39.6402 81.457 0 246784 247296
39.6955 81.604 0 247296 247808
39.7467 81.769 0 247808 248320
39.8183 81.901 0 248320 248832
39.8873 82.055 0 248832 249344
39.9433 82.274 0 249344 249856
39.9925 82.162 0 249856 250368
40.0233 74.047 0 250368 250880
40.0546 67.602 0 250880 251392
40.0853 62.446 0 251392 251904
40.1161 58.32 0 251904 252416
40.1473 55.069 0 252416 252928
40.1781 52.466 0 252928 253440
40.2093 50.432 0 253440 253952
40.2401 48.805 0 253952 254464
40.2709 47.503 0 254464 254976
40.3021 46.51 0 254976 255488
40.3329 45.715 0 255488 256000
40.3636 45.079 0 256000 256512
40.3949 44.619 0 256512 257024
40.4256 44.25 0 257024 257536
40.4564 43.955 0 257536 258048
40.4876 43.768 0 258048 258560
40.5184 43.618 0 258560 259072
40.5491 43.497 0 259072 259584
40.5804 43.449 0 259584 260096
40.6111 43.411 0 260096 260608
40.6419 43.38 0 260608 261120
40.6732 43.404 0 261120 261632
40.7039 43.422 0 261632 262144
40.7356 43.485 0 262144 262656
40.7707 43.536 0 262656 263168
40.8063 43.576 0 263168 263680
40.8419 43.657 0 263680 264192
40.8769 43.721 0 264192 264704
40.912 43.772 0 264704 265216
40.9476 43.862 0 265216 265728
40.9827 43.933 0 265728 266240
41.0178 43.99 0 266240 266752
41.0538 44.084 0 266752 267264
41.0889 44.159 0 267264 267776
41.124 44.219 0 267776 268288
41.1596 44.315 0 268288 268800
41.1946 44.392 0 268800 269312
41.2297 44.453 0 269312 269824
41.2653 44.55 0 269824 270336
41.3009 44.628 0 270336 270848
41.3364 44.738 0 270848 271360
41.3715 44.827 0 271360 271872
41.4066 44.897 0 271872 272384
41.4422 45.002 0 272384 272896
41.4773 45.085 0 272896 273408
41.5123 45.152 0 273408 273920
41.5484 45.254 0 273920 274432
41.5835 45.335 0 274432 274944
41.6186 45.4 0 274944 275456
41.6541 45.5 0 275456 275968
41.6892 45.58 0 275968 276480
41.7243 45.644 0 276480 276992
41.7599 45.744 0 276992 277504
41.7954 45.823 0 277504 278016
41.8305 45.887 0 278016 278528
41.8661 45.986 0 278528 279040
41.9012 46.065 0 279040 279552
41.9368 46.176 0 279552 280064
41.9718 46.265 0 280064 280576
42.0069 46.336 0 280576 281088
42.043 46.442 0 281088 281600
42.0781 46.526 0 281600 282112
42.1131 46.593 0 282112 282624
42.1487 46.695 0 282624 283136
42.1838 46.776 0 283136 283648
42.2189 46.841 0 283648 284160
42.2545 46.942 0 284160 284672
42.29 47.022 0 284672 285184
42.3251 47.086 0 285184 285696
42.3607 47.185 0 285696 286208
42.3958 47.265 0 286208 286720
42.4313 47.377 0 286720 287232
42.4664 47.466 0 287232 287744
42.5015 47.537 0 287744 288256
42.5376 47.643 0 288256 288768
42.5726 47.727 0 288768 289280
42.6077 47.794 0 289280 289792
42.6433 47.896 0 289792 290304
42.6784 47.978 0 290304 290816
42.7135 48.043 0 290816 291328
42.749 48.143 0 291328 291840
42.7846 48.223 0 291840 292352
42.8197 48.287 0 292352 292864
42.8553 48.387 0 292864 293376
42.8903 48.466 0 293376 293888
42.9254 48.53 0 293888 294400
42.961 48.629 0 294400 294912
42.9961 48.708 0 294912 295424
43.0321 48.82 0 295424 295936
43.0672 48.909 0 295936 296448
43.1023 48.98 0 296448 296960
43.1379 49.085 0 296960 297472
43.173 49.169 0 297472 297984
43.208 49.236 0 297984 298496
43.2436 49.338 0 298496 299008
43.2792 49.42 0 299008 299520
43.3143 49.485 0 299520 300032
43.3556 49.585 0 300032 300544
43.3965 49.665 0 300544 301056
43.4373 49.729 0 301056 301568
43.4791 49.829 0 301568 302080
43.52 49.908 0 302080 302592
43.5608 49.972 0 302592 303104
43.6027 50.071 0 303104 303616
43.6435 50.15 0 303616 304128
43.6848 50.261 0 304128 304640
43.7262 50.351 0 304640 305152
43.767 50.422 0 305152 305664
43.8084 50.527 0 305664 306176
43.8497 50.611 0 306176 306688
43.8906 50.678 0 306688 307200
43.9319 50.78 0 307200 307712
43.9732 50.862 0 307712 308224
44.0141 50.927 0 308224 308736
44.0554 51.027 0 308736 309248
44.0967 51.107 0 309248 309760
44.1376 51.171 0 309760 310272
44.1789 51.271 0 310272 310784
44.2203 51.35 0 310784 311296
44.2611 51.414 0 311296 311808
44.3025 51.513 0 311808 312320
44.3438 51.592 0 312320 312832
44.3851 51.703 0 312832 313344
44.426 51.792 0 313344 313856
44.4673 51.864 0 313856 314368
44.5087 51.969 0 314368 314880
44.5495 52.053 0 314880 315392
44.5908 52.12 0 315392 315904
44.6322 52.222 0 315904 316416
44.673 52.304 0 316416 316928
44.7144 52.369 0 316928 317440
44.7557 52.469 0 317440 317952
44.7966 52.549 0 317952 318464
44.8379 52.613 0 318464 318976
44.8792 52.713 0 318976 319488
44.9201 52.792 0 319488 320000
44.9614 52.856 0 320000 320512
45.0028 52.955 0 320512 321024
45.0436 53.034 0 321024 321536
45.0854 53.145 0 321536 322048
45.1263 53.234 0 322048 322560
45.1671 53.306 0 322560 323072
45.209 53.411 0 323072 323584
45.2498 53.495 0 323584 324096
45.2907 53.562 0 324096 324608
45.3325 53.664 0 324608 325120
45.3733 53.746 0 325120 325632
45.4142 53.811 0 325632 326144
45.456 53.911 0 326144 326656
45.4969 53.991 0 326656 327168
45.5377 54.055 0 327168 327680
45.5795 54.155 0 327680 328192
45.6204 54.234 0 328192 328704
45.6617 54.346 0 328704 329216
45.703 54.435 0 329216 329728
45.7439 54.507 0 329728 330240
45.7852 54.612 0 330240 330752
45.8266 54.696 0 330752 331264
45.8674 54.763 0 331264 331776
45.9088 54.865 0 331776 332288
45.9501 54.947 0 332288 332800
45.991 55.012 0 332800 333312
46.0323 55.112 0 333312 333824
46.0736 55.193 0 333824 334336
46.1145 55.257 0 334336 334848
46.1558 55.356 0 334848 335360
46.1971 55.436 0 335360 335872
46.238 55.499 0 335872 336384
46.2793 55.598 0 336384 336896
46.3207 55.677 0 336896 337408
46.362 55.789 0 337408 337920
46.4029 55.878 0 337920 338432
46.4442 55.949 0 338432 338944
46.4855 56.054 0 338944 339456
46.5264 56.138 0 339456 339968
46.5677 56.206 0 339968 340480
46.6091 56.308 0 340480 340992
46.6499 56.389 0 340992 341504
46.6912 56.454 0 341504 342016
46.7326 56.554 0 342016 342528
46.7734 56.635 0 342528 343040
46.8148 56.699 0 343040 343552
46.8561 56.798 0 343552 344064
46.897 56.878 0 344064 344576
46.9383 56.941 0 344576 345088
46.9796 57.04 0 345088 345600
47.0205 57.119 0 345600 346112
47.0623 57.231 0 346112 346624
47.1032 57.32 0 346624 347136
47.144 57.391 0 347136 347648
47.1858 57.496 0 347648 348160
47.2267 57.58 0 348160 348672
47.2675 57.648 0 348672 349184
47.3093 57.749 0 349184 349696
47.354 57.831 0 349696 350208
47.4036 57.896 0 350208 350720
47.4531 57.996 0 350720 351232
47.5021 58.077 0 351232 351744
47.5516 58.141 0 351744 352256
47.6011 58.24 0 352256 352768
47.6506 58.32 0 352768 353280
47.6996 58.383 0 353280 353792
47.7491 58.482 0 353792 354304
47.7986 58.561 0 354304 354816
47.8481 58.673 0 354816 355328
47.8977 58.762 0 355328 355840
47.9467 58.833 0 355840 356352
47.9962 58.938 0 356352 356864
48.0457 59.022 0 356864 357376
48.0947 59.089 0 357376 357888
48.1447 59.191 0 357888 358400
48.1937 59.273 0 358400 358912
48.2427 59.338 0 358912 359424
48.2927 59.438 0 359424 359936
48.3418 59.518 0 359936 360448
48.3913 59.583 0 360448 360960
48.4408 59.682 0 360960 361472
48.4898 59.761 0 361472 361984
48.5393 59.825 0 361984 362496
48.5888 59.924 0 362496 363008
48.6383 60.003 0 363008 363520
48.6878 60.115 0 363520 364032
48.7368 60.204 0 364032 364544
48.7864 60.275 0 364544 365056
48.8359 60.38 0 365056 365568
48.8854 60.464 0 365568 366080
48.9344 60.531 0 366080 366592
48.9839 60.633 0 366592 367104
49.0334 60.715 0 367104 367616
49.0824 60.78 0 367616 368128
49.1324 60.88 0 368128 368640
49.1814 60.96 0 368640 369152
49.2305 61.025 0 369152 369664
49.2805 61.124 0 369664 370176
49.3295 61.203 0 370176 370688
49.379 61.267 0 370688 371200
49.4285 61.366 0 371200 371712
49.4775 61.445 0 371712 372224
49.5275 61.557 0 372224 372736
49.5765 61.646 0 372736 373248
49.626 61.717 0 373248 373760
49.6755 61.822 0 373760 374272
49.7246 61.906 0 374272 374784
49.7741 61.973 0 374784 375296
49.8236 62.075 0 375296 375808
49.8731 62.157 0 375808 376320
49.9221 62.222 0 376320 376832
