0.668337 20.608 61.2702 0 156672
0.676571 20.56 61.4132 0 157184
0.686184 20.522 61.5269 0 157696
0.703068 20.515 62.1126 0 158208
0.719712 20.51 62.1277 0 158720
0.729325 20.482 62.2127 0 159232
0.74609 20.483 62.7752 0 159744
0.762854 20.484 62.7721 0 160256
0.779498 20.485 63.3345 0 160768
0.788871 20.486 63.3314 0 161280
0.806236 20.486 63.3314 0 161792
0.823721 20.487 63.8938 0 162304
0.840726 20.487 63.8938 0 162816
0.851059 20.488 63.8907 0 163328
0.868424 20.488 64.4561 0 163840
0.885309 20.488 64.4561 0 164352
0.902314 20.464 64.5317 0 164864
0.912888 20.469 65.0818 0 165376
0.929652 20.473 65.0691 0 165888
0.946536 20.452 65.1359 0 166400
0.963661 20.459 65.6798 0 166912
0.973755 20.465 65.6606 0 167424
0.990519 20.446 65.7216 0 167936
1.00752 20.455 66.259 0 168448
1.02393 20.437 66.3174 0 168960
1.0345 20.448 66.8482 0 169472
1.05115 20.456 66.8221 0 169984
1.06743 20.438 66.8809 0 170496
1.08419 20.448 67.4147 0 171008
1.09453 20.457 67.3851 0 171520
1.11069 20.439 67.4444 0 172032
1.12734 20.449 67.9779 0 172544
1.14362 20.433 68.0311 0 173056
1.15371 20.42 68.0744 0 173568
1.17024 20.434 68.5947 0 174080
1.18652 20.445 68.5578 0 174592
1.19733 20.454 68.5276 0 175104
1.2147 20.461 69.0703 0 175616
1.23158 20.466 69.0535 0 176128
1.24859 20.447 69.1176 0 176640
1.26559 20.455 69.6569 0 177152
1.27689 20.462 69.6331 0 177664
1.29377 20.467 70.182 0 178176
1.31066 20.472 70.1649 0 178688
1.32718 20.451 70.237 0 179200
1.33872 20.459 70.7757 0 179712
1.35548 20.465 70.7549 0 180224
1.37188 20.445 70.8242 0 180736
1.38877 20.454 71.3593 0 181248
1.39982 20.461 71.3349 0 181760
1.41635 20.443 71.3977 0 182272
1.43287 20.452 71.9327 0 182784
1.44928 20.435 71.9926 0 183296
1.46033 20.422 72.0384 0 183808
1.47697 20.435 72.5594 0 184320
1.49314 20.446 72.5204 0 184832
1.50942 20.43 72.5772 0 185344
1.52096 20.442 73.1013 0 185856
1.537 20.451 73.0691 0 186368
1.5534 20.459 73.6067 0 186880
1.56446 20.465 73.5851 0 187392
1.58062 20.47 73.5672 0 187904
1.59667 20.473 74.1222 0 188416
1.61271 20.477 74.1077 0 188928
1.62376 20.479 74.1005 0 189440
1.63993 20.481 74.6589 0 189952
1.65561 20.483 74.6516 0 190464
1.67213 20.46 74.7355 0 190976
1.68463 20.466 75.2796 0 191488
1.70164 20.47 75.2649 0 192000
1.71828 20.45 75.3385 0 192512
1.73516 20.458 75.8753 0 193024
1.74742 20.464 75.853 0 193536
1.76419 20.469 76.4004 0 194048
1.78095 20.473 76.3855 0 194560
1.79735 20.452 76.4639 0 195072
1.814 20.459 77.004 0 195584
1.82625 20.465 76.9814 0 196096
1.84266 20.47 76.9626 0 196608
1.85942 20.474 77.5133 0 197120
1.87571 20.477 77.502 0 197632
1.88796 20.479 77.4944 0 198144
1.90437 20.481 78.0524 0 198656
1.92053 20.483 78.0448 0 199168
1.93681 20.46 78.1326 0 199680
1.94931 20.466 78.6757 0 200192
1.96535 20.47 78.6603 0 200704
1.98128 20.45 78.7372 0 201216
1.99744 20.458 79.2727 0 201728
2.00994 20.464 79.2494 0 202240
2.02598 20.469 79.796 0 202752
2.04178 20.473 79.7804 0 203264
2.05747 20.452 79.8623 0 203776
2.06996 20.459 80.4012 0 204288
2.08589 20.465 80.3776 0 204800
2.10145 20.446 80.4523 0 205312
2.11394 20.454 80.9872 0 205824
2.12951 20.461 80.9595 0 206336
2.14495 20.443 81.0308 0 206848
2.16087 20.452 81.5615 0 207360
2.17313 20.459 81.5336 0 207872
2.18845 20.441 81.6054 0 208384
2.20401 20.451 82.1319 0 208896
2.21627 20.458 82.1038 0 209408
2.23219 20.44 82.1761 0 209920
2.24908 20.45 82.7024 0 210432
2.26572 20.458 82.6701 0 210944
2.28249 20.464 83.2119 0 211456
2.29619 20.469 83.1916 0 211968
2.31271 20.473 83.1753 0 212480
2.32935 20.476 83.7289 0 212992
2.34576 20.479 83.7166 0 213504
2.35922 20.481 83.7084 0 214016
2.37574 20.482 84.2699 0 214528
2.39202 20.484 84.2617 0 215040
2.40819 20.461 84.3564 0 215552
2.42459 20.466 84.9018 0 216064
2.43829 20.471 84.8811 0 216576
2.45433 20.45 84.9682 0 217088
2.47062 20.458 85.5012 0 217600
2.48654 20.44 85.5765 0 218112
2.5 20.426 85.6352 0 218624
2.51616 20.438 86.1517 0 219136
2.53208 20.448 86.1095 0 219648
2.54813 20.457 86.6379 0 220160
2.56183 20.463 86.6125 0 220672
2.57763 20.468 86.5914 0 221184
2.59355 20.472 87.1403 0 221696
2.60923 20.476 87.1233 0 222208
2.62293 20.478 87.1148 0 222720
2.6385 20.48 87.6719 0 223232
2.65406 20.482 87.6633 0 223744
2.6695 20.459 87.7619 0 224256
2.68344 20.465 88.3022 0 224768
2.69888 20.47 88.2806 0 225280
2.7142 20.45 88.3669 0 225792
2.72977 20.457 88.903 0 226304
2.74346 20.464 88.8726 0 226816
2.75867 20.445 88.9551 0 227328
2.77387 20.454 89.4824 0 227840
2.78895 20.437 89.5568 0 228352
2.80289 20.447 90.0795 0 228864
2.81797 20.455 90.0443 0 229376
2.83293 20.438 90.1192 0 229888
2.84687 20.448 90.6416 0 230400
2.86183 20.456 90.6062 0 230912
2.87668 20.439 90.6815 0 231424
2.89176 20.449 91.2037 0 231936
2.90522 20.457 91.168 0 232448
2.91994 20.439 91.2483 0 232960
2.93658 20.449 91.7702 0 233472
2.95299 20.457 91.7343 0 233984
2.96837 20.463 91.7074 0 234496
2.98489 20.468 92.2509 0 235008
3.00117 20.473 92.2284 0 235520
3.01758 20.476 92.7806 0 236032
3.03374 20.478 92.7716 0 236544
3.04912 20.48 92.7625 0 237056
3.06541 20.482 93.319 0 237568
3.08145 20.483 93.3145 0 238080
3.09737 20.46 93.4194 0 238592
3.11354 20.466 93.958 0 239104
3.12892 20.471 93.935 0 239616
3.14472 20.45 94.0315 0 240128
3.16076 20.458 94.561 0 240640
3.17657 20.464 94.5332 0 241152
3.19195 20.469 94.5101 0 241664
3.20787 20.473 95.0575 0 242176
3.22355 20.476 95.0436 0 242688
3.23911 20.455 95.1411 0 243200
3.25474 20.461 95.6794 0 243712
3.2703 20.467 95.6513 0 244224
3.28598 20.471 96.1985 0 244736
3.30142 20.475 96.1797 0 245248
3.3168 20.465 96.2267 0 245760
3.33243 20.482 96.7124 0 246272
3.34781 20.495 96.6511 0 246784
3.36319 20.505 96.604 0 247296
3.37881 20.537 97.0175 0 247808
3.39419 20.563 96.8948 0 248320
3.40957 20.584 96.796 0 248832
3.42519 20.625 97.1652 0 249344
3.44057 20.657 97.0147 0 249856
3.45595 20.683 96.8927 0 250368
3.47157 20.728 97.2412 0 250880
3.48695 20.764 97.0726 0 251392
3.50233 20.793 96.9372 0 251904
3.51795 20.84 97.2745 0 252416
3.53333 20.877 97.1021 0 252928
3.54895 20.931 97.405 0 253440
3.56433 20.975 97.2007 0 253952
3.57971 21.009 97.0434 0 254464
3.59534 21.061 97.3538 0 254976
3.61072 21.102 97.1646 0 255488
3.6261 21.135 97.0129 0 256000
3.64172 21.186 97.3262 0 256512
3.6571 21.226 97.1427 0 257024
3.67248 21.259 96.992 0 257536
3.6881 21.309 97.308 0 258048
3.70348 21.348 97.1302 0 258560
3.71886 21.38 96.9848 0 259072
3.73448 21.43 97.2991 0 259584
3.74986 21.47 97.1178 0 260096
3.76524 21.501 96.9778 0 260608
3.78086 21.551 97.2903 0 261120
3.79624 21.59 97.1146 0 261632
3.8121 21.646 97.3985 0 262144
3.82965 21.691 97.1964 0 262656
3.84719 21.726 97.0399 0 263168
3.86521 21.779 97.3356 0 263680
3.88276 21.821 97.1483 0 264192
3.9003 21.854 97.0016 0 264704
3.91808 21.905 97.3045 0 265216
3.93563 21.946 97.1228 0 265728
3.95317 21.979 96.9769 0 266240
3.97096 22.029 97.2827 0 266752
3.98874 22.069 97.1063 0 267264
4.00628 22.101 96.9657 0 267776
4.02407 22.151 97.2698 0 268288
4.04161 22.19 97.0989 0 268800
4.05915 22.222 96.959 0 269312
4.07694 22.272 97.2615 0 269824
4.09448 22.311 97.0915 0 270336
4.1125 22.367 97.3663 0 270848
4.13005 22.411 97.1751 0 271360
4.14759 22.447 97.0193 0 271872
4.16537 22.5 97.3056 0 272384
4.18292 22.542 97.1243 0 272896
4.20046 22.575 96.9823 0 273408
4.21824 22.626 97.2757 0 273920
4.23603 22.667 97.0997 0 274432
4.25357 22.7 96.9586 0 274944
4.27136 22.75 97.2547 0 275456
4.2889 22.79 97.084 0 275968
4.30644 22.822 96.9479 0 276480
4.32423 22.871 97.2466 0 276992
4.34177 22.911 97.0769 0 277504
4.35955 22.943 96.9415 0 278016
4.37734 22.992 97.2387 0 278528
4.39488 23.032 97.0698 0 279040
4.41266 23.088 97.3361 0 279552
4.43021 23.132 97.151 0 280064
4.44775 23.168 97 0 280576
4.46553 23.221 97.2775 0 281088
4.48332 23.263 97.1018 0 281600
4.50086 23.296 96.9643 0 282112
4.51864 23.347 97.2486 0 282624
4.53619 23.388 97.0782 0 283136
4.55373 23.42 96.9455 0 283648
4.57152 23.471 97.2284 0 284160
4.58906 23.511 97.063 0 284672
4.60684 23.543 96.9311 0 285184
4.62463 23.592 97.2208 0 285696
4.64217 23.632 97.0562 0 286208
4.65995 23.688 97.3158 0 286720
4.6775 23.733 97.1313 0 287232
4.69504 23.768 96.9882 0 287744
4.71282 23.821 97.2587 0 288256
4.73061 23.863 97.0875 0 288768
4.74815 23.897 96.9494 0 289280
4.76593 23.948 97.2267 0 289792
4.78348 23.989 97.0605 0 290304
4.80102 24.021 96.9312 0 290816
4.8188 24.071 97.2111 0 291328
4.83635 24.111 97.0498 0 291840
4.85413 24.143 96.9212 0 292352
4.87192 24.193 97.1997 0 292864
4.88946 24.233 97.0392 0 293376
4.907 24.265 96.9113 0 293888
4.92479 24.314 97.1924 0 294400
4.94233 24.354 97.0328 0 294912
4.96011 24.41 97.2847 0 295424
4.9779 24.454 97.1097 0 295936
4.99544 24.49 96.9669 0 296448
5.01322 24.542 97.2335 0 296960
5.03077 24.584 97.0674 0 297472
5.04831 24.618 96.9333 0 297984
5.06609 24.669 97.2025 0 298496
5.08364 24.71 97.0412 0 299008
5.10142 24.742 96.9157 0 299520
5.12209 24.792 97.1875 0 300032
5.14252 24.832 97.0309 0 300544
5.16294 24.864 96.906 0 301056
5.18385 24.914 97.1765 0 301568
5.20428 24.954 97.0208 0 302080
5.2247 24.986 96.8965 0 302592
5.24561 25.035 97.1696 0 303104
5.26604 25.075 97.0146 0 303616
5.28671 25.13 97.2632 0 304128
5.30737 25.175 97.0893 0 304640
5.3278 25.211 96.9507 0 305152
5.34847 25.263 97.2097 0 305664
5.36914 25.305 97.0483 0 306176
5.38956 25.339 96.9181 0 306688
5.41023 25.39 97.1797 0 307200
5.4309 25.431 97.023 0 307712
5.45133 25.463 96.9011 0 308224
5.47199 25.513 97.1652 0 308736
5.49266 25.553 97.0131 0 309248
5.51309 25.585 96.8918 0 309760
5.53376 25.635 97.1547 0 310272
5.55442 25.675 97.0033 0 310784
5.57485 25.707 96.8826 0 311296
5.59552 25.756 97.148 0 311808
5.61619 25.796 96.9974 0 312320
5.63685 25.851 97.2391 0 312832
5.65728 25.896 97.0701 0 313344
5.67795 25.932 96.9354 0 313856
5.69862 25.984 97.1872 0 314368
5.71904 26.026 97.0304 0 314880
5.73971 26.06 96.9038 0 315392
5.76038 26.111 97.1581 0 315904
5.78081 26.152 97.0058 0 316416
5.80147 26.184 96.8873 0 316928
5.82214 26.234 97.1442 0 317440
5.84257 26.274 96.9963 0 317952
5.86324 26.306 96.8783 0 318464
5.8839 26.356 97.134 0 318976
5.90433 26.396 96.9868 0 319488
5.925 26.428 96.8694 0 320000
5.94566 26.477 97.1276 0 320512
5.96609 26.517 96.9811 0 321024
5.987 26.572 97.2163 0 321536
6.00743 26.617 97.052 0 322048
6.02785 26.653 96.9209 0 322560
6.04876 26.705 97.1659 0 323072
6.06919 26.747 97.0133 0 323584
6.08962 26.781 96.8902 0 324096
6.11052 26.832 97.1377 0 324608
6.13095 26.873 96.9895 0 325120
6.15138 26.905 96.8742 0 325632
6.17229 26.955 97.1242 0 326144
6.19271 26.995 96.9803 0 326656
6.21314 27.027 96.8655 0 327168
6.23405 27.077 97.1145 0 327680
6.25448 27.117 96.9712 0 328192
6.27514 27.173 97.1977 0 328704
6.29581 27.217 97.0405 0 329216
6.31624 27.253 96.9123 0 329728
6.33691 27.306 97.1485 0 330240
6.35757 27.348 96.9993 0 330752
6.378 27.381 96.8824 0 331264
6.39867 27.432 97.1245 0 331776
6.41934 27.473 96.9796 0 332288
6.43976 27.506 96.8632 0 332800
6.46043 27.556 97.1079 0 333312
6.4811 27.596 96.9671 0 333824
6.50152 27.628 96.8548 0 334336
6.52219 27.678 97.0983 0 334848
6.54286 27.718 96.9582 0 335360
6.56329 27.749 96.8499 0 335872
6.58395 27.799 97.0924 0 336384
6.60462 27.838 96.9564 0 336896
6.62529 27.894 97.177 0 337408
6.64572 27.939 97.0205 0 337920
6.66638 27.974 96.8991 0 338432
6.68705 28.027 97.1292 0 338944
6.70748 28.069 96.9839 0 339456
6.72815 28.103 96.8665 0 339968
6.74881 28.154 97.1025 0 340480
6.76924 28.194 96.9647 0 340992
6.78991 28.227 96.8514 0 341504
6.81058 28.277 97.0898 0 342016
6.831 28.317 96.9526 0 342528
6.85167 28.349 96.8432 0 343040
6.87234 28.399 97.0806 0 343552
6.89277 28.439 96.9441 0 344064
6.91343 28.47 96.8385 0 344576
6.9341 28.52 97.0749 0 345088
6.95453 28.559 96.9423 0 345600
6.97544 28.615 97.1574 0 346112
6.99586 28.66 97.0049 0 346624
7.01629 28.695 96.8866 0 347136
7.0372 28.748 97.1109 0 347648
7.05763 28.79 96.9692 0 348160
7.07805 28.824 96.8548 0 348672
7.09896 28.874 97.0883 0 349184
7.12131 28.915 96.9506 0 349696
7.14582 28.948 96.8401 0 350208
7.17082 28.998 97.0726 0 350720
7.19533 29.038 96.9389 0 351232
7.22008 29.07 96.8322 0 351744
7.24483 29.12 97.0637 0 352256
7.26935 29.16 96.9306 0 352768
7.2941 29.191 96.8277 0 353280
7.31885 29.241 97.0582 0 353792
7.34361 29.28 96.929 0 354304
7.36836 29.336 97.1388 0 354816
7.39287 29.381 96.99 0 355328
7.41762 29.416 96.8746 0 355840
7.44238 29.469 97.0935 0 356352
7.46713 29.511 96.9553 0 356864
7.49164 29.544 96.847 0 357376
7.5164 29.595 97.0715 0 357888
7.54115 29.636 96.9372 0 358400
7.56566 29.669 96.8294 0 358912
7.59066 29.719 97.0563 0 359424
7.61517 29.759 96.9258 0 359936
7.63968 29.791 96.8217 0 360448
7.66467 29.841 97.0477 0 360960
7.68919 29.88 96.921 0 361472
7.71394 29.912 96.8173 0 361984
7.73869 29.962 97.0424 0 362496
7.7632 30.001 96.9162 0 363008
7.7882 30.057 97.1211 0 363520
7.81271 30.102 96.9759 0 364032
7.83746 30.137 96.8633 0 364544
7.86222 30.19 97.0769 0 365056
7.88673 30.232 96.942 0 365568
7.91148 30.265 96.8363 0 366080
7.93624 30.316 97.0555 0 366592
7.96099 30.357 96.9245 0 367104
7.9855 30.39 96.8192 0 367616
8.01025 30.44 97.0407 0 368128
8.03501 30.48 96.9134 0 368640
8.05952 30.512 96.8117 0 369152
8.08451 30.562 97.0324 0 369664
8.10903 30.601 96.9087 0 370176
8.13354 30.633 96.8075 0 370688
8.15853 30.683 97.0273 0 371200
8.18304 30.722 96.9041 0 371712
8.20804 30.778 97.1042 0 372224
8.23255 30.823 96.9624 0 372736
8.25706 30.858 96.8524 0 373248
8.28206 30.911 97.0611 0 373760
8.30657 30.953 96.9294 0 374272
8.33132 30.986 96.8262 0 374784
8.35607 31.037 97.0403 0 375296
8.38059 31.078 96.9123 0 375808
8.40534 31.111 96.8095 0 376320
8.43009 31.161 97.0259 0 376832
8.45485 31.201 96.9015 0 377344
8.47936 31.233 96.8022 0 377856
8.50411 31.283 97.0178 0 378368
8.52886 31.322 96.897 0 378880
8.55362 31.378 97.0933 0 379392
8.57837 31.423 96.9542 0 379904
8.60288 31.459 96.8433 0 380416
8.62764 31.511 97.0511 0 380928
8.65239 31.553 96.9219 0 381440
8.6769 31.587 96.8176 0 381952
8.70189 31.638 97.0276 0 382464
8.72641 31.679 96.902 0 382976
8.75092 31.711 96.8043 0 383488
8.77591 31.762 97.0135 0 384000
8.80043 31.802 96.8915 0 384512
8.82518 31.834 96.7941 0 385024
8.84993 31.883 97.0087 0 385536
8.87444 31.923 96.8871 0 386048
8.8992 31.955 96.7901 0 386560
8.92395 32.004 97.0039 0 387072
8.9487 32.044 96.8828 0 387584
8.97346 32.1 97.0746 0 388096
8.99797 32.144 96.9418 0 388608
9.02272 32.18 96.8333 0 389120
9.04748 32.233 97.0335 0 389632
9.07223 32.275 96.9072 0 390144
9.09674 32.308 96.8082 0 390656
9.12149 32.359 97.0136 0 391168
9.14625 32.4 96.8909 0 391680
9.17076 32.432 96.7953 0 392192
9.19575 32.483 96.9999 0 392704
9.22027 32.523 96.8806 0 393216
9.24478 32.555 96.7854 0 393728
9.26977 32.604 96.9952 0 394240
9.29428 32.644 96.8764 0 394752
9.31904 32.676 96.7815 0 395264
9.34379 32.725 96.9906 0 395776
9.3683 32.765 96.8722 0 396288
9.3933 32.821 97.0598 0 396800
9.41781 32.865 96.9299 0 397312
9.44256 32.901 96.8238 0 397824
9.46731 32.953 97.0225 0 398336
9.49183 32.996 96.8961 0 398848
9.51658 33.029 96.7993 0 399360
9.54133 33.08 97.0002 0 399872
9.56609 33.121 96.8802 0 400384
9.5906 33.153 96.7867 0 400896
9.61535 33.204 96.9869 0 401408
9.6401 33.244 96.8702 0 401920
9.66462 33.276 96.777 0 402432
9.68961 33.325 96.9823 0 402944
9.71412 33.365 96.8661 0 403456
9.73864 33.397 96.7732 0 403968
9.76363 33.446 96.9778 0 404480
9.78814 33.486 96.862 0 404992
9.81313 33.542 97.0456 0 405504
9.83765 33.586 96.9185 0 406016
9.86216 33.622 96.8147 0 406528
9.88715 33.674 97.0092 0 407040
9.91167 33.716 96.8884 0 407552
9.93642 33.75 96.7908 0 408064
9.96117 33.801 96.9874 0 408576
9.98568 33.842 96.8699 0 409088
10.0104 33.875 96.7756 0 409600
10.0357 34.023 96.6951 0 410112
10.061 34.261 96.0234 0 410624
10.0866 34.57 95.1651 0 411136
10.1128 34.793 94.8881 0 411648
10.1397 35.116 94.0153 0 412160
10.1675 35.591 92.7605 0 412672
10.1975 36.355 91.1298 0 413184
10.2289 37.471 88.4157 0 413696
10.2574 38.604 86.1208 0 414208
10.2903 40.016 83.082 0 414720
10.3318 42.298 78.5997 0 415232
10.3722 45.181 73.8406 0 415744
10.4065 48.113 69.3408 0 416256
10.4689 52.982 62.9684 0 416768
10.5309 57.093 58.6372 0 417280
10.5614 59.012 56.7304 0 417792
10.6001 57.807 57.913 0 418304
10.6404 56.339 59.6276 0 418816
10.665 54.3 61.8667 0 419328
10.7056 52.38 64.1344 0 419840
10.7464 50.867 66.2698 0 420352
10.787 49.658 67.8832 0 420864
10.8279 48.714 69.4365 0 421376
10.8685 47.959 70.5296 0 421888
10.9091 47.355 71.4292 0 422400
10.95 46.896 72.3753 0 422912
10.9824 46.529 72.9462 0 423424
11.0214 46.235 73.41 0 423936
11.0622 46.024 73.9983 0 424448
11.1028 45.855 74.271 0 424960
11.1434 45.72 74.4903 0 425472
11.1843 45.636 74.8812 0 425984
11.2249 45.569 74.9913 0 426496
11.2655 45.515 75.0803 0 427008
11.2982 45.64 75.1285 0 427520
11.3371 45.596 75.201 0 428032
11.3777 45.561 75.2588 0 428544
11.4186 45.557 75.5196 0 429056
11.4592 45.553 75.5263 0 429568
11.5001 45.575 75.744 0 430080
11.5355 44.559 77.471 0 430592
11.5665 42.856 80.5496 0 431104
11.5975 41.519 83.4224 0 431616
11.6284 40.424 85.6822 0 432128
11.6595 39.597 87.4717 0 432640
11.6909 38.959 89.2015 0 433152
11.7224 38.521 90.2157 0 433664
11.7542 38.243 90.8715 0 434176
11.7867 38.116 91.4782 0 434688
11.8174 38.015 91.7213 0 435200
11.8503 38.078 91.5695 0 435712
11.8846 38.369 91.1769 0 436224
11.9204 38.962 89.7892 0 436736
11.9587 39.941 87.5884 0 437248
12.0009 41.469 84.6404 0 437760
12.0377 42.884 81.8476 0 438272
12.0772 44.521 79.0983 0 438784
12.1224 45.806 76.8794 0 439296
12.1677 46.859 75.1518 0 439808
12.2133 47.748 73.9951 0 440320
12.2588 48.46 72.908 0 440832
12.3042 49.054 72.0251 0 441344
12.3353 49.553 71.5336 0 441856
12.3807 49.928 70.9963 0 442368
12.4263 50.252 70.5386 0 442880
12.4722 50.559 70.3394 0 443392
12.5179 50.829 69.9657 0 443904
12.5636 51.021 69.7024 0 444416
12.5946 51.198 69.6877 0 444928
12.6404 51.365 69.4612 0 445440
12.6863 51.521 69.2508 0 445952
12.7326 51.695 69.2418 0 446464
12.7785 51.81 69.0881 0 446976
12.8247 51.95 69.1249 0 447488
12.8555 52.062 68.9762 0 448000
12.9016 52.175 68.8268 0 448512
12.9481 52.314 68.8654 0 449024
12.9943 52.401 68.7511 0 449536
13.0405 52.495 68.6279 0 450048
13.0871 52.618 68.6877 0 450560
13.1179 52.716 68.56 0 451072
13.1644 52.819 68.4263 0 451584
13.211 52.901 68.5392 0 452096
13.2575 52.991 68.4228 0 452608
13.3042 53.087 68.2991 0 453120
13.3485 53.308 68.2332 0 453632
13.3818 53.365 68.1603 0 454144
13.4285 53.434 68.0723 0 454656
13.4754 53.489 68.2189 0 455168
13.5221 53.558 68.131 0 455680
13.5692 53.66 68.2174 0 456192
13.6 53.743 68.112 0 456704
13.647 53.832 67.9994 0 457216
13.6941 53.904 68.1235 0 457728
13.7411 53.986 68.02 0 458240
13.7882 54.075 67.9081 0 458752
13.8283 54.411 67.7016 0 459264
13.8664 54.463 67.637 0 459776
13.9135 54.481 67.6146 0 460288
13.9609 54.543 67.7501 0 460800
14.0083 54.617 67.6583 0 461312
14.053 54.676 67.5853 0 461824
14.0868 54.772 67.6784 0 462336
14.1341 54.824 67.6142 0 462848
14.1814 54.866 67.5624 0 463360
14.2291 54.947 67.6736 0 463872
14.2758 55.036 67.5642 0 464384
14.3077 55.132 67.6567 0 464896
14.3554 55.232 67.5342 0 465408
14.403 55.288 67.4658 0 465920
14.451 55.381 67.5617 0 466432
14.4977 55.504 67.4119 0 466944
14.5295 55.578 67.3222 0 467456
14.5777 55.685 67.4008 0 467968
14.6256 55.747 67.3259 0 468480
14.6735 55.82 67.2378 0 468992
14.7177 55.951 67.2874 0 469504
14.7526 56.032 67.1902 0 470016
14.8007 56.12 67.0848 0 470528
14.849 56.191 67.2062 0 471040
14.8972 56.272 67.1095 0 471552
14.9309 56.385 67.1804 0 472064
14.9765 56.475 67.0734 0 472576
15.025 56.571 66.9595 0 473088
15.0735 56.648 67.073 0 473600
15.1219 56.733 66.9725 0 474112
15.1527 56.802 66.8912 0 474624
15.2015 56.905 66.9737 0 475136
15.25 56.987 66.8773 0 475648
15.2987 57.077 66.7718 0 476160
15.3447 57.293 66.7223 0 476672
15.3782 57.321 66.6897 0 477184
15.4269 57.368 66.6351 0 477696
15.4759 57.454 66.7369 0 478208
15.5248 57.546 66.6302 0 478720
15.5556 57.621 66.5435 0 479232
15.6046 57.68 66.6763 0 479744
15.6535 57.751 66.5943 0 480256
15.7028 57.856 66.6737 0 480768
15.7474 57.965 66.5483 0 481280
15.7827 58.051 66.4497 0 481792
15.832 58.12 66.5701 0 482304
15.8811 58.2 66.4786 0 482816
15.9304 58.287 66.3794 0 483328
15.9614 58.381 66.4709 0 483840
16.0108 58.481 66.3573 0 484352
16.06 58.536 66.2949 0 484864
16.1095 58.604 66.4157 0 485376
16.1405 58.659 66.3534 0 485888
16.1897 58.727 66.2766 0 486400
16.2394 58.829 66.3586 0 486912
16.289 58.935 66.2392 0 487424
16.3292 59.02 66.1438 0 487936
16.3696 59.088 66.2637 0 488448
16.4192 59.166 66.1764 0 488960
16.4692 59.276 66.249 0 489472
16.5177 59.413 66.0962 0 489984
16.5498 59.498 66.0018 0 490496
16.5998 59.566 66.1209 0 491008
16.6496 59.645 66.0334 0 491520
16.6996 59.732 65.9372 0 492032
16.7306 59.825 66.0283 0 492544
16.7807 59.924 65.9192 0 493056
16.8307 59.979 65.8588 0 493568
16.8811 60.072 65.9497 0 494080
16.9118 60.145 65.8696 0 494592
16.9621 60.228 65.7788 0 495104
17.0127 60.343 65.8455 0 495616
17.0629 60.41 65.7724 0 496128
17.0936 60.464 65.7137 0 496640
17.1441 60.531 65.8323 0 497152
17.1945 60.609 65.7476 0 497664
17.2452 60.72 65.8182 0 498176
17.2759 60.808 65.7229 0 498688
17.3265 60.903 65.6204 0 499200
17.3772 60.978 65.7297 0 499712
17.4278 61.063 65.6382 0 500224
17.4586 61.131 65.5652 0 500736
17.5095 61.233 65.6451 0 501248
17.5603 61.339 65.5317 0 501760
17.6092 61.423 65.4421 0 502272
17.642 61.491 65.5581 0 502784
17.6929 61.569 65.475 0 503296
17.7438 61.656 65.3826 0 503808
17.7854 61.773 65.4463 0 504320
17.8258 61.843 65.3722 0 504832
17.8768 61.923 65.2878 0 505344
17.928 61.987 65.4073 0 505856
17.959 62.038 65.3535 0 506368
18.0101 62.127 65.4463 0 506880
18.0613 62.222 65.3464 0 507392
18.1126 62.322 65.2416 0 507904
18.1436 62.426 65.3184 0 508416
18.1948 62.486 65.2557 0 508928
18.2461 62.557 65.1816 0 509440
18.2978 62.687 65.2313 0 509952
18.3285 62.766 65.1492 0 510464
18.3801 62.853 65.059 0 510976
18.4317 62.923 65.1707 0 511488
18.4659 63.004 65.0869 0 512000
18.514 63.068 65.0209 0 512512
18.566 63.167 65.1023 0 513024
18.6177 63.27 64.9964 0 513536
18.6487 63.377 65.0694 0 514048
18.7004 63.439 65.0058 0 514560
18.7522 63.512 64.9311 0 515072
18.8032 63.642 64.9805 0 515584
18.8351 63.723 64.8979 0 516096
18.8871 63.811 64.8084 0 516608
18.9393 63.882 64.9177 0 517120
18.9703 63.939 64.8598 0 517632
19.0221 64.008 64.7899 0 518144
19.0745 64.111 64.8665 0 518656
19.1267 64.218 64.7584 0 519168
19.1575 64.304 64.6718 0 519680
19.2099 64.372 64.7834 0 520192
19.262 64.427 64.7281 0 520704
19.2932 64.495 64.6599 0 521216
19.3453 64.573 64.7612 0 521728
19.3977 64.659 64.675 0 522240
19.4505 64.777 64.7361 0 522752
19.4812 64.871 64.6423 0 523264
19.5336 64.922 64.5915 0 523776
19.5885 65.011 64.6812 0 524288
19.6512 65.106 64.5869 0 524800
19.7143 65.206 64.4878 0 525312
19.7775 65.286 64.5862 0 525824
19.836 65.567 64.3094 0 526336
19.8851 65.623 64.2545 0 526848
19.9454 65.692 64.3634 0 527360
20.0079 65.747 64.3096 0 527872
20.0712 65.816 64.2421 0 528384
20.1351 65.967 64.2707 0 528896
20.1988 66.135 64.1074 0 529408
20.2633 66.39 63.8612 0 529920
20.3286 66.714 63.7247 0 530432
20.394 67.094 63.3638 0 530944
20.4578 67.445 63.2058 0 531456
20.5247 67.967 62.7203 0 531968
20.5932 68.744 62.0114 0 532480
20.6636 69.679 61.3455 0 532992
20.7222 68.12 62.7495 0 533504
20.7761 66.247 64.5236 0 534016
20.8235 64.533 66.4169 0 534528
20.875 62.993 68.0406 0 535040
20.9277 61.762 69.3967 0 535552
20.9815 60.825 70.6562 0 536064
21.0353 60.099 71.5097 0 536576
21.0886 59.494 72.2369 0 537088
21.1426 59.058 72.9664 0 537600
21.196 58.734 73.3689 0 538112
21.2489 58.498 73.6649 0 538624
21.303 58.31 74.101 0 539136
21.3569 58.183 74.2628 0 539648
21.411 58.13 74.5298 0 540160
21.4636 58.135 74.5234 0 540672
21.5099 58.116 74.5477 0 541184
21.5618 58.1 74.7676 0 541696
21.6157 58.111 74.7535 0 542208
21.6702 58.168 74.6802 0 542720
21.7235 58.046 75.0368 0 543232
21.7766 57.9 75.226 0 543744
21.8299 57.783 75.3783 0 544256
21.8832 57.738 75.6377 0 544768
21.9367 57.725 75.6547 0 545280
21.9903 57.74 75.6351 0 545792
22.044 57.799 75.7583 0 546304
22.0879 57.871 75.664 0 546816
22.1394 57.928 75.5896 0 547328
22.1932 58.094 75.573 0 547840
22.248 58.323 75.2762 0 548352
22.3033 58.578 75.1463 0 548864
22.3589 58.95 74.6721 0 549376
22.4153 59.344 74.1763 0 549888
22.4721 59.732 73.8884 0 550400
22.5285 60.042 73.5069 0 550912
22.5851 60.29 73.2046 0 551424
22.633 60.608 73.0116 0 551936
22.6835 60.815 72.7631 0 552448
22.7401 61.028 72.5091 0 552960
22.7974 61.223 72.4674 0 553472
22.8542 61.379 72.2832 0 553984
22.9116 61.551 72.0812 0 554496
22.9694 61.762 72.0225 0 555008
23.0267 61.93 71.8272 0 555520
23.0842 62.065 71.6709 0 556032
23.1419 62.244 71.6509 0 556544
23.1853 62.364 71.5131 0 557056
23.241 62.508 71.5336 0 557568
23.2991 62.671 71.3476 0 558080
23.3569 62.802 71.1988 0 558592
23.4151 62.93 71.238 0 559104
23.4734 63.081 71.0675 0 559616
23.5317 63.25 70.8776 0 560128
23.5905 63.409 70.8826 0 560640
23.6478 63.656 70.6075 0 561152
23.6903 63.734 70.5211 0 561664
23.7488 63.868 70.5545 0 562176
23.8078 64.024 70.3826 0 562688
23.8666 64.148 70.2466 0 563200
23.9258 64.272 70.2913 0 563712
23.9851 64.418 70.132 0 564224
24.0445 64.608 70.105 0 564736
24.104 64.76 69.9405 0 565248
24.148 64.881 69.81 0 565760
24.2046 65.002 69.8583 0 566272
24.2643 65.147 69.7028 0 566784
24.3243 65.311 69.5278 0 567296
24.3842 65.466 69.5401 0 567808
24.4442 65.591 69.4076 0 568320
24.5043 65.714 69.2777 0 568832
24.5645 65.861 69.2989 0 569344
24.6082 66.05 69.1006 0 569856
24.666 66.178 68.967 0 570368
24.7265 66.304 69.0106 0 570880
24.7869 66.405 68.9057 0 571392
24.8476 66.534 68.7721 0 571904
24.9085 66.709 68.7653 0 572416
24.9694 66.849 68.6213 0 572928
25.0229 67.081 68.5566 0 573440
25.0719 67.171 68.4648 0 573952
25.1326 67.291 68.3427 0 574464
25.1942 67.459 68.3442 0 574976
25.2554 67.593 68.2087 0 575488
25.3168 67.7 68.1009 0 576000
25.3787 67.858 68.1131 0 576512
25.4392 68.057 67.9139 0 577024
25.4819 68.192 67.7794 0 577536
25.5435 68.324 67.818 0 578048
25.6052 68.429 67.714 0 578560
25.6673 68.562 67.5826 0 579072
25.7299 68.74 67.5761 0 579584
25.792 68.882 67.4368 0 580096
25.853 68.996 67.3254 0 580608
25.8962 69.111 67.381 0 581120
25.9581 69.252 67.2438 0 581632
26.0211 69.412 67.2557 0 582144
26.0839 69.564 67.1087 0 582656
26.1465 69.686 66.9912 0 583168
26.2096 69.807 67.0411 0 583680
26.2593 70.217 66.6496 0 584192
26.3138 70.28 66.5899 0 584704
26.3771 70.403 66.6381 0 585216
26.4404 70.501 66.5454 0 585728
26.5035 70.58 66.471 0 586240
26.5673 70.715 66.5079 0 586752
26.6311 70.871 66.3615 0 587264
26.6724 70.995 66.2456 0 587776
26.736 71.119 66.2929 0 588288
26.7998 71.218 66.2008 0 588800
26.8636 71.346 66.082 0 589312
26.928 71.496 66.1054 0 589824
26.9924 71.664 65.9504 0 590336
27.0366 71.798 65.9887 0 590848
27.0977 71.882 65.9116 0 591360
27.1621 71.997 65.8063 0 591872
27.2267 72.161 65.8173 0 592384
27.2916 72.34 65.6544 0 592896
27.3563 72.435 65.5683 0 593408
27.4024 72.583 65.5942 0 593920
27.4624 72.726 65.4652 0 594432
27.5273 72.84 65.3628 0 594944
27.5888 72.259 66.0486 0 595456
27.642 70.135 68.0489 0 595968
27.6948 68.34 69.8362 0 596480
27.739 66.953 71.456 0 596992
27.789 65.89 72.6088 0 597504
27.8418 64.993 73.6109 0 598016
27.8949 64.346 74.5311 0 598528
27.9483 63.878 75.0771 0 599040
28.0021 63.575 75.6171 0 599552
28.0459 63.356 75.8785 0 600064
28.0963 63.109 76.1755 0 600576
28.15 62.96 76.5398 0 601088
28.2035 62.889 76.6262 0 601600
28.2575 62.88 76.6372 0 602112
28.3117 62.896 76.8018 0 602624
28.3528 62.91 76.7847 0 603136
28.4065 62.92 76.7725 0 603648
28.4609 63.001 76.8577 0 604160
28.5151 63.114 76.7201 0 604672
28.5695 63.204 76.6108 0 605184
28.6184 63.3 76.6777 0 605696
28.6651 63.377 76.5845 0 606208
28.72 63.51 76.6065 0 606720
28.7749 63.665 76.42 0 607232
28.8296 63.789 76.2715 0 607744
28.8846 63.888 76.3346 0 608256
28.9259 63.968 76.2391 0 608768
28.9805 64.079 76.1071 0 609280
29.036 64.241 76.0955 0 609792
29.0915 64.418 75.8864 0 610304
29.1465 64.511 75.777 0 610816
29.1915 64.658 75.7838 0 611328
29.2434 64.776 75.6458 0 611840
29.2989 64.918 75.4803 0 612352
29.3551 65.104 75.4426 0 612864
29.4109 65.205 75.3258 0 613376
29.4599 65.285 75.2335 0 613888
29.508 65.421 75.2541 0 614400
29.5642 65.579 75.0728 0 614912
29.6206 65.753 75.0503 0 615424
29.6769 65.892 74.892 0 615936
29.7333 66.003 74.7661 0 616448
29.7744 66.116 74.8135 0 616960
29.831 66.254 74.6577 0 617472
29.8878 66.413 74.4789 0 617984
29.9446 66.564 74.484 0 618496
29.9961 65.605 75.5728 0 619008
30.0372 64.837 76.4679 0 619520
30.0887 64.27 77.3228 0 620032
30.1404 63.84 77.8436 0 620544
30.1922 63.521 78.2345 0 621056
30.2439 63.266 78.733 0 621568
30.2849 63.061 78.9889 0 622080
30.3367 62.922 79.1634 0 622592
30.3886 62.858 79.4283 0 623104
30.4407 62.832 79.4612 0 623616
30.4928 62.81 79.6734 0 624128
30.5337 62.792 79.6963 0 624640
30.5857 62.803 79.6823 0 625152
30.6381 62.859 79.7956 0 625664
30.6901 62.928 79.7081 0 626176
30.7351 62.983 79.6385 0 626688
30.7836 63.027 79.7667 0 627200
30.8356 63.086 79.6921 0 627712
30.888 63.158 79.6013 0 628224
30.9408 63.263 79.6522 0 628736
30.9824 63.347 79.5466 0 629248
31.034 63.391 79.4914 0 629760
31.0867 63.449 79.6013 0 630272
31.1389 63.52 79.5123 0 630784
31.1916 63.601 79.4111 0 631296
31.2331 63.69 79.482 0 631808
31.2854 63.785 79.3636 0 632320
31.3383 63.861 79.4506 0 632832
31.391 63.946 79.3449 0 633344
31.44 64.038 79.231 0 633856
31.485 64.135 79.2917 0 634368
31.538 64.237 79.1658 0 634880
31.5906 64.295 79.0944 0 635392
31.6438 64.389 79.1589 0 635904
31.6852 64.464 79.0668 0 636416
31.7378 64.549 78.9626 0 636928
31.7913 64.664 79.0014 0 637440
31.8444 64.733 78.9172 0 637952
31.8952 64.835 78.793 0 638464
31.9387 64.918 78.8707 0 638976
31.9921 65.007 78.7627 0 639488
32.0453 65.103 78.6466 0 640000
32.0989 65.18 78.7314 0 640512
32.1402 65.241 78.6578 0 641024
32.1934 65.338 78.7183 0 641536
32.247 65.44 78.5956 0 642048
32.3008 65.546 78.4685 0 642560
32.3462 65.654 78.5159 0 643072
32.3954 65.717 78.4406 0 643584
32.449 65.767 78.381 0 644096
32.5027 65.855 78.4521 0 644608
32.5566 65.95 78.3391 0 645120
32.5977 66.025 78.2501 0 645632
32.6516 66.134 78.2963 0 646144
32.7055 66.197 78.2218 0 646656
32.7594 66.271 78.1344 0 647168
32.8007 66.354 78.2113 0 647680
32.8546 66.445 78.1042 0 648192
32.9088 66.542 77.9903 0 648704
32.9628 66.619 78.0741 0 649216
33.0057 66.705 77.9734 0 649728
33.0584 66.798 78.0383 0 650240
33.1124 66.896 77.9239 0 650752
33.1669 66.999 77.8041 0 651264
33.213 67.105 77.8539 0 651776
33.2623 67.166 77.7832 0 652288
33.3167 67.239 77.6987 0 652800
33.3715 67.345 77.7484 0 653312
33.4257 67.454 77.6228 0 653824
33.467 67.541 77.5228 0 654336
33.5218 67.611 77.6139 0 654848
33.5763 67.691 77.5222 0 655360
33.631 67.779 77.4215 0 655872
33.6724 67.873 77.4849 0 656384
33.7269 67.948 77.3994 0 656896
33.7821 68.057 77.4457 0 657408
33.8369 68.12 77.374 0 657920
33.8777 68.17 77.3173 0 658432
33.9329 68.258 77.3873 0 658944
33.9879 68.353 77.2798 0 659456
34.0428 68.452 77.168 0 659968
34.0842 68.556 77.2199 0 660480
34.1392 68.615 77.1535 0 660992
34.1941 68.686 77.0738 0 661504
34.2496 68.791 77.1245 0 662016
34.2907 68.875 77.0304 0 662528
34.3459 68.967 76.9277 0 663040
34.4014 69.04 77.0141 0 663552
34.4568 69.122 76.9228 0 664064
34.4976 69.188 76.8494 0 664576
34.5534 69.289 76.9046 0 665088
34.609 69.394 76.7882 0 665600
34.6645 69.477 76.8632 0 666112
34.7056 69.544 76.7891 0 666624
34.7613 69.622 76.7031 0 667136
34.817 69.732 76.7482 0 667648
34.8721 69.868 76.5988 0 668160
34.914 69.953 76.5058 0 668672
34.9697 70.021 76.5969 0 669184
35.0255 70.076 76.5368 0 669696
35.0718 70.143 76.4637 0 670208
35.1225 70.221 76.5437 0 670720
35.1785 70.308 76.449 0 671232
35.2346 70.401 76.348 0 671744
35.2765 70.524 76.3791 0 672256
35.3317 70.574 76.325 0 672768
35.3878 70.638 76.2558 0 673280
35.444 70.737 76.3129 0 673792
35.4854 70.816 76.2277 0 674304
35.5417 70.928 76.2707 0 674816
35.5977 70.993 76.2009 0 675328
35.6541 71.07 76.1183 0 675840
35.6954 71.155 76.1902 0 676352
35.7516 71.247 76.0918 0 676864
35.8082 71.344 75.9883 0 677376
35.8631 71.471 76.0154 0 677888
35.9058 71.523 75.9601 0 678400
35.9624 71.59 75.889 0 678912
36.0193 71.691 75.9437 0 679424
36.0607 71.772 75.858 0 679936
36.117 71.861 75.764 0 680448
36.174 71.932 75.8503 0 680960
36.2306 72.012 75.766 0 681472
36.2719 72.077 75.6977 0 681984
36.3289 72.177 75.7533 0 682496
36.3857 72.281 75.6443 0 683008
36.4418 72.412 75.6675 0 683520
36.484 72.469 75.6079 0 684032
36.5407 72.514 75.561 0 684544
36.598 72.599 75.6321 0 685056
36.6394 72.666 75.5624 0 685568
36.6961 72.744 75.4814 0 686080
36.7536 72.855 75.5254 0 686592
36.8108 72.919 75.4591 0 687104
36.8517 72.971 75.4053 0 687616
36.9091 73.036 75.4968 0 688128
36.9602 71.863 76.7291 0 688640
37.0041 70.539 78.1693 0 689152
37.0503 69.481 79.5263 0 689664
37.0993 68.634 80.5077 0 690176
37.1482 67.98 81.2823 0 690688
37.1896 67.482 82.0538 0 691200
37.2388 67.107 82.5123 0 691712
37.2882 66.855 82.9966 0 692224
37.3333 66.677 83.2181 0 692736
37.3786 66.487 83.456 0 693248
37.4279 66.359 83.7915 0 693760
37.4772 66.281 83.8901 0 694272
37.5183 66.218 83.9699 0 694784
37.5678 66.216 84.1474 0 695296
37.6175 66.238 84.1194 0 695808
37.6627 66.232 84.1271 0 696320
37.7081 66.251 84.2778 0 696832
37.7577 66.291 84.2269 0 697344
37.8074 66.346 84.1571 0 697856
37.8485 66.415 84.2441 0 698368
37.8984 66.493 84.1453 0 698880
37.9679 66.556 84.2397 0 699392
38.0382 66.631 84.1449 0 699904
38.1086 66.714 84.0402 0 700416
38.1793 66.829 84.0689 0 700928
38.2498 66.897 83.9834 0 701440
38.3203 66.976 83.8844 0 701952
38.3914 67.086 83.9195 0 702464
38.471 67.271 83.6887 0 702976
38.5419 67.347 83.5943 0 703488
38.613 67.455 83.6322 0 704000
38.684 67.566 83.4948 0 704512
38.7549 67.631 83.4145 0 705024
38.8262 67.731 83.4624 0 705536
38.8973 67.835 83.3344 0 706048
38.9686 67.942 83.2032 0 706560
39.0399 68.028 83.2683 0 707072
39.1111 68.096 83.1852 0 707584
39.1826 68.199 83.2294 0 708096
39.2539 68.306 83.099 0 708608
39.3254 68.415 82.9666 0 709120
39.397 68.502 83.0303 0 709632
39.4685 68.596 82.9166 0 710144
39.5402 68.695 82.7971 0 710656
39.6121 68.822 82.8126 0 711168
39.6837 68.9 82.7188 0 711680
39.7555 68.987 82.6145 0 712192
39.8296 69.128 82.6136 0 712704
39.9052 69.265 82.4502 0 713216
39.9714 67.26 84.908 0 713728
40.0332 65.681 87.1256 0 714240
40.0947 64.417 88.8352 0 714752
40.1562 63.406 90.2516 0 715264
40.218 62.621 91.568 0 715776
40.2795 61.992 92.4971 0 716288
40.3413 61.514 93.4042 0 716800
40.4028 61.131 93.9894 0 717312
40.4643 60.824 94.4638 0 717824
40.5261 60.603 94.9994 0 718336
40.5876 60.426 95.2777 0 718848
40.6491 60.285 95.5005 0 719360
40.7109 60.196 95.8341 0 719872
40.7724 60.124 95.9489 0 720384
40.8339 60.067 96.04 0 720896
40.8957 60.046 96.2665 0 721408
40.9572 60.028 96.2953 0 721920
41.0187 60.015 96.3162 0 722432
41.0805 60.028 96.4883 0 722944
41.142 60.038 96.4722 0 723456
41.2035 60.046 96.4594 0 723968
41.2653 60.077 96.6024 0 724480
41.3268 60.102 96.5622 0 724992
41.3886 60.145 96.6858 0 725504
41.4501 60.18 96.6296 0 726016
41.5116 60.208 96.5846 0 726528
41.5734 60.254 96.7032 0 727040
41.6349 60.292 96.6422 0 727552
41.6964 60.321 96.5957 0 728064
41.7582 60.369 96.7108 0 728576
41.8197 60.407 96.65 0 729088
41.8812 60.438 96.6004 0 729600
41.943 60.486 96.7153 0 730112
42.0045 60.525 96.653 0 730624
42.0661 60.556 96.6035 0 731136
42.1278 60.605 96.7165 0 731648
42.1893 60.644 96.6543 0 732160
42.2509 60.675 96.6049 0 732672
42.3126 60.724 96.7177 0 733184
42.3741 60.764 96.6541 0 733696
42.4359 60.819 96.7571 0 734208
42.4974 60.863 96.6872 0 734720
42.5589 60.899 96.63 0 735232
42.6207 60.951 96.7376 0 735744
42.6822 60.993 96.671 0 736256
42.7438 61.027 96.6172 0 736768
42.8055 61.078 96.7262 0 737280
42.867 61.118 96.6628 0 737792
42.9286 61.151 96.6107 0 738304
42.9903 61.201 96.721 0 738816
43.0518 61.241 96.6579 0 739328
43.1134 61.273 96.6074 0 739840
43.1751 61.323 96.7175 0 740352
43.2367 61.362 96.656 0 740864
43.2982 61.394 96.6057 0 741376
43.3599 61.444 96.7156 0 741888
43.4215 61.483 96.6542 0 742400
43.4832 61.539 96.7545 0 742912
43.5447 61.584 96.6838 0 743424
43.6063 61.619 96.6289 0 743936
43.668 61.672 96.7337 0 744448
43.7295 61.714 96.6679 0 744960
43.7911 61.747 96.6162 0 745472
43.8528 61.798 96.7239 0 745984
43.9144 61.839 96.6598 0 746496
43.9759 61.872 96.6082 0 747008
44.0376 61.922 96.7173 0 747520
44.0992 61.962 96.6549 0 748032
44.1607 61.994 96.605 0 748544
44.2224 62.044 96.7138 0 749056
44.284 62.083 96.6531 0 749568
44.3457 62.139 96.7524 0 750080
44.4072 62.184 96.6824 0 750592
44.4688 62.22 96.6264 0 751104
44.5305 62.272 96.7318 0 751616
44.5921 62.314 96.6666 0 752128
44.6536 62.348 96.6138 0 752640
44.7153 62.399 96.7205 0 753152
44.7769 62.44 96.657 0 753664
44.8384 62.472 96.6075 0 754176
44.9001 62.523 96.714 0 754688
44.9617 62.563 96.6521 0 755200
45.0232 62.595 96.6027 0 755712
45.085 62.644 96.7121 0 756224
45.1465 62.684 96.6504 0 756736
45.208 62.716 96.6011 0 757248
45.2698 62.765 96.7102 0 757760
45.3313 62.805 96.6486 0 758272
45.393 62.861 96.7468 0 758784
45.4546 62.905 96.6791 0 759296
45.5161 62.941 96.6238 0 759808
45.5778 62.993 96.728 0 760320
45.6394 63.036 96.662 0 760832
45.7009 63.069 96.6114 0 761344
45.7627 63.12 96.7169 0 761856
45.8242 63.161 96.6541 0 762368
45.8857 63.193 96.6051 0 762880
45.9475 63.244 96.7104 0 763392
46.009 63.284 96.6493 0 763904
46.0705 63.316 96.6004 0 764416
46.1323 63.365 96.7085 0 764928
46.1938 63.405 96.6475 0 765440
46.2553 63.437 96.5988 0 765952
46.3171 63.486 96.7067 0 766464
46.3786 63.526 96.6458 0 766976
46.4404 63.582 96.7429 0 767488
46.5019 63.626 96.676 0 768000
46.5634 63.662 96.6213 0 768512
46.6252 63.714 96.7242 0 769024
46.6867 63.756 96.6605 0 769536
46.7482 63.79 96.609 0 770048
46.81 63.841 96.7133 0 770560
46.8715 63.882 96.6512 0 771072
46.933 63.914 96.6028 0 771584
46.9948 63.964 96.7084 0 772096
47.0563 64.005 96.6464 0 772608
47.1178 64.037 96.5982 0 773120
47.1796 64.086 96.7051 0 773632
47.2411 64.126 96.6447 0 774144
47.3026 64.158 96.5965 0 774656
47.3644 64.207 96.7032 0 775168
47.4259 64.247 96.643 0 775680
47.4877 64.303 96.739 0 776192
47.5492 64.347 96.6729 0 776704
47.6107 64.383 96.6188 0 777216
47.6725 64.435 96.7206 0 777728
47.734 64.477 96.6576 0 778240
47.7955 64.511 96.6067 0 778752
47.8573 64.562 96.7098 0 779264
47.9188 64.603 96.6484 0 779776
47.9803 64.635 96.6005 0 780288
48.0421 64.685 96.705 0 780800
48.1036 64.726 96.6437 0 781312
48.1651 64.758 96.5959 0 781824
48.2269 64.807 96.7017 0 782336
48.2884 64.847 96.642 0 782848
48.3499 64.879 96.5943 0 783360
48.4117 64.928 96.6999 0 783872
48.4732 64.968 96.6403 0 784384
48.535 65.024 96.7352 0 784896
48.5965 65.068 96.6698 0 785408
48.658 65.104 96.6164 0 785920
48.7198 65.156 96.717 0 786432
48.7813 65.198 96.6547 0 786944
48.8428 65.232 96.6044 0 787456
48.9046 65.283 96.7063 0 787968
48.9661 65.324 96.6456 0 788480
49.0276 65.356 96.5983 0 788992
49.0894 65.406 96.7016 0 789504
49.1509 65.447 96.641 0 790016
49.2124 65.479 96.5938 0 790528
49.2742 65.528 96.6983 0 791040
49.3357 65.568 96.6393 0 791552
49.3975 65.624 96.7334 0 792064
49.459 65.669 96.6671 0 792576
49.5205 65.704 96.6156 0 793088
49.5823 65.757 96.7139 0 793600
49.6438 65.799 96.6522 0 794112
49.7053 65.833 96.6023 0 794624
49.7671 65.884 96.7033 0 795136
49.8286 65.924 96.6446 0 795648
49.8901 65.957 96.5963 0 796160
49.9519 66.007 96.6986 0 796672
