20.7356 247609 110592
20.7359 249057 109056
20.7361 251953 104448
20.7362 253401 102912
20.7363 254849 101376
20.7367 256297 99840
20.7368 257745 95744
20.7369 259193 94208
20.737 266433 92672
20.7371 267881 90112
20.7373 282361 88576
20.7374 283809 87040
20.7377 373585 85504
20.7379 305529 81408
20.738 306977 79872
20.7381 375033 78336
20.7385 376481 76800
20.7386 321457 72192
20.7387 322905 70656
20.7391 377929 69120
22.3937 697937 31744
22.3939 699385 31744
22.3941 700833 31744
22.3943 702281 31744
22.3944 703729 31744
22.3945 705177 31744
22.3946 706625 31744
22.3947 708073 31744
22.395 709521 31744
22.3952 710969 31744
22.3953 712417 31744
22.3955 713865 31744
22.3956 715313 31744
22.3957 716761 32256
22.3959 718209 32256
22.4536 719657 32256
22.454 721105 32256
22.4542 722553 32256
22.4543 724001 32256
22.4545 725449 32256
22.4546 726897 32256
22.4547 728345 32256
22.4548 729793 32256
22.4551 731241 32256
22.4553 732689 32256
22.4554 734137 32256
22.4555 735585 32256
22.4557 737033 32256
22.4558 738481 32256
22.4559 739929 32768
22.4561 741377 32768
22.4564 742825 32768
22.4565 744273 32768
22.4566 745721 32768
22.4567 747169 32768
22.4569 748617 32768
22.4571 750065 32768
22.5148 751513 32768
22.515 752961 32768
22.5153 754409 32768
22.5154 755857 32768
22.5155 757305 32768
22.5156 758753 32768
22.5157 760201 32768
22.516 761649 32768
22.5162 763097 33280
22.5163 764545 33280
22.5165 765993 33280
22.5166 767441 33280
22.5167 768889 33280
22.5168 770337 33280
22.5171 771785 33280
22.5173 773233 33280
22.5174 774681 33280
22.5175 776129 33280
22.5177 777577 33280
22.5178 779025 33280
22.5179 780473 33280
22.5181 781921 33280
22.5184 783369 33280
22.5762 784817 33280
22.5764 786265 33280
22.5767 787713 33792
22.5768 789161 33792
22.5769 790609 33792
22.577 792057 33792
22.5773 793505 33792
22.5775 794953 33792
22.5776 796401 33792
22.5777 797849 33792
22.5779 799297 33792
22.578 800745 33792
22.5781 802193 33792
22.5784 803641 33792
22.5786 805089 33792
22.5787 806537 33792
22.5788 807985 33792
22.579 809433 33792
22.5791 810881 34304
22.5792 812329 34304
22.5794 813777 34304
22.5797 815225 34304
22.6373 816673 34304
22.6377 818121 34304
22.6379 819569 34304
22.6381 821017 34304
22.6382 822465 34304
22.6383 823913 34304
22.6384 825361 34304
22.6387 826809 34304
22.6389 828257 34304
22.639 829705 34304
22.6392 831153 34304
22.6393 832601 34304
22.6394 834049 34304
22.6395 835497 34304
22.6396 836945 34304
22.6399 838393 34816
22.6401 839841 34816
22.6402 841289 34816
22.6404 842737 34816
22.6405 844185 34816
22.6406 845633 34816
22.6407 847081 34816
22.641 848529 34816
22.6988 849977 34816
22.699 851425 34816
22.6995 852873 34816
22.6996 854321 34816
22.6997 855769 34816
22.6998 857217 34816
22.7 858665 34816
22.7001 860113 34816
22.7003 861561 34816
22.7006 863009 34816
22.7007 864457 35328
22.7008 865905 35328
22.7009 867353 35328
22.701 868801 35328
22.7012 870249 35328
22.7013 871697 35328
22.7015 873145 35328
22.7018 874593 35328
22.7019 876041 35328
22.702 877489 35328
22.7021 878937 35328
22.7022 880385 35328
22.7024 881833 35328
22.7026 883281 35328
22.7605 884729 35328
22.7609 886177 35328
22.7611 887625 35840
22.7612 889073 35840
22.7614 890521 35840
22.7615 891969 35840
22.7616 893417 35840
22.7618 894865 35840
22.7621 896313 35840
22.7622 897761 35840
22.7623 899209 35840
22.7624 900657 35840
22.7626 902105 35840
22.7627 903553 35840
22.7628 905001 35840
22.763 906449 35840
22.7633 907897 35840
22.7634 909345 35840
22.7635 910793 35840
22.7636 912241 35840
22.7638 913689 35840
22.7639 915137 36352
22.764 916585 36352
22.7642 918033 36352
22.7645 919481 36352
22.8226 920929 36352
22.8229 922377 36352
22.8231 923825 36352
22.8232 925273 36352
22.8234 926721 36352
22.8235 928169 36352
22.8237 929617 36352
22.824 931065 36352
22.8241 932513 36352
22.8242 933961 36352
22.8243 935409 36352
22.8244 936857 36352
22.8246 938305 36352
22.8247 939753 36352
22.8249 941201 36864
22.8252 942649 36864
22.8253 944097 36864
22.8254 945545 36864
22.8255 946993 36864
22.8256 948441 36864
22.8258 949889 36864
22.8259 951337 36864
22.8261 952785 36864
22.8264 954233 36864
22.8846 955681 36864
22.8849 957129 36864
22.8851 958577 36864
22.8854 960025 36864
22.8855 961473 36864
22.8856 962921 36864
22.8857 964369 36864
22.886 965817 36864
22.8862 967265 37376
22.8863 968713 37376
22.8864 970161 37376
22.8866 971609 37376
22.8867 973057 37376
22.8868 974505 37376
22.8869 975953 37376
22.8872 977401 37376
22.8874 978849 37376
22.8875 980297 37376
22.8876 981745 37376
22.8878 983193 37376
22.8879 984641 37376
22.888 986089 37376
22.8881 987537 37376
22.8882 988985 37376
22.8885 990433 37376
22.9466 991881 37376
22.9469 993329 37376
22.9474 994777 37376
22.9476 996225 37376
22.9477 997673 37888
22.9478 999121 37888
22.948 1000569 37888
22.9481 1002017 37888
22.9483 1003465 37888
22.9486 1004913 37888
22.9487 1006361 37888
22.9488 1007809 37888
22.9489 1009257 37888
22.949 1010705 37888
22.9492 1012153 37888
22.9493 1013601 37888
22.9495 1015049 37888
22.9498 1016497 37888
22.9499 1017945 37888
22.95 1019393 37888
22.9501 1020841 37888
22.9502 1022289 37888
22.9504 1023737 38400
22.9505 1025185 38400
22.9506 1026633 38400
22.9508 1028081 38400
23.009 1029529 38400
23.0092 1030977 38400
23.0097 1032425 38400
23.0098 1033873 38400
23.01 1035321 38400
23.0101 1036769 38400
23.0102 1038217 38400
23.0104 1039665 38400
23.0107 1041113 38400
23.0108 1042561 38400
23.0109 1044009 38400
23.011 1045457 38400
23.0112 1046905 38400
23.0113 1048353 38400
23.0114 1049801 38912
23.0116 1051249 38912
23.0119 1052697 38912
23.012 1054145 38912
23.0121 1055593 38912
23.0122 1057041 38912
23.0124 1058489 38912
23.0125 1059937 38912
23.0126 1061385 38912
23.0127 1062833 38912
23.013 1064281 38912
23.0132 1065729 38912
23.0133 1067177 38912
23.0716 1068625 38912
23.0718 1070073 38912
23.0722 1071521 38912
23.0723 1072969 38912
23.0724 1074417 38912
23.0726 1075865 38912
23.0728 1077313 38912
23.073 1078761 38912
23.0732 1080209 39424
23.0733 1081657 39424
23.0734 1083105 39424
23.0735 1084553 39424
23.0736 1086001 39424
23.0738 1087449 39424
23.074 1088897 39424
23.0743 1090345 39424
23.0744 1091793 39424
23.0745 1093241 39424
23.0746 1094689 39424
23.0747 1096137 39424
23.0749 1097585 39424
23.075 1099033 39424
23.0751 1100481 39424
23.0753 1101929 39424
23.0756 1103377 39424
23.0757 1104825 39424
23.1342 1106273 39424
23.1345 1107721 39424
23.1347 1109169 39936
23.1349 1110617 39936
23.1351 1112065 39936
23.1352 1113513 39936
23.1354 1114961 39936
23.1357 1116409 39936
23.1358 1117857 39936
23.1359 1119305 39936
23.136 1120753 39936
23.1361 1122201 39936
23.1363 1123649 39936
23.1364 1125097 39936
23.1366 1126545 39936
23.1369 1127993 39936
23.137 1129441 39936
23.1371 1130889 39936
23.1372 1132337 39936
23.1373 1133785 39936
23.1375 1135233 39936
23.1376 1136681 39936
23.1377 1138129 40448
23.1379 1139577 40448
23.1382 1141025 40448
23.1383 1142473 40448
23.1969 1143921 40448
23.1972 1145369 40448
23.1974 1146817 40448
23.1975 1148265 40448
23.1978 1149713 40448
23.198 1151161 40448
23.1981 1152609 40448
23.1983 1154057 40448
23.1985 1155505 40448
23.1987 1156953 40448
23.1989 1158401 40448
23.199 1159849 40448
23.1991 1161297 40448
23.1992 1162745 40448
23.1993 1164193 40448
23.1995 1165641 40448
23.1997 1167089 40448
23.1999 1168537 40960
23.2001 1169985 40960
23.2002 1171433 40960
23.2003 1172881 40960
23.2004 1174329 40960
23.2005 1175777 40960
23.2007 1177225 40960
23.2008 1178673 40960
23.201 1180121 40960
23.2013 1181569 40960
23.2598 1183017 40960
23.26 1184465 40960
23.2603 1185913 40960
23.2605 1187361 40960
23.2607 1188809 40960
23.261 1190257 40960
23.2611 1191705 40960
23.2612 1193153 40960
23.2613 1194601 40960
23.2616 1196049 40960
23.2618 1197497 41472
23.2619 1198945 41472
23.2621 1200393 41472
23.2622 1201841 41472
23.2623 1203289 41472
23.2624 1204737 41472
23.2625 1206185 41472
23.2628 1207633 41472
23.263 1209081 41472
23.2631 1210529 41472
23.2633 1211977 41472
23.2634 1213425 41472
23.2635 1214873 41472
23.2636 1216321 41472
23.2637 1217769 41472
23.2639 1219217 41472
23.2641 1220665 41472
23.2643 1222113 41472
23.3229 1223561 41472
23.3231 1225009 41472
23.3233 1226457 41984
23.3236 1227905 41984
23.3238 1229353 41984
23.3239 1230801 41984
23.3241 1232249 41984
23.3242 1233697 41984
23.3243 1235145 41984
23.3245 1236593 41984
23.3248 1238041 41984
23.3249 1239489 41984
23.325 1240937 41984
23.3251 1242385 41984
23.3253 1243833 41984
23.3254 1245281 41984
23.3255 1246729 41984
23.3257 1248177 41984
23.326 1249625 41984
23.3261 1251073 41984
23.3262 1252521 41984
23.3263 1253969 41984
23.3265 1255417 41984
23.3266 1256865 41984
23.3267 1258313 41984
23.3268 1259761 42496
23.3271 1261209 42496
23.3273 1262657 42496
23.3275 1264105 42496
23.3863 1265553 42496
23.3865 1267001 42496
23.3868 1268449 42496
23.387 1269897 42496
23.3871 1271345 42496
23.3873 1272793 42496
23.3874 1274241 42496
23.3875 1275689 42496
23.3877 1277137 42496
23.388 1278585 42496
23.3881 1280033 42496
23.3882 1281481 42496
23.3883 1282929 42496
23.3885 1284377 42496
23.3886 1285825 42496
23.3887 1287273 42496
23.3889 1288721 43008
23.3892 1290169 43008
23.3893 1291617 43008
23.3894 1293065 43008
23.3896 1294513 43008
23.3897 1295961 43008
23.3898 1297409 43008
23.3899 1298857 43008
23.39 1300305 43008
23.3903 1301753 43008
23.3905 1303201 43008
23.3908 1304649 43008
23.4496 1306097 43008
23.4499 1307545 43008
23.4501 1308993 43008
23.4504 1310441 43008
23.4506 1311889 43008
23.4507 1313337 43008
23.4508 1314785 43008
23.451 1316233 43008
23.4511 1317681 43008
23.4512 1319129 43008
23.4514 1320577 43008
23.4517 1322025 43520
23.4518 1323473 43520
23.4519 1324921 43520
23.452 1326369 43520
23.4522 1327817 43520
23.4523 1329265 43520
23.4524 1330713 43520
23.4526 1332161 43520
23.4529 1333609 43520
23.453 1335057 43520
23.4531 1336505 43520
23.4532 1337953 43520
23.4534 1339401 43520
23.4535 1340849 43520
23.4536 1342297 43520
23.4537 1343745 43520
23.454 1345193 43520
23.4542 1346641 43520
23.5133 1348089 43520
23.5136 1349537 43520
23.5138 1350985 43520
23.514 1352433 43520
23.5143 1353881 44032
23.5145 1355329 44032
23.5146 1356777 44032
23.5148 1358225 44032
23.5149 1359673 44032
23.515 1361121 44032
23.5151 1362569 44032
23.5154 1364017 44032
23.5156 1365465 44032
23.5157 1366913 44032
23.5158 1368361 44032
23.516 1369809 44032
23.5161 1371257 44032
23.5162 1372705 44032
23.5163 1374153 44032
23.5166 1375601 44032
23.5168 1377049 44032
23.5169 1378497 44032
23.517 1379945 44032
23.5172 1381393 44032
23.5173 1382841 44032
23.5174 1384289 44032
23.5175 1385737 44544
23.5176 1387185 44544
23.5179 1388633 44544
23.5181 1390081 44544
23.5771 1391529 44544
23.5774 1392977 44544
23.5776 1394425 44544
23.5778 1395873 44544
23.5781 1397321 44544
23.5782 1398769 44544
23.5783 1400217 44544
23.5784 1401665 44544
23.5786 1403113 44544
23.5787 1404561 44544
23.5789 1406009 44544
23.5792 1407457 44544
23.5793 1408905 44544
23.5794 1410353 44544
23.5795 1411801 44544
23.5796 1413249 44544
23.5798 1414697 44544
23.5799 1416145 44544
23.58 1417593 44544
23.5802 1419041 45056
23.5805 1420489 45056
23.5806 1421937 45056
23.5807 1423385 45056
23.5808 1424833 45056
23.581 1426281 45056
23.5811 1427729 45056
23.5812 1429177 45056
23.5813 1430625 45056
23.5816 1432073 45056
23.5818 1433521 45056
23.582 1434969 45056
23.6412 1436417 45056
23.6414 1437865 45056
23.6416 1439313 45056
23.6419 1440761 45056
23.642 1442209 45056
23.6421 1443657 45056
23.6422 1445105 45056
23.6424 1446553 45056
23.6425 1448001 45056
23.6427 1449449 45056
23.643 1450897 45568
23.6431 1452345 45568
23.6432 1453793 45568
23.6433 1455241 45568
23.6434 1456689 45568
23.6436 1458137 45568
23.6437 1459585 45568
23.6438 1461033 45568
23.644 1462481 45568
23.6443 1463929 45568
23.6444 1465377 45568
23.6445 1466825 45568
23.6446 1468273 45568
23.6448 1469721 45568
23.6449 1471169 45568
23.645 1472617 45568
23.6451 1474065 45568
23.6454 1475513 45568
23.6456 1476961 45568
23.6459 1478409 45568
23.7051 1479857 45568
23.7053 1481305 45568
23.7057 1482753 46080
23.7059 1484201 46080
23.7061 1485649 46080
23.7062 1487097 46080
23.7063 1488545 46080
23.7064 1489993 46080
23.7065 1491441 46080
23.7067 1492889 46080
23.7069 1494337 46080
23.7071 1495785 46080
23.7073 1497233 46080
23.7074 1498681 46080
23.7075 1500129 46080
23.7076 1501577 46080
23.7077 1503025 46080
23.7079 1504473 46080
23.708 1505921 46080
23.7081 1507369 46080
23.7083 1508817 46080
23.7086 1510265 46080
23.7087 1511713 46080
23.7088 1513161 46080
23.7089 1514609 46080
23.7091 1516057 46080
23.7092 1517505 46080
23.7093 1518953 46592
23.7094 1520401 46592
23.7097 1521849 46592
23.71 1523297 46592
23.7694 1524745 46592
23.7696 1526193 46592
23.77 1527641 46592
23.7702 1529089 46592
23.7705 1530537 46592
23.7706 1531985 46592
23.7707 1533433 46592
23.7708 1534881 46592
23.7709 1536329 46592
23.7711 1537777 46592
23.7712 1539225 46592
23.7714 1540673 46592
23.7717 1542121 46592
23.7718 1543569 46592
23.7719 1545017 46592
23.772 1546465 46592
23.7721 1547913 46592
23.7723 1549361 46592
23.7724 1550809 47104
23.7725 1552257 47104
23.7726 1553705 47104
23.7729 1555153 47104
23.7731 1556601 47104
23.7732 1558049 47104
23.7733 1559497 47104
23.7735 1560945 47104
23.7736 1562393 47104
23.7737 1563841 47104
23.7738 1565289 47104
23.7739 1566737 47104
23.7743 1568185 47104
23.7745 1569633 47104
23.834 1571081 47104
23.8343 1572529 47104
23.8345 1573977 47104
23.8347 1575425 47104
23.835 1576873 47104
23.8351 1578321 47104
23.8352 1579769 47104
23.8353 1581217 47104
23.8355 1582665 47104
23.8356 1584113 47104
23.8358 1585561 47616
23.8361 1587009 47616
23.8362 1588457 47616
23.8363 1589905 47616
23.8364 1591353 47616
23.8365 1592801 47616
23.8367 1594249 47616
23.8368 1595697 47616
23.8369 1597145 47616
23.837 1598593 47616
23.8373 1600041 47616
23.8375 1601489 47616
23.8376 1602937 47616
23.8377 1604385 47616
23.8379 1605833 47616
23.838 1607281 47616
23.8381 1608729 47616
23.8382 1610177 47616
23.8383 1611625 47616
23.8385 1613073 47616
23.8387 1614521 47616
23.8389 1615969 47616
23.8392 1617417 47616
23.8988 1618865 47616
23.899 1620313 47616
23.8993 1621761 48128
23.8995 1623209 48128
23.8996 1624657 48128
23.8997 1626105 48128
23.8999 1627553 48128
23.9 1629001 48128
23.9001 1630449 48128
23.9004 1631897 48128
23.9006 1633345 48128
23.9007 1634793 48128
23.9008 1636241 48128
23.901 1637689 48128
23.9011 1639137 48128
23.9012 1640585 48128
23.9013 1642033 48128
23.9014 1643481 48128
23.9016 1644929 48128
23.9018 1646377 48128
23.902 1647825 48128
23.9022 1649273 48128
23.9023 1650721 48128
23.9024 1652169 48128
23.9025 1653617 48128
23.9026 1655065 48128
23.9028 1656513 48640
23.9029 1657961 48640
23.903 1659409 48640
23.9032 1660857 48640
23.9035 1662305 48640
23.9037 1663753 48640
23.9633 1665201 48640
23.9636 1666649 48640
23.9639 1668097 48640
23.9642 1669545 48640
23.9643 1670993 48640
23.9644 1672441 48640
23.9645 1673889 48640
23.9646 1675337 48640
23.9648 1676785 48640
23.9649 1678233 48640
23.9651 1679681 48640
23.9654 1681129 48640
23.9655 1682577 48640
23.9656 1684025 48640
23.9657 1685473 48640
23.9658 1686921 48640
23.966 1688369 48640
23.9661 1689817 48640
23.9662 1691265 49152
23.9663 1692713 49152
23.9666 1694161 49152
23.9668 1695609 49152
23.9669 1697057 49152
23.967 1698505 49152
23.9672 1699953 49152
23.9673 1701401 49152
23.9674 1702849 49152
23.9675 1704297 49152
23.9676 1705745 49152
23.9678 1707193 49152
23.9679 1708641 49152
23.9681 1710089 49152
23.9685 1711537 49152
24.0282 1712985 49152
24.0284 1714433 49152
24.0289 1715881 49152
24.0292 1717329 49152
24.0293 1718777 49152
24.0294 1720225 49152
24.0295 1721673 49152
24.0296 1723121 49152
24.0298 1724569 49152
24.0299 1726017 49152
24.03 1727465 49664
24.0302 1728913 49664
24.0305 1730361 49664
24.0306 1731809 49664
24.0307 1733257 49664
24.0308 1734705 49664
24.031 1736153 49664
24.0311 1737601 49664
24.0312 1739049 49664
24.0313 1740497 49664
24.0314 1741945 49664
24.0317 1743393 49664
24.0319 1744841 49664
24.032 1746289 49664
24.0322 1747737 49664
24.0323 1749185 49664
24.0324 1750633 49664
24.0325 1752081 49664
24.0326 1753529 49664
24.0328 1754977 49664
24.0329 1756425 49664
24.033 1757873 49664
24.0335 1759321 49664
24.0337 1760769 49664
24.0934 1762217 50176
24.0937 1763665 50176
24.094 1765113 50176
24.0943 1766561 50176
24.0944 1768009 50176
24.0945 1769457 50176
24.0946 1770905 50176
24.0948 1772353 50176
24.0949 1773801 50176
24.095 1775249 50176
24.0952 1776697 50176
24.0955 1778145 50176
24.0956 1779593 50176
24.0957 1781041 50176
24.0959 1782489 50176
24.096 1783937 50176
24.0961 1785385 50176
24.0962 1786833 50176
24.0963 1788281 50176
24.0965 1789729 50176
24.0967 1791177 50176
24.0969 1792625 50176
24.0971 1794073 50176
24.0972 1795521 50176
24.0973 1796969 50176
24.0974 1798417 50176
24.0975 1799865 50688
24.0977 1801313 50688
24.0978 1802761 50688
24.0979 1804209 50688
24.098 1805657 50688
24.0983 1807105 50688
24.0985 1808553 50688
24.0987 1810001 50688
24.0991 1811449 50688
24.1591 1812897 50688
24.1593 1814345 50688
24.1595 1815793 50688
24.1598 1817241 50688
24.1599 1818689 50688
24.16 1820137 50688
24.1601 1821585 50688
24.1603 1823033 50688
24.1604 1824481 50688
24.1606 1825929 50688
24.1609 1827377 50688
24.161 1828825 50688
24.1611 1830273 50688
24.1612 1831721 50688
24.1613 1833169 50688
24.1615 1834617 50688
24.1616 1836065 51200
24.1617 1837513 51200
24.1618 1838961 51200
24.1621 1840409 51200
24.1623 1841857 51200
24.1624 1843305 51200
24.1625 1844753 51200
24.1627 1846201 51200
24.1628 1847649 51200
24.1629 1849097 51200
24.163 1850545 51200
24.1631 1851993 51200
24.1633 1853441 51200
24.1634 1854889 51200
24.1636 1856337 51200
24.1639 1857785 51200
24.164 1859233 51200
24.1642 1860681 51200
24.2243 1862129 51200
24.2245 1863577 51200
24.2249 1865025 51200
24.2251 1866473 51200
24.2253 1867921 51200
24.2254 1869369 51200
24.2255 1870817 51200
24.2256 1872265 51200
24.2257 1873713 51712
24.2259 1875161 51712
24.2261 1876609 51712
24.2263 1878057 51712
24.2265 1879505 51712
24.2266 1880953 51712
24.2267 1882401 51712
24.2268 1883849 51712
24.2269 1885297 51712
24.2271 1886745 51712
24.2272 1888193 51712
24.2273 1889641 51712
24.2275 1891089 51712
24.2278 1892537 51712
24.2279 1893985 51712
24.228 1895433 51712
24.2281 1896881 51712
24.2283 1898329 51712
24.2284 1899777 51712
24.2285 1901225 51712
24.2286 1902673 51712
24.2287 1904121 51712
24.2289 1905569 51712
24.229 1907017 51712
24.2292 1908465 51712
24.2295 1909913 51712
24.2297 1911361 51712
24.2897 1912809 52224
24.2899 1914257 52224
24.2904 1915705 52224
24.2908 1917153 52224
24.2909 1918601 52224
24.291 1920049 52224
24.2911 1921497 52224
24.2912 1922945 52224
24.2914 1924393 52224
24.2915 1925841 52224
24.2916 1927289 52224
24.2918 1928737 52224
24.2921 1930185 52224
24.2922 1931633 52224
24.2923 1933081 52224
24.2924 1934529 52224
24.2926 1935977 52224
24.2927 1937425 52224
24.2928 1938873 52224
24.2929 1940321 52224
24.293 1941769 52224
24.2933 1943217 52224
24.2935 1944665 52224
24.2936 1946113 52224
24.2938 1947561 52224
24.2939 1949009 52224
24.294 1950457 52736
24.2941 1951905 52736
24.2942 1953353 52736
24.2944 1954801 52736
24.2945 1956249 52736
24.2946 1957697 52736
24.2947 1959145 52736
24.295 1960593 52736
24.2953 1962041 52736
24.2956 1963489 52736
24.3555 1964937 52736
24.3558 1966385 52736
24.3564 1967833 52736
24.3565 1969281 52736
24.3566 1970729 52736
24.3567 1972177 52736
24.3568 1973625 52736
24.357 1975073 52736
24.3571 1976521 52736
24.3572 1977969 52736
24.3574 1979417 52736
24.3577 1980865 52736
24.3578 1982313 52736
24.3579 1983761 52736
24.358 1985209 52736
24.3582 1986657 52736
24.3583 1988105 53248
24.3584 1989553 53248
24.3585 1991001 53248
24.3586 1992449 53248
24.3589 1993897 53248
24.3591 1995345 53248
24.3592 1996793 53248
24.3594 1998241 53248
24.3595 1999689 53248
24.3596 2001137 53248
24.3597 2002585 53248
24.3598 2004033 53248
24.36 2005481 53248
24.3601 2006929 53248
24.3602 2008377 53248
24.3603 2009825 53248
24.3606 2011273 53248
24.3608 2012721 53248
24.361 2014169 53248
24.3613 2015617 53248
24.3615 2017065 53248
24.4216 2018513 53248
24.4217 2019961 53248
24.4223 2021409 53248
24.4224 2022857 53248
24.4226 2024305 53248
24.4227 2025753 53248
24.4228 2027201 53760
24.4229 2028649 53760
24.423 2030097 53760
24.4233 2031545 53760
24.4235 2032993 53760
24.4236 2034441 53760
24.4238 2035889 53760
24.4239 2037337 53760
24.424 2038785 53760
24.4241 2040233 53760
24.4242 2041681 53760
24.4244 2043129 53760
24.4245 2044577 53760
24.4247 2046025 53760
24.425 2047473 53760
24.4251 2048921 53760
24.4252 2050369 53760
24.4253 2051817 53760
24.4254 2053265 53760
24.4256 2054713 53760
24.4257 2056161 53760
24.4258 2057609 53760
24.4259 2059057 53760
24.4261 2060505 53760
24.4262 2061953 53760
24.4264 2063401 53760
24.4267 2064849 53760
24.4268 2066297 53760
24.427 2067745 54272
24.4274 2069193 54272
24.4877 2070641 54272
24.4878 2072089 54272
24.4883 2073537 54272
24.4885 2074985 54272
24.4887 2076433 54272
24.4888 2077881 54272
24.4889 2079329 54272
24.489 2080777 54272
24.4891 2082225 54272
24.4894 2083673 54272
24.4896 2085121 54272
24.4897 2086569 54272
24.4899 2088017 54272
24.49 2089465 54272
24.4901 2090913 54272
24.4902 2092361 54272
24.4903 2093809 54272
24.4905 2095257 54272
24.4906 2096705 54272
24.4908 2098153 54272
24.4911 2099601 54272
24.4912 2101049 54272
24.4913 2102497 54272
24.4914 2103945 54272
24.4915 2105393 54784
24.4917 2106841 54784
24.4918 2108289 54784
24.4919 2109737 54784
24.492 2111185 54784
24.4921 2112633 54784
24.4923 2114081 54784
24.4925 2115529 54784
24.4927 2116977 54784
24.4929 2118425 54784
24.493 2119873 54784
24.4932 2121321 54784
24.5537 2122769 54784
24.5539 2124217 54784
24.554 2125665 54784
24.5545 2127113 54784
24.5547 2128561 54784
24.5549 2130009 54784
24.555 2131457 54784
24.5551 2132905 54784
24.5552 2134353 54784
24.5553 2135801 54784
24.5555 2137249 54784
24.5557 2138697 54784
24.5559 2140145 54784
24.5561 2141593 54784
24.5562 2143041 54784
24.5563 2144489 54784
24.5564 2145937 54784
24.5565 2147385 55296
24.5567 2148833 55296
24.5568 2150281 55296
24.5569 2151729 55296
24.5571 2153177 55296
24.5574 2154625 55296
24.5575 2156073 55296
24.5576 2157521 55296
24.5577 2158969 55296
24.5579 2160417 55296
24.558 2161865 55296
24.5581 2163313 55296
24.5582 2164761 55296
24.5583 2166209 55296
24.5585 2167657 55296
24.5586 2169105 55296
24.5588 2170553 55296
24.5591 2172001 55296
24.5592 2173449 55296
24.5594 2174897 55296
24.6199 2176345 55296
24.6201 2177793 55296
24.6203 2179241 55296
24.6205 2180689 55296
24.6211 2182137 55296
24.6212 2183585 55296
24.6213 2185033 55808
24.6214 2186481 55808
24.6216 2187929 55808
24.6217 2189377 55808
24.6218 2190825 55808
24.6219 2192273 55808
24.6222 2193721 55808
24.6224 2195169 55808
24.6225 2196617 55808
24.6226 2198065 55808
24.6228 2199513 55808
24.6229 2200961 55808
24.623 2202409 55808
24.6231 2203857 55808
24.6232 2205305 55808
24.6234 2206753 55808
24.6236 2208201 55808
24.6238 2209649 55808
24.624 2211097 55808
24.6241 2212545 55808
24.6242 2213993 55808
24.6243 2215441 55808
24.6244 2216889 55808
24.6246 2218337 55808
24.6247 2219785 55808
24.6248 2221233 55808
24.6249 2222681 55808
24.625 2224129 55808
24.6253 2225577 56320
24.6255 2227025 56320
24.6258 2228473 56320
24.626 2229921 56320
24.6864 2231369 56320
24.6867 2232817 56320
24.6868 2234265 56320
24.687 2235713 56320
24.6875 2237161 56320
24.6876 2238609 56320
24.6878 2240057 56320
24.6879 2241505 56320
24.688 2242953 56320
24.6881 2244401 56320
24.6882 2245849 56320
24.6885 2247297 56320
24.6887 2248745 56320
24.6888 2250193 56320
24.689 2251641 56320
24.6891 2253089 56320
24.6892 2254537 56320
24.6893 2255985 56320
24.6894 2257433 56320
24.6896 2258881 56320
24.6897 2260329 56320
24.6898 2261777 56320
24.69 2263225 56320
24.6903 2264673 56320
24.6904 2266121 56320
24.6905 2267569 56832
24.6906 2269017 56832
24.6908 2270465 56832
24.6909 2271913 56832
24.691 2273361 56832
24.6911 2274809 56832
24.6912 2276257 56832
24.6914 2277705 56832
24.6915 2279153 56832
24.6917 2280601 56832
24.692 2282049 56832
24.6922 2283497 56832
24.6924 2284945 56832
24.6927 2286393 56832
24.7534 2287841 56832
24.7535 2289289 56832
24.7536 2290737 56832
24.7538 2292185 56832
24.7543 2293633 56832
24.7544 2295081 56832
24.7546 2296529 56832
24.7547 2297977 56832
24.7548 2299425 56832
24.7549 2300873 56832
24.7552 2302321 56832
24.7554 2303769 56832
24.7555 2305217 56832
24.7556 2306665 56832
24.7558 2308113 57344
24.7559 2309561 57344
24.756 2311009 57344
24.7561 2312457 57344
24.7563 2313905 57344
24.7564 2315353 57344
24.7565 2316801 57344
24.7567 2318249 57344
24.757 2319697 57344
24.7571 2321145 57344
24.7572 2322593 57344
24.7573 2324041 57344
24.7575 2325489 57344
24.7576 2326937 57344
24.7577 2328385 57344
24.7578 2329833 57344
24.7579 2331281 57344
24.7581 2332729 57344
24.7582 2334177 57344
24.7584 2335625 57344
24.7587 2337073 57344
24.7588 2338521 57344
24.759 2339969 57344
24.7594 2341417 57344
24.8202 2342865 57344
24.8204 2344313 57344
24.8205 2345761 57344
24.8207 2347209 57344
24.8211 2348657 57344
24.8214 2350105 57344
24.8215 2351553 57856
24.8216 2353001 57856
24.8217 2354449 57856
24.8219 2355897 57856
24.822 2357345 57856
24.8221 2358793 57856
24.8223 2360241 57856
24.8226 2361689 57856
24.8227 2363137 57856
24.8228 2364585 57856
24.8229 2366033 57856
24.8231 2367481 57856
24.8232 2368929 57856
24.8233 2370377 57856
24.8234 2371825 57856
24.8235 2373273 57856
24.8237 2374721 57856
24.8239 2376169 57856
24.8241 2377617 57856
24.8243 2379065 57856
24.8244 2380513 57856
24.8245 2381961 57856
24.8246 2383409 57856
24.8247 2384857 57856
24.8249 2386305 57856
24.825 2387753 57856
24.8251 2389201 57856
24.8252 2390649 57856
24.8253 2392097 57856
24.8256 2393545 58368
24.8258 2394993 58368
24.8259 2396441 58368
24.8262 2397889 58368
24.8871 2399337 58368
24.8873 2400785 58368
24.8876 2402233 58368
24.8877 2403681 58368
24.8882 2405129 58368
24.8884 2406577 58368
24.8885 2408025 58368
24.8887 2409473 58368
24.8888 2410921 58368
24.8889 2412369 58368
24.889 2413817 58368
24.8891 2415265 58368
24.8893 2416713 58368
24.8895 2418161 58368
24.8897 2419609 58368
24.8899 2421057 58368
24.89 2422505 58368
24.8901 2423953 58368
24.8902 2425401 58368
24.8903 2426849 58368
24.8905 2428297 58368
24.8906 2429745 58368
24.8907 2431193 58368
24.8908 2432641 58368
24.8911 2434089 58368
24.8913 2435537 58368
24.8914 2436985 58880
24.8916 2438433 58880
24.8917 2439881 58880
24.8918 2441329 58880
24.8919 2442777 58880
24.892 2444225 58880
24.8922 2445673 58880
24.8923 2447121 58880
24.8924 2448569 58880
24.8925 2450017 58880
24.8928 2451465 58880
24.893 2452913 58880
24.8932 2454361 58880
24.8935 2455809 58880
24.9544 2457257 58880
24.9546 2458705 58880
24.9548 2460153 58880
24.955 2461601 58880
24.9555 2463049 58880
24.9556 2464497 58880
24.9557 2465945 58880
24.9558 2467393 58880
24.956 2468841 58880
24.9561 2470289 58880
24.9562 2471737 58880
24.9563 2473185 58880
24.9566 2474633 58880
24.9568 2476081 58880
24.9569 2477529 58880
24.957 2478977 59392
24.9572 2480425 59392
24.9573 2481873 59392
24.9574 2483321 59392
24.9575 2484769 59392
24.9576 2486217 59392
24.9578 2487665 59392
24.9579 2489113 59392
24.958 2490561 59392
24.9582 2492009 59392
24.9585 2493457 59392
24.9586 2494905 59392
24.9587 2496353 59392
24.9588 2497801 59392
24.959 2499249 59392
24.9591 2500697 59392
24.9592 2502145 59392
24.9593 2503593 59392
24.9594 2505041 59392
24.9596 2506489 59392
24.9597 2507937 59392
24.9599 2509385 59392
24.9602 2510833 59392
24.9604 2512281 59392
24.9606 2513729 59392
24.9609 2515177 59392
25.022 2516625 59392
25.0222 2518073 59392
25.0223 2519521 59392
25.0225 2520969 59392
25.023 2522417 59904
25.0231 2523865 59904
25.0232 2525313 59904
25.0234 2526761 59904
25.0235 2528209 59904
25.0236 2529657 59904
25.0237 2531105 59904
25.024 2532553 59904
25.0242 2534001 59904
25.0243 2535449 59904
25.0244 2536897 59904
25.0246 2538345 59904
25.0247 2539793 59904
25.0248 2541241 59904
25.0249 2542689 59904
25.025 2544137 59904
25.0252 2545585 59904
25.0253 2547033 59904
25.0254 2548481 59904
25.0256 2549929 59904
25.0259 2551377 59904
25.026 2552825 59904
25.0261 2554273 59904
25.0262 2555721 59904
25.0264 2557169 59904
25.0265 2558617 59904
25.0266 2560065 59904
25.0267 2561513 59904
25.0269 2562961 59904
25.027 2564409 59904
25.0271 2565857 60416
25.0273 2567305 60416
25.0276 2568753 60416
25.0277 2570201 60416
25.0279 2571649 60416
25.0283 2573097 60416
25.0895 2574545 60416
25.0897 2575993 60416
25.0898 2577441 60416
25.0899 2578889 60416
25.0904 2580337 60416
25.0907 2581785 60416
25.0908 2583233 60416
25.0909 2584681 60416
25.091 2586129 60416
25.0911 2587577 60416
25.0913 2589025 60416
25.0914 2590473 60416
25.0916 2591921 60416
25.0919 2593369 60416
25.092 2594817 60416
25.0921 2596265 60416
25.0922 2597713 60416
25.0923 2599161 60416
25.0925 2600609 60416
25.0926 2602057 60416
25.0927 2603505 60416
25.0928 2604953 60416
25.0929 2606401 60416
25.0931 2607849 60416
25.0932 2609297 60416
25.0934 2610745 60928
25.0937 2612193 60928
25.0938 2613641 60928
25.0939 2615089 60928
25.094 2616537 60928
25.0941 2617985 60928
25.0943 2619433 60928
25.0944 2620881 60928
25.0945 2622329 60928
25.0946 2623777 60928
25.0947 2625225 60928
25.0949 2626673 60928
25.0951 2628121 60928
25.0953 2629569 60928
25.0955 2631017 60928
25.0957 2632465 60928
25.1572 2633913 60928
25.1575 2635361 60928
25.1577 2636809 60928
25.1578 2638257 60928
25.1581 2639705 60928
25.1584 2641153 60928
25.1587 2642601 60928
25.1588 2644049 60928
25.1589 2645497 60928
25.159 2646945 60928
25.1591 2648393 60928
25.1593 2649841 60928
25.1594 2651289 60928
25.1596 2652737 60928
25.1599 2654185 61440
25.16 2655633 61440
25.1601 2657081 61440
25.1602 2658529 61440
25.1603 2659977 61440
25.1605 2661425 61440
25.1606 2662873 61440
25.1607 2664321 61440
25.1608 2665769 61440
25.1609 2667217 61440
25.1611 2668665 61440
25.1612 2670113 61440
25.1614 2671561 61440
25.1617 2673009 61440
25.1618 2674457 61440
25.1619 2675905 61440
25.162 2677353 61440
25.1622 2678801 61440
25.1623 2680249 61440
25.1624 2681697 61440
25.1625 2683145 61440
25.1626 2684593 61440
25.1628 2686041 61440
25.1629 2687489 61440
25.1631 2688937 61440
25.1634 2690385 61440
25.1635 2691833 61440
25.1637 2693281 61440
25.2251 2694729 61440
25.2254 2696177 61440
25.2255 2697625 61952
25.2257 2699073 61952
25.2261 2700521 61952
25.2263 2701969 61952
25.2264 2703417 61952
25.2266 2704865 61952
25.2267 2706313 61952
25.2268 2707761 61952
25.2269 2709209 61952
25.227 2710657 61952
25.2273 2712105 61952
25.2275 2713553 61952
25.2276 2715001 61952
25.2278 2716449 61952
25.2279 2717897 61952
25.228 2719345 61952
25.2281 2720793 61952
25.2282 2722241 61952
25.2284 2723689 61952
25.2285 2725137 61952
25.2286 2726585 61952
25.2287 2728033 61952
25.2288 2729481 61952
25.2291 2730929 61952
25.2293 2732377 61952
25.2294 2733825 61952
25.2296 2735273 61952
25.2297 2736721 61952
25.2298 2738169 61952
25.2299 2739617 61952
25.23 2741065 61952
25.2302 2742513 61952
25.2303 2743961 61952
25.2304 2745409 62464
25.2305 2746857 62464
25.2306 2748305 62464
25.2309 2749753 62464
25.2311 2751201 62464
25.2312 2752649 62464
25.2315 2754097 62464
25.2317 2755545 62464
25.2934 2756993 62464
25.2935 2758441 62464
25.2937 2759889 62464
25.294 2761337 62464
25.2943 2762785 62464
25.2944 2764233 62464
25.2946 2765681 62464
25.2947 2767129 62464
25.2948 2768577 62464
25.2949 2770025 62464
25.295 2771473 62464
25.2953 2772921 62464
25.2955 2774369 62464
25.2956 2775817 62464
25.2958 2777265 62464
25.2959 2778713 62464
25.296 2780161 62464
25.2961 2781609 62464
25.2962 2783057 62464
25.2964 2784505 62464
25.2965 2785953 62464
25.2966 2787401 62464
25.2967 2788849 62976
25.2968 2790297 62976
25.2971 2791745 62976
25.2973 2793193 62976
25.2975 2794641 62976
25.2976 2796089 62976
25.2977 2797537 62976
25.2978 2798985 62976
25.2979 2800433 62976
25.2981 2801881 62976
25.2982 2803329 62976
25.2983 2804777 62976
25.2984 2806225 62976
25.2985 2807673 62976
25.2987 2809121 62976
25.2989 2810569 62976
25.2991 2812017 62976
25.2993 2813465 62976
25.2995 2814913 62976
25.2997 2816361 62976
25.3615 2817809 62976
25.3617 2819257 62976
25.3619 2820705 62976
25.3621 2822153 62976
25.3625 2823601 62976
25.3627 2825049 62976
25.3628 2826497 62976
25.3629 2827945 62976
25.3631 2829393 62976
25.3632 2830841 62976
25.3633 2832289 62976
25.3634 2833737 62976
25.3637 2835185 63488
25.3639 2836633 63488
25.364 2838081 63488
25.3641 2839529 63488
25.3643 2840977 63488
25.3644 2842425 63488
25.3645 2843873 63488
25.3646 2845321 63488
25.3647 2846769 63488
25.3649 2848217 63488
25.365 2849665 63488
25.3651 2851113 63488
25.3652 2852561 63488
25.3655 2854009 63488
25.3657 2855457 63488
25.3658 2856905 63488
25.3659 2858353 63488
25.3661 2859801 63488
25.3662 2861249 63488
25.3663 2862697 63488
25.3664 2864145 63488
25.3665 2865593 63488
25.3667 2867041 63488
25.3668 2868489 63488
25.3669 2869937 63488
25.367 2871385 63488
25.3671 2872833 63488
25.3674 2874281 63488
25.3676 2875729 63488
25.3677 2877177 63488
25.368 2878625 63488
25.4297 2880073 63488
25.43 2881521 63488
25.4302 2882969 64000
25.4303 2884417 64000
25.4307 2885865 64000
25.4309 2887313 64000
25.4312 2888761 64000
25.4313 2890209 64000
25.4314 2891657 64000
25.4315 2893105 64000
25.4317 2894553 64000
25.4318 2896001 64000
25.4319 2897449 64000
25.4322 2898897 64000
25.4324 2900345 64000
25.4326 2901793 64000
25.4328 2903241 64000
25.4329 2904689 64000
25.433 2906137 64000
25.4331 2907585 64000
25.4332 2909033 64000
25.4334 2910481 64000
25.4335 2911929 64000
25.4336 2913377 64000
25.4337 2914825 64000
25.4338 2916273 64000
25.4341 2917721 64000
25.4343 2919169 64000
25.4344 2920617 64000
25.4346 2922065 64000
25.4347 2923513 64000
25.4348 2924961 64000
25.4349 2926409 64000
25.435 2927857 64000
25.4352 2929305 64512
25.4353 2930753 64512
25.4354 2932201 64512
25.4355 2933649 64512
25.4356 2935097 64512
25.4358 2936545 64512
25.436 2937993 64512
25.4362 2939441 64512
25.4364 2940889 64512
25.4366 2942337 64512
25.4985 2943785 64512
25.4987 2945233 64512
25.499 2946681 64512
25.4991 2948129 64512
25.4994 2949577 64512
25.4997 2951025 64512
25.4999 2952473 64512
25.5 2953921 64512
25.5002 2955369 64512
25.5003 2956817 64512
25.5004 2958265 64512
25.5005 2959713 64512
25.5006 2961161 64512
25.5009 2962609 64512
25.5011 2964057 64512
25.5012 2965505 64512
25.5014 2966953 64512
25.5015 2968401 64512
25.5016 2969849 64512
25.5017 2971297 64512
25.5018 2972745 64512
25.502 2974193 64512
25.5021 2975641 65024
25.5022 2977089 65024
25.5023 2978537 65024
25.5026 2979985 65024
25.5028 2981433 65024
25.5029 2982881 65024
25.503 2984329 65024
25.5032 2985777 65024
25.5033 2987225 65024
25.5034 2988673 65024
25.5035 2990121 65024
25.5036 2991569 65024
25.5038 2993017 65024
25.5039 2994465 65024
25.504 2995913 65024
25.5041 2997361 65024
25.5042 2998809 65024
25.5045 3000257 65024
25.5047 3001705 65024
25.5048 3003153 65024
25.505 3004601 65024
25.5051 3006049 65024
25.5053 3007497 65024
25.5672 3008945 65024
25.5675 3010393 65024
25.5676 3011841 65024
25.5678 3013289 65024
25.5682 3014737 65024
25.5684 3016185 65024
25.5685 3017633 65024
25.5687 3019081 65024
25.5688 3020529 65024
25.5689 3021977 65024
25.569 3023425 65536
25.5691 3024873 65536
25.5694 3026321 65536
25.5696 3027769 65536
25.5697 3029217 65536
25.5699 3030665 65536
25.57 3032113 65536
25.5701 3033561 65536
25.5702 3035009 65536
25.5703 3036457 65536
25.5705 3037905 65536
25.5706 3039353 65536
25.5707 3040801 65536
25.5708 3042249 65536
25.5711 3043697 65536
25.5713 3045145 65536
25.5714 3046593 65536
25.5715 3048041 65536
25.5717 3049489 65536
25.5718 3050937 65536
25.5719 3052385 65536
25.572 3053833 65536
25.5721 3055281 65536
25.5723 3056729 65536
25.5724 3058177 65536
25.5725 3059625 65536
25.5726 3061073 65536
25.5727 3062521 65536
25.573 3063969 65536
25.5732 3065417 65536
25.5733 3066865 65536
25.5735 3068313 65536
25.5736 3069761 66048
25.5738 3071209 66048
25.6359 3072657 66048
25.6362 3074105 66048
25.6363 3075553 66048
25.6365 3077001 66048
25.6369 3078449 66048
25.6371 3079897 66048
25.6373 3081345 66048
25.6374 3082793 66048
25.6375 3084241 66048
25.6376 3085689 66048
25.6377 3087137 66048
25.6379 3088585 66048
25.6381 3090033 66048
25.6383 3091481 66048
25.6385 3092929 66048
25.6386 3094377 66048
25.6387 3095825 66048
25.6388 3097273 66048
25.6389 3098721 66048
25.6391 3100169 66048
25.6392 3101617 66048
25.6393 3103065 66048
25.6394 3104513 66048
25.6395 3105961 66048
25.6398 3107409 66048
25.64 3108857 66048
25.6401 3110305 66048
25.6403 3111753 66048
25.6404 3113201 66048
25.6405 3114649 66048
25.6406 3116097 66048
25.6407 3117545 66048
25.6409 3118993 66560
25.641 3120441 66560
25.6411 3121889 66560
25.6412 3123337 66560
25.6413 3124785 66560
25.6415 3126233 66560
25.6417 3127681 66560
25.6419 3129129 66560
25.6421 3130577 66560
25.6422 3132025 66560
25.6423 3133473 66560
25.6424 3134921 66560
25.6427 3136369 66560
25.7049 3137817 66560
25.7052 3139265 66560
25.7054 3140713 66560
25.7055 3142161 66560
25.7059 3143609 66560
25.7061 3145057 66560
25.7064 3146505 66560
25.7065 3147953 66560
25.7066 3149401 66560
25.7067 3150849 66560
25.7068 3152297 66560
25.707 3153745 66560
25.7071 3155193 66560
25.7073 3156641 66560
25.7076 3158089 66560
25.7077 3159537 66560
25.7078 3160985 66560
25.7079 3162433 66560
25.708 3163881 66560
25.7082 3165329 66560
25.7083 3166777 67072
25.7084 3168225 67072
25.7085 3169673 67072
25.7086 3171121 67072
25.7088 3172569 67072
25.709 3174017 67072
25.7092 3175465 67072
25.7094 3176913 67072
25.7095 3178361 67072
25.7096 3179809 67072
25.7097 3181257 67072
25.7098 3182705 67072
25.71 3184153 67072
25.7101 3185601 67072
25.7102 3187049 67072
25.7103 3188497 67072
25.7104 3189945 67072
25.7106 3191393 67072
25.7107 3192841 67072
25.7109 3194289 67072
25.7112 3195737 67072
25.7113 3197185 67072
25.7114 3198633 67072
25.7115 3200081 67072
25.7116 3201529 67072
25.7119 3202977 67072
25.7742 3204425 67072
25.7745 3205873 67072
25.7747 3207321 67072
25.7748 3208769 67072
25.7752 3210217 67072
25.7754 3211665 67072
25.7757 3213113 67072
25.7758 3214561 67072
25.7759 3216009 67584
25.776 3217457 67584
25.7762 3218905 67584
25.7763 3220353 67584
25.7764 3221801 67584
25.7766 3223249 67584
25.7769 3224697 67584
25.777 3226145 67584
25.7771 3227593 67584
25.7772 3229041 67584
25.7774 3230489 67584
25.7775 3231937 67584
25.7776 3233385 67584
25.7777 3234833 67584
25.7779 3236281 67584
25.778 3237729 67584
25.7781 3239177 67584
25.7783 3240625 67584
25.7786 3242073 67584
25.7787 3243521 67584
25.7788 3244969 67584
25.7789 3246417 67584
25.7791 3247865 67584
25.7792 3249313 67584
25.7793 3250761 67584
25.7794 3252209 67584
25.7795 3253657 67584
25.7797 3255105 67584
25.7798 3256553 67584
25.7799 3258001 67584
25.78 3259449 67584
25.7803 3260897 67584
25.7805 3262345 67584
25.7806 3263793 67584
25.7807 3265241 67584
25.7809 3266689 68096
25.781 3268137 68096
25.7811 3269585 68096
25.7813 3271033 68096
25.8438 3272481 68096
25.8441 3273929 68096
25.8442 3275377 68096
25.8444 3276825 68096
25.8447 3278273 68096
25.8449 3279721 68096
25.8451 3281169 68096
25.8453 3282617 68096
25.8454 3284065 68096
25.8455 3285513 68096
25.8456 3286961 68096
25.8457 3288409 68096
25.846 3289857 68096
25.8462 3291305 68096
25.8463 3292753 68096
25.8465 3294201 68096
25.8466 3295649 68096
25.8467 3297097 68096
25.8468 3298545 68096
25.8469 3299993 68096
25.8471 3301441 68096
25.8472 3302889 68096
25.8473 3304337 68096
25.8474 3305785 68096
25.8477 3307233 68096
25.8479 3308681 68096
25.848 3310129 68096
25.8481 3311577 68096
25.8483 3313025 68096
25.8484 3314473 68096
25.8485 3315921 68608
25.8486 3317369 68608
25.8487 3318817 68608
25.8489 3320265 68608
25.849 3321713 68608
25.8491 3323161 68608
25.8492 3324609 68608
25.8493 3326057 68608
25.8496 3327505 68608
25.8498 3328953 68608
25.8499 3330401 68608
25.8501 3331849 68608
25.8502 3333297 68608
25.8503 3334745 68608
25.8504 3336193 68608
25.8505 3337641 68608
25.9132 3339089 68608
25.9134 3340537 68608
25.9135 3341985 68608
25.9138 3343433 68608
25.914 3344881 68608
25.9142 3346329 68608
25.9145 3347777 68608
25.9146 3349225 68608
25.9147 3350673 68608
25.9148 3352121 68608
25.915 3353569 68608
25.9151 3355017 68608
25.9153 3356465 68608
25.9156 3357913 68608
25.9157 3359361 68608
25.9158 3360809 68608
25.9159 3362257 68608
25.916 3363705 68608
25.9162 3365153 69120
25.9163 3366601 69120
25.9164 3368049 69120
25.9165 3369497 69120
25.9166 3370945 69120
25.9168 3372393 69120
25.917 3373841 69120
25.9172 3375289 69120
25.9174 3376737 69120
25.9175 3378185 69120
25.9176 3379633 69120
25.9177 3381081 69120
25.9178 3382529 69120
25.918 3383977 69120
25.9181 3385425 69120
25.9182 3386873 69120
25.9183 3388321 69120
25.9184 3389769 69120
25.9186 3391217 69120
25.9187 3392665 69120
25.9189 3394113 69120
25.9192 3395561 69120
25.9193 3397009 69120
25.9194 3398457 69120
25.9195 3399905 69120
25.9196 3401353 69120
25.9198 3402801 69120
25.9199 3404249 69120
25.9201 3405697 69120
25.9827 3407145 69120
25.983 3408593 69120
25.9832 3410041 69120
25.9833 3411489 69120
25.9836 3412937 69120
25.9839 3414385 69120
25.9842 3415833 69632
25.9843 3417281 69632
25.9844 3418729 69632
25.9845 3420177 69632
25.9846 3421625 69632
25.9848 3423073 69632
25.9849 3424521 69632
25.9851 3425969 69632
25.9854 3427417 69632
25.9855 3428865 69632
25.9856 3430313 69632
25.9857 3431761 69632
25.9858 3433209 69632
25.986 3434657 69632
25.9861 3436105 69632
25.9862 3437553 69632
25.9863 3439001 69632
25.9864 3440449 69632
25.9866 3441897 69632
25.9868 3443345 69632
25.987 3444793 69632
25.9872 3446241 69632
25.9873 3447689 69632
25.9874 3449137 69632
25.9875 3450585 69632
25.9876 3452033 69632
25.9878 3453481 69632
25.9879 3454929 69632
25.988 3456377 69632
25.9881 3457825 69632
25.9883 3459273 69632
25.9884 3460721 69632
25.9885 3462169 69632
25.9887 3463617 69632
25.989 3465065 70144
25.9891 3466513 70144
25.9892 3467961 70144
25.9893 3469409 70144
25.9895 3470857 70144
25.9896 3472305 70144
25.9898 3473753 70144
25.9901 3475201 70144
26.0528 3476649 70144
26.053 3478097 70144
26.0533 3479545 70144
26.0534 3480993 70144
26.0537 3482441 70144
26.054 3483889 70144
26.0542 3485337 70144
26.0543 3486785 70144
26.0545 3488233 70144
26.0546 3489681 70144
26.0547 3491129 70144
26.0548 3492577 70144
26.0549 3494025 70144
26.0552 3495473 70144
26.0554 3496921 70144
26.0555 3498369 70144
26.0557 3499817 70144
26.0558 3501265 70144
26.0559 3502713 70144
26.056 3504161 70144
26.0561 3505609 70144
26.0563 3507057 70144
26.0564 3508505 70144
26.0565 3509953 70144
26.0566 3511401 70144
26.0569 3512849 70144
26.0571 3514297 70144
26.0572 3515745 70144
26.0573 3517193 70656
26.0575 3518641 70656
26.0576 3520089 70656
26.0577 3521537 70656
26.0578 3522985 70656
26.0579 3524433 70656
26.0581 3525881 70656
26.0582 3527329 70656
26.0583 3528777 70656
26.0584 3530225 70656
26.0585 3531673 70656
26.0588 3533121 70656
26.059 3534569 70656
26.0591 3536017 70656
26.0593 3537465 70656
26.0594 3538913 70656
26.0595 3540361 70656
26.0596 3541809 70656
26.0599 3543257 70656
26.0601 3544705 70656
26.1229 3546153 70656
26.1232 3547601 70656
26.1233 3549049 70656
26.1234 3550497 70656
26.1237 3551945 70656
26.1239 3553393 70656
26.1242 3554841 70656
26.1244 3556289 70656
26.1245 3557737 70656
26.1246 3559185 70656
26.1248 3560633 70656
26.1249 3562081 70656
26.125 3563529 70656
26.1252 3564977 70656
26.1255 3566425 70656
26.1256 3567873 70656
26.1257 3569321 70656
26.1258 3570769 71168
26.126 3572217 71168
26.1261 3573665 71168
26.1262 3575113 71168
26.1263 3576561 71168
26.1264 3578009 71168
26.1266 3579457 71168
26.1267 3580905 71168
26.1269 3582353 71168
26.1272 3583801 71168
26.1273 3585249 71168
26.1274 3586697 71168
26.1275 3588145 71168
26.1276 3589593 71168
26.1278 3591041 71168
26.1279 3592489 71168
26.128 3593937 71168
26.1281 3595385 71168
26.1282 3596833 71168
26.1284 3598281 71168
26.1285 3599729 71168
26.1286 3601177 71168
26.1288 3602625 71168
26.1291 3604073 71168
26.1292 3605521 71168
26.1293 3606969 71168
26.1294 3608417 71168
26.1296 3609865 71168
26.1297 3611313 71168
26.1298 3612761 71168
26.13 3614209 71168
26.1304 3615657 71168
26.1932 3617105 71168
26.1934 3618553 71168
26.1935 3620001 71680
26.1937 3621449 71680
26.194 3622897 71680
26.1942 3624345 71680
26.1944 3625793 71680
26.1946 3627241 71680
26.1947 3628689 71680
26.1948 3630137 71680
26.1949 3631585 71680
26.195 3633033 71680
26.1953 3634481 71680
26.1955 3635929 71680
26.1956 3637377 71680
26.1958 3638825 71680
26.1959 3640273 71680
26.196 3641721 71680
26.1961 3643169 71680
26.1962 3644617 71680
26.1964 3646065 71680
26.1965 3647513 71680
26.1966 3648961 71680
26.1967 3650409 71680
26.197 3651857 71680
26.1972 3653305 71680
26.1973 3654753 71680
26.1974 3656201 71680
26.1976 3657649 71680
26.1977 3659097 71680
26.1978 3660545 71680
26.1979 3661993 71680
26.198 3663441 71680
26.1982 3664889 71680
26.1983 3666337 71680
26.1984 3667785 71680
26.1985 3669233 71680
26.1987 3670681 71680
26.1989 3672129 72192
26.1991 3673577 72192
26.1993 3675025 72192
26.1994 3676473 72192
26.1995 3677921 72192
26.1996 3679369 72192
26.1997 3680817 72192
26.1999 3682265 72192
26.2001 3683713 72192
26.2003 3685161 72192
26.2633 3686609 72192
26.2635 3688057 72192
26.2637 3689505 72192
26.2638 3690953 72192
26.264 3692401 72192
26.2644 3693849 72192
26.2646 3695297 72192
26.2647 3696745 72192
26.2649 3698193 72192
26.265 3699641 72192
26.2651 3701089 72192
26.2652 3702537 72192
26.2653 3703985 72192
26.2655 3705433 72192
26.2657 3706881 72192
26.2659 3708329 72192
26.2661 3709777 72192
26.2662 3711225 72192
26.2663 3712673 72192
26.2664 3714121 72192
26.2665 3715569 72192
26.2667 3717017 72192
26.2668 3718465 72192
26.2669 3719913 72192
26.267 3721361 72192
26.2671 3722809 72192
26.2674 3724257 72192
26.2676 3725705 72704
26.2677 3727153 72704
26.2679 3728601 72704
26.268 3730049 72704
26.2681 3731497 72704
26.2682 3732945 72704
26.2683 3734393 72704
26.2685 3735841 72704
26.2686 3737289 72704
26.2687 3738737 72704
26.2688 3740185 72704
26.2689 3741633 72704
26.2691 3743081 72704
26.2693 3744529 72704
26.2695 3745977 72704
26.2697 3747425 72704
26.2698 3748873 72704
26.2699 3750321 72704
26.27 3751769 72704
26.2701 3753217 72704
26.2704 3754665 72704
26.2706 3756113 72704
26.3337 3757561 72704
26.334 3759009 72704
26.3342 3760457 72704
26.3343 3761905 72704
26.3344 3763353 72704
26.3347 3764801 72704
26.3352 3766249 72704
26.3353 3767697 72704
26.3354 3769145 72704
26.3355 3770593 72704
26.3356 3772041 72704
26.3358 3773489 72704
26.3359 3774937 72704
26.336 3776385 72704
26.3361 3777833 73216
26.3364 3779281 73216
26.3366 3780729 73216
26.3367 3782177 73216
26.3368 3783625 73216
26.337 3785073 73216
26.3371 3786521 73216
26.3372 3787969 73216
26.3373 3789417 73216
26.3374 3790865 73216
26.3376 3792313 73216
26.3377 3793761 73216
26.3378 3795209 73216
26.338 3796657 73216
26.3383 3798105 73216
26.3384 3799553 73216
26.3385 3801001 73216
26.3386 3802449 73216
26.3388 3803897 73216
26.3389 3805345 73216
26.339 3806793 73216
26.3391 3808241 73216
26.3392 3809689 73216
26.3394 3811137 73216
26.3395 3812585 73216
26.3396 3814033 73216
26.3397 3815481 73216
26.34 3816929 73216
26.3402 3818377 73216
26.3403 3819825 73216
26.3404 3821273 73216
26.3406 3822721 73216
26.3407 3824169 73216
26.3409 3825617 73216
26.3412 3827065 73216
26.3413 3828513 73216
26.4045 3829961 73216
26.4047 3831409 73216
26.4048 3832857 73728
26.405 3834305 73728
26.4052 3835753 73728
26.4054 3837201 73728
26.4058 3838649 73728
26.4059 3840097 73728
26.406 3841545 73728
26.4062 3842993 73728
26.4063 3844441 73728
26.4064 3845889 73728
26.4065 3847337 73728
26.4066 3848785 73728
26.4069 3850233 73728
26.4071 3851681 73728
26.4072 3853129 73728
26.4074 3854577 73728
26.4075 3856025 73728
26.4076 3857473 73728
26.4077 3858921 73728
26.4078 3860369 73728
26.408 3861817 73728
26.4081 3863265 73728
26.4082 3864713 73728
26.4083 3866161 73728
26.4085 3867609 73728
26.4087 3869057 73728
26.4089 3870505 73728
26.4091 3871953 73728
26.4092 3873401 73728
26.4093 3874849 73728
26.4094 3876297 73728
26.4095 3877745 73728
26.4097 3879193 73728
26.4098 3880641 73728
26.4099 3882089 73728
26.41 3883537 73728
26.4101 3884985 73728
26.4103 3886433 74240
26.4104 3887881 74240
26.4106 3889329 74240
26.4109 3890777 74240
26.411 3892225 74240
26.4111 3893673 74240
26.4112 3895121 74240
26.4113 3896569 74240
26.4115 3898017 74240
26.4117 3899465 74240
26.4119 3900913 74240
26.4122 3902361 74240
26.4756 3903809 74240
26.4757 3905257 74240
26.4759 3906705 74240
26.4761 3908153 74240
26.4763 3909601 74240
26.4765 3911049 74240
26.4768 3912497 74240
26.4769 3913945 74240
26.4771 3915393 74240
26.4772 3916841 74240
26.4773 3918289 74240
26.4774 3919737 74240
26.4775 3921185 74240
26.4778 3922633 74240
26.478 3924081 74240
26.4781 3925529 74240
26.4783 3926977 74240
26.4784 3928425 74240
26.4785 3929873 74240
26.4786 3931321 74240
26.4787 3932769 74240
26.4789 3934217 74240
26.479 3935665 74240
26.4791 3937113 74240
26.4792 3938561 74752
26.4793 3940009 74752
26.4796 3941457 74752
26.4798 3942905 74752
26.4799 3944353 74752
26.4801 3945801 74752
26.4802 3947249 74752
26.4803 3948697 74752
26.4804 3950145 74752
26.4805 3951593 74752
26.4807 3953041 74752
26.4808 3954489 74752
26.4809 3955937 74752
26.481 3957385 74752
26.4811 3958833 74752
26.4813 3960281 74752
26.4815 3961729 74752
26.4817 3963177 74752
26.4819 3964625 74752
26.482 3966073 74752
26.4821 3967521 74752
26.4822 3968969 74752
26.4823 3970417 74752
26.4825 3971865 74752
26.4827 3973313 74752
26.4831 3974761 74752
26.5464 3976209 74752
26.5466 3977657 74752
26.5468 3979105 74752
26.5469 3980553 74752
26.5471 3982001 74752
26.5474 3983449 74752
26.5477 3984897 74752
26.5478 3986345 74752
26.548 3987793 74752
26.5481 3989241 74752
26.5482 3990689 74752
26.5483 3992137 74752
26.5484 3993585 75264
26.5486 3995033 75264
26.5488 3996481 75264
26.549 3997929 75264
26.5492 3999377 75264
26.5493 4000825 75264
26.5494 4002273 75264
26.5495 4003721 75264
26.5496 4005169 75264
26.5498 4006617 75264
26.5499 4008065 75264
26.55 4009513 75264
26.5501 4010961 75264
26.5502 4012409 75264
26.5504 4013857 75264
26.5505 4015305 75264
26.5507 4016753 75264
26.551 4018201 75264
26.5511 4019649 75264
26.5512 4021097 75264
26.5513 4022545 75264
26.5514 4023993 75264
26.5516 4025441 75264
26.5517 4026889 75264
26.5518 4028337 75264
26.5519 4029785 75264
26.552 4031233 75264
26.5522 4032681 75264
26.5523 4034129 75264
26.5524 4035577 75264
26.5526 4037025 75264
26.5529 4038473 75264
26.553 4039921 75264
26.5531 4041369 75264
26.5532 4042817 75264
26.5534 4044265 75264
26.5535 4045713 75264
26.5537 4047161 75264
26.554 4048609 75264
26.6173 4050057 75776
26.6175 4051505 75776
26.6178 4052953 75776
26.6179 4054401 75776
26.618 4055849 75776
26.6182 4057297 75776
26.6187 4058745 75776
26.6189 4060193 75776
26.619 4061641 75776
26.6191 4063089 75776
26.6192 4064537 75776
26.6193 4065985 75776
26.6195 4067433 75776
26.6196 4068881 75776
26.6197 4070329 75776
26.6199 4071777 75776
26.6202 4073225 75776
26.6203 4074673 75776
26.6204 4076121 75776
26.6205 4077569 75776
26.6207 4079017 75776
26.6208 4080465 75776
26.6209 4081913 75776
26.621 4083361 75776
26.6211 4084809 75776
26.6213 4086257 75776
26.6214 4087705 75776
26.6215 4089153 75776
26.6216 4090601 75776
26.6219 4092049 75776
26.6221 4093497 75776
26.6222 4094945 75776
26.6223 4096393 75776
26.6225 4097841 75776
26.6226 4099289 75776
26.6227 4100737 75776
26.6228 4102185 75776
26.6229 4103633 75776
26.6231 4105081 76288
26.6232 4106529 76288
26.6233 4107977 76288
26.6234 4109425 76288
26.6235 4110873 76288
26.6238 4112321 76288
26.624 4113769 76288
26.6241 4115217 76288
26.6243 4116665 76288
26.6244 4118113 76288
26.6245 4119561 76288
26.6247 4121009 76288
26.625 4122457 76288
26.6251 4123905 76288
26.6887 4125353 76288
26.6889 4126801 76288
26.6891 4128249 76288
26.6893 4129697 76288
26.6894 4131145 76288
26.6896 4132593 76288
26.6901 4134041 76288
26.6902 4135489 76288
26.6903 4136937 76288
26.6905 4138385 76288
26.6906 4139833 76288
26.6907 4141281 76288
26.6908 4142729 76288
26.6909 4144177 76288
26.6911 4145625 76288
26.6913 4147073 76288
26.6915 4148521 76288
26.6917 4149969 76288
26.6918 4151417 76288
26.6919 4152865 76288
26.692 4154313 76288
26.6921 4155761 76288
26.6923 4157209 76288
26.6924 4158657 76288
26.6925 4160105 76288
26.6926 4161553 76800
26.6927 4163001 76800
26.6929 4164449 76800
26.693 4165897 76800
26.6931 4167345 76800
26.6933 4168793 76800
26.6936 4170241 76800
26.6937 4171689 76800
26.6938 4173137 76800
26.694 4174585 76800
26.6941 4176033 76800
26.6942 4177481 76800
26.6943 4178929 76800
26.6944 4180377 76800
26.6946 4181825 76800
26.6947 4183273 76800
26.6948 4184721 76800
26.6949 4186169 76800
26.695 4187617 76800
26.6953 4189065 76800
26.6955 4190513 76800
26.6956 4191961 76800
26.6958 4193409 76800
26.6959 4194857 76800
26.6961 4196305 76800
26.6964 4197753 76800
26.6965 4199201 76800
26.6966 4200649 76800
26.7603 4202097 76800
26.7605 4203545 76800
26.7606 4204993 76800
26.7608 4206441 76800
26.761 4207889 76800
26.7612 4209337 76800
26.7616 4210785 76800
26.7617 4212233 76800
26.7618 4213681 76800
26.762 4215129 76800
26.7621 4216577 77312
26.7622 4218025 77312
26.7623 4219473 77312
26.7624 4220921 77312
26.7627 4222369 77312
26.7629 4223817 77312
26.763 4225265 77312
26.7632 4226713 77312
26.7633 4228161 77312
26.7634 4229609 77312
26.7635 4231057 77312
26.7636 4232505 77312
26.7638 4233953 77312
26.7639 4235401 77312
26.764 4236849 77312
26.7641 4238297 77312
26.7642 4239745 77312
26.7644 4241193 77312
26.7645 4242641 77312
26.7647 4244089 77312
26.765 4245537 77312
26.7651 4246985 77312
26.7652 4248433 77312
26.7653 4249881 77312
26.7654 4251329 77312
26.7656 4252777 77312
26.7657 4254225 77312
26.7658 4255673 77312
26.7659 4257121 77312
26.766 4258569 77312
26.7662 4260017 77312
26.7663 4261465 77312
26.7664 4262913 77312
26.7666 4264361 77312
26.7669 4265809 77312
26.767 4267257 77312
26.7671 4268705 77312
26.7672 4270153 77312
26.7674 4271601 77824
26.7676 4273049 77824
26.7678 4274497 77824
26.768 4275945 77824
26.8319 4277393 77824
26.8321 4278841 77824
26.8323 4280289 77824
26.8324 4281737 77824
26.8326 4283185 77824
26.8329 4284633 77824
26.8331 4286081 77824
26.8333 4287529 77824
26.8335 4288977 77824
26.8336 4290425 77824
26.8337 4291873 77824
26.8338 4293321 77824
26.8339 4294769 77824
26.8341 4296217 77824
26.8343 4297665 77824
26.8345 4299113 77824
26.8347 4300561 77824
26.8348 4302009 77824
26.8349 4303457 77824
26.835 4304905 77824
26.8351 4306353 77824
26.8353 4307801 77824
26.8354 4309249 77824
26.8355 4310697 77824
26.8356 4312145 77824
26.8357 4313593 77824
26.8359 4315041 77824
26.836 4316489 77824
26.8361 4317937 77824
26.8363 4319385 77824
26.8366 4320833 77824
26.8367 4322281 77824
26.8368 4323729 77824
26.8369 4325177 77824
26.8371 4326625 77824
26.8372 4328073 77824
26.8373 4329521 77824
26.8374 4330969 78336
26.8375 4332417 78336
26.8377 4333865 78336
26.8378 4335313 78336
26.8379 4336761 78336
26.838 4338209 78336
26.8381 4339657 78336
26.8384 4341105 78336
26.8386 4342553 78336
26.8387 4344001 78336
26.8389 4345449 78336
26.839 4346897 78336
26.8391 4348345 78336
26.8392 4349793 78336
26.8395 4351241 78336
26.8397 4352689 78336
26.9035 4354137 78336
26.9037 4355585 78336
26.904 4357033 78336
26.9041 4358481 78336
26.9042 4359929 78336
26.9045 4361377 78336
26.9048 4362825 78336
26.9051 4364273 78336
26.9052 4365721 78336
26.9053 4367169 78336
26.9054 4368617 78336
26.9056 4370065 78336
26.9057 4371513 78336
26.9058 4372961 78336
26.9059 4374409 78336
26.9062 4375857 78336
26.9064 4377305 78336
26.9065 4378753 78336
26.9066 4380201 78336
26.9068 4381649 78336
26.9069 4383097 78336
26.907 4384545 78336
26.9071 4385993 78848
26.9072 4387441 78848
26.9074 4388889 78848
26.9075 4390337 78848
26.9076 4391785 78848
26.9077 4393233 78848
26.9078 4394681 78848
26.908 4396129 78848
26.9082 4397577 78848
26.9084 4399025 78848
26.9086 4400473 78848
26.9087 4401921 78848
26.9088 4403369 78848
26.9089 4404817 78848
26.909 4406265 78848
26.9092 4407713 78848
26.9093 4409161 78848
26.9094 4410609 78848
26.9095 4412057 78848
26.9096 4413505 78848
26.9098 4414953 78848
26.9099 4416401 78848
26.91 4417849 78848
26.9102 4419297 78848
26.9105 4420745 78848
26.9106 4422193 78848
26.9107 4423641 78848
26.9108 4425089 78848
26.911 4426537 78848
26.9112 4427985 78848
26.9114 4429433 78848
26.9116 4430881 78848
26.9756 4432329 78848
26.9758 4433777 78848
26.9761 4435225 78848
26.9762 4436673 78848
26.9763 4438121 78848
26.9766 4439569 78848
26.977 4441017 78848
26.9772 4442465 78848
26.9773 4443913 79360
26.9774 4445361 79360
26.9775 4446809 79360
26.9776 4448257 79360
26.9778 4449705 79360
26.9779 4451153 79360
26.978 4452601 79360
26.9782 4454049 79360
26.9785 4455497 79360
26.9786 4456945 79360
26.9787 4458393 79360
26.9788 4459841 79360
26.979 4461289 79360
26.9791 4462737 79360
26.9792 4464185 79360
26.9793 4465633 79360
26.9795 4467081 79360
26.9796 4468529 79360
26.9797 4469977 79360
26.9798 4471425 79360
26.9799 4472873 79360
26.9801 4474321 79360
26.9803 4475769 79360
26.9805 4477217 79360
26.9807 4478665 79360
26.9808 4480113 79360
26.9809 4481561 79360
26.981 4483009 79360
26.9811 4484457 79360
26.9813 4485905 79360
26.9814 4487353 79360
26.9815 4488801 79360
26.9816 4490249 79360
26.9817 4491697 79360
26.9819 4493145 79360
26.982 4494593 79360
26.9821 4496041 79360
26.9822 4497489 79360
26.9825 4498937 79360
26.9827 4500385 79360
26.9828 4501833 79360
26.9829 4503281 79872
26.9831 4504729 79872
26.9833 4506177 79872
26.9835 4507625 79872
26.9837 4509073 79872
26.9838 4510521 79872
27.0479 4511969 79872
27.0482 4513417 79872
27.0483 4514865 79872
27.0484 4516313 79872
27.0487 4517761 79872
27.0489 4519209 79872
27.0493 4520657 79872
27.0494 4522105 79872
27.0495 4523553 79872
27.0496 4525001 79872
27.0497 4526449 79872
27.0499 4527897 79872
27.05 4529345 79872
27.0501 4530793 79872
27.0503 4532241 79872
27.0506 4533689 79872
27.0507 4535137 79872
27.0508 4536585 79872
27.0509 4538033 79872
27.0511 4539481 79872
27.0512 4540929 79872
27.0513 4542377 79872
27.0514 4543825 79872
27.0515 4545273 79872
27.0517 4546721 79872
27.0518 4548169 79872
27.0519 4549617 79872
27.052 4551065 79872
27.0521 4552513 79872
27.0524 4553961 79872
27.0526 4555409 79872
27.0527 4556857 79872
27.0529 4558305 80384
27.053 4559753 80384
27.0531 4561201 80384
27.0532 4562649 80384
27.0533 4564097 80384
27.0535 4565545 80384
27.0536 4566993 80384
27.0537 4568441 80384
27.0538 4569889 80384
27.0539 4571337 80384
27.0541 4572785 80384
27.0542 4574233 80384
27.0543 4575681 80384
27.0546 4577129 80384
27.0548 4578577 80384
27.0549 4580025 80384
27.055 4581473 80384
27.0552 4582921 80384
27.0553 4584369 80384
27.0555 4585817 80384
27.0558 4587265 80384
27.0559 4588713 80384
27.1202 4590161 80384
27.1204 4591609 80384
27.1205 4593057 80384
27.1206 4594505 80384
27.1209 4595953 80384
27.1211 4597401 80384
27.1214 4598849 80384
27.1216 4600297 80384
27.1217 4601745 80384
27.1218 4603193 80384
27.122 4604641 80384
27.1221 4606089 80384
27.1222 4607537 80384
27.1223 4608985 80384
27.1226 4610433 80384
27.1228 4611881 80384
27.1229 4613329 80384
27.123 4614777 80384
27.1232 4616225 80384
27.1233 4617673 80384
27.1234 4619121 80896
27.1235 4620569 80896
27.1236 4622017 80896
27.1238 4623465 80896
27.1239 4624913 80896
27.124 4626361 80896
27.1241 4627809 80896
27.1242 4629257 80896
27.1244 4630705 80896
27.1246 4632153 80896
27.1248 4633601 80896
27.125 4635049 80896
27.1251 4636497 80896
27.1252 4637945 80896
27.1253 4639393 80896
27.1254 4640841 80896
27.1256 4642289 80896
27.1257 4643737 80896
27.1258 4645185 80896
27.1259 4646633 80896
27.126 4648081 80896
27.1262 4649529 80896
27.1263 4650977 80896
27.1264 4652425 80896
27.1265 4653873 80896
27.1268 4655321 80896
27.127 4656769 80896
27.1271 4658217 80896
27.1272 4659665 80896
27.1274 4661113 80896
27.1275 4662561 80896
27.1276 4664009 80896
27.1277 4665457 80896
27.128 4666905 80896
27.1282 4668353 80896
27.1926 4669801 80896
27.1929 4671249 80896
27.1931 4672697 80896
27.1932 4674145 80896
27.1933 4675593 80896
27.1936 4677041 80896
27.1938 4678489 81408
27.1941 4679937 81408
27.1943 4681385 81408
27.1944 4682833 81408
27.1945 4684281 81408
27.1947 4685729 81408
27.1948 4687177 81408
27.1949 4688625 81408
27.195 4690073 81408
27.1953 4691521 81408
27.1955 4692969 81408
27.1956 4694417 81408
27.1957 4695865 81408
27.1959 4697313 81408
27.196 4698761 81408
27.1961 4700209 81408
27.1962 4701657 81408
27.1963 4703105 81408
27.1965 4704553 81408
27.1966 4706001 81408
27.1967 4707449 81408
27.1968 4708897 81408
27.1969 4710345 81408
27.1971 4711793 81408
27.1973 4713241 81408
27.1975 4714689 81408
27.1977 4716137 81408
27.1978 4717585 81408
27.1979 4719033 81408
27.198 4720481 81408
27.1981 4721929 81408
27.1983 4723377 81408
27.1984 4724825 81408
27.1985 4726273 81408
27.1986 4727721 81408
27.1987 4729169 81408
27.1989 4730617 81408
27.199 4732065 81408
27.1991 4733513 81408
27.1992 4734961 81408
27.1995 4736409 81408
27.1997 4737857 81408
27.1998 4739305 81920
27.1999 4740753 81920
27.2001 4742201 81920
27.2002 4743649 81920
27.2003 4745097 81920
27.2004 4746545 81920
27.2007 4747993 81920
27.2009 4749441 81920
27.2653 4750889 81920
27.2656 4752337 81920
27.2658 4753785 81920
27.2659 4755233 81920
27.266 4756681 81920
27.2663 4758129 81920
27.2666 4759577 81920
27.2669 4761025 81920
27.267 4762473 81920
27.2671 4763921 81920
27.2672 4765369 81920
27.2674 4766817 81920
27.2675 4768265 81920
27.2676 4769713 81920
27.2677 4771161 81920
27.268 4772609 81920
27.2682 4774057 81920
27.2683 4775505 81920
27.2684 4776953 81920
27.2686 4778401 81920
27.2687 4779849 81920
27.2688 4781297 81920
27.2689 4782745 81920
27.269 4784193 81920
27.2692 4785641 81920
27.2693 4787089 81920
27.2694 4788537 81920
27.2695 4789985 81920
27.2696 4791433 81920
27.2698 4792881 81920
27.27 4794329 81920
27.2702 4795777 81920
27.2704 4797225 82432
27.2705 4798673 82432
27.2706 4800121 82432
27.2707 4801569 82432
27.2708 4803017 82432
27.271 4804465 82432
27.2711 4805913 82432
27.2712 4807361 82432
27.2713 4808809 82432
27.2714 4810257 82432
27.2716 4811705 82432
27.2717 4813153 82432
27.2718 4814601 82432
27.2719 4816049 82432
27.272 4817497 82432
27.2723 4818945 82432
27.2725 4820393 82432
27.2726 4821841 82432
27.2728 4823289 82432
27.2729 4824737 82432
27.273 4826185 82432
27.2731 4827633 82432
27.2734 4829081 82432
27.2736 4830529 82432
27.2737 4831977 82432
27.3382 4833425 82432
27.3385 4834873 82432
27.3386 4836321 82432
27.3387 4837769 82432
27.339 4839217 82432
27.3392 4840665 82432
27.3396 4842113 82432
27.3397 4843561 82432
27.3398 4845009 82432
27.3399 4846457 82432
27.3401 4847905 82432
27.3402 4849353 82432
27.3403 4850801 82432
27.3404 4852249 82432
27.3407 4853697 82432
27.3409 4855145 82432
27.341 4856593 82944
27.3411 4858041 82944
27.3413 4859489 82944
27.3414 4860937 82944
27.3415 4862385 82944
27.3416 4863833 82944
27.3417 4865281 82944
27.3419 4866729 82944
27.342 4868177 82944
27.3421 4869625 82944
27.3422 4871073 82944
27.3423 4872521 82944
27.3425 4873969 82944
27.3427 4875417 82944
27.3429 4876865 82944
27.3431 4878313 82944
27.3432 4879761 82944
27.3433 4881209 82944
27.3434 4882657 82944
27.3435 4884105 82944
27.3437 4885553 82944
27.3438 4887001 82944
27.3439 4888449 82944
27.344 4889897 82944
27.3441 4891345 82944
27.3443 4892793 82944
27.3444 4894241 82944
27.3445 4895689 82944
27.3446 4897137 82944
27.3447 4898585 82944
27.345 4900033 82944
27.3452 4901481 82944
27.3453 4902929 82944
27.3455 4904377 82944
27.3456 4905825 82944
27.3457 4907273 82944
27.3458 4908721 82944
27.3461 4910169 82944
27.3463 4911617 82944
27.3464 4913065 82944
27.4112 4914513 82944
27.4114 4915961 82944
27.4115 4917409 83456
27.4117 4918857 83456
27.4119 4920305 83456
27.4121 4921753 83456
27.4124 4923201 83456
27.4126 4924649 83456
27.4127 4926097 83456
27.4129 4927545 83456
27.413 4928993 83456
27.4131 4930441 83456
27.4132 4931889 83456
27.4133 4933337 83456
27.4136 4934785 83456
27.4138 4936233 83456
27.4139 4937681 83456
27.4141 4939129 83456
27.4142 4940577 83456
27.4143 4942025 83456
27.4144 4943473 83456
27.4145 4944921 83456
27.4147 4946369 83456
27.4148 4947817 83456
27.4149 4949265 83456
27.415 4950713 83456
27.4152 4952161 83456
27.4153 4953609 83456
27.4154 4955057 83456
27.4156 4956505 83456
27.4159 4957953 83456
27.416 4959401 83456
27.4161 4960849 83456
27.4162 4962297 83456
27.4164 4963745 83456
27.4165 4965193 83456
27.4166 4966641 83456
27.4167 4968089 83456
27.4168 4969537 83456
27.417 4970985 83456
27.4171 4972433 83456
27.4172 4973881 83456
27.4173 4975329 83456
27.4174 4976777 83456
27.4176 4978225 83968
27.4177 4979673 83968
27.4179 4981121 83968
27.4182 4982569 83968
27.4183 4984017 83968
27.4184 4985465 83968
27.4185 4986913 83968
27.4186 4988361 83968
27.4188 4989809 83968
27.4189 4991257 83968
27.419 4992705 83968
27.4192 4994153 83968
27.4195 4995601 83968
27.4844 4997049 83968
27.4847 4999945 83968
27.4848 5001393 83968
27.485 5002841 83968
27.4852 5004289 83968
27.4854 5005737 83968
27.4857 5007185 83968
27.4859 5008633 83968
27.486 5010081 83968
27.4862 5011529 83968
27.4863 5012977 83968
27.4864 5014425 83968
27.4865 5015873 83968
27.4866 5017321 83968
27.4869 5018769 83968
27.4871 5020217 83968
27.4872 5021665 83968
27.4874 5023113 83968
27.4875 5024561 83968
27.4876 5026009 83968
27.4877 5027457 83968
27.4878 5028905 83968
27.488 5030353 83968
27.4881 5031801 83968
27.4882 5033249 83968
27.4883 5034697 83968
27.4884 5036145 83968
27.4886 5037593 83968
27.4887 5039041 83968
27.4889 5040489 84480
27.4892 5041937 84480
27.4893 5043385 84480
27.4894 5044833 84480
27.4895 5046281 84480
27.4896 5047729 84480
27.4898 5049177 84480
27.4899 5050625 84480
27.49 5052073 84480
27.4901 5053521 84480
27.4903 5054969 84480
27.4904 5056417 84480
27.4905 5057865 84480
27.4906 5059313 84480
27.4907 5060761 84480
27.4909 5062209 84480
27.491 5063657 84480
27.4912 5065105 84480
27.4915 5066553 84480
27.4916 5068001 84480
27.4917 5069449 84480
27.4918 5070897 84480
27.4919 5072345 84480
27.4921 5073793 84480
27.4922 5075241 84480
27.4923 5076689 84480
27.4925 5078137 84480
27.4928 5079585 84480
27.5578 5081033 84480
27.5579 5082481 84480
27.558 5083929 84480
27.5581 4998497 82432
27.5587 5085377 78336
27.5589 5086825 76800
27.559 5088273 75264
27.5591 5089721 73728
27.5595 5091169 72192
27.5596 5092617 70656
27.5597 5094065 68608
27.5598 5095513 67072
27.5599 5096961 65536
27.5601 5098409 64000
27.5602 5099857 61952
27.5605 5101305 60416
27.5607 5102753 58880
27.5608 5104201 56832
27.5609 5105649 55296
27.561 5107097 53760
27.5611 5108545 52224
27.5613 5109993 50688
27.5614 5111441 49152
27.5617 5112889 47616
27.5619 5114337 45056
27.562 5115785 43520
27.6239 5124473 40448
27.6242 5125921 40448
27.6243 5127369 40448
27.6245 5128817 40448
27.6246 5130265 40448
27.6247 5131713 40448
27.6248 5133161 40448
27.6249 5134609 40448
27.6251 5136057 40448
27.6252 5137505 40448
27.6253 5138953 40448
27.6254 5140401 40448
27.6256 5141849 40448
27.6257 5143297 40448
27.6258 5144745 40448
27.6259 5146193 40960
27.626 5147641 40960
27.6262 5149089 40960
27.6263 5150537 40960
27.6264 5151985 40960
27.6265 5153433 40960
27.6266 5154881 40960
27.6269 5156329 40960
27.6271 5157777 40960
27.6272 5159225 40960
27.6845 5160673 40960
27.6847 5162121 40960
27.6848 5163569 40960
27.685 5165017 40960
27.6853 5166465 40960
27.6854 5167913 40960
27.6855 5169361 40960
27.6856 5170809 40960
27.6858 5172257 40960
27.6859 5173705 40960
27.686 5175153 41472
27.6861 5176601 41472
27.6862 5178049 41472
27.6864 5179497 41472
27.6865 5180945 41472
27.6866 5182393 41472
27.6867 5183841 41472
27.6868 5185289 41472
27.687 5186737 41472
27.6871 5188185 41472
27.6872 5189633 41472
27.6873 5191081 41472
27.6874 5192529 41472
27.6876 5193977 41472
27.6878 5195425 41472
27.688 5196873 41472
27.6882 5198321 41472
27.6884 5199769 41472
27.746 5201217 41472
27.7461 5202665 41472
27.7462 5204113 41984
27.7464 5205561 41984
27.7467 5207009 41984
27.7468 5208457 41984
27.7469 5209905 41984
27.747 5211353 41984
27.7472 5212801 41984
27.7473 5214249 41984
27.7474 5215697 41984
27.7475 5217145 41984
27.7476 5218593 41984
27.7478 5220041 41984
27.7479 5221489 41984
27.748 5222937 41984
27.7481 5224385 41984
27.7482 5225833 41984
27.7484 5227281 41984
27.7485 5228729 41984
27.7486 5230177 41984
27.7487 5231625 41984
27.7488 5233073 41984
27.749 5234521 41984
27.7491 5235969 41984
27.7493 5237417 42496
27.7496 5238865 42496
27.7497 5240313 42496
27.7499 5241761 42496
27.8075 5243209 42496
27.8076 5244657 42496
27.8077 5246105 42496
27.808 5247553 42496
27.8082 5249001 42496
27.8083 5250449 42496
27.8084 5251897 42496
27.8086 5253345 42496
27.8087 5254793 42496
27.8088 5256241 42496
27.8089 5257689 42496
27.809 5259137 42496
27.8092 5260585 42496
27.8093 5262033 42496
27.8094 5263481 42496
27.8095 5264929 42496
27.8096 5266377 43008
27.8098 5267825 43008
27.8099 5269273 43008
27.81 5270721 43008
27.8101 5272169 43008
27.8102 5273617 43008
27.8104 5275065 43008
27.8105 5276513 43008
27.8106 5277961 43008
27.8108 5279409 43008
27.8111 5280857 43008
27.8112 5282305 43008
27.8689 5283753 43008
27.869 5285201 43008
27.8691 5286649 43008
27.8694 5288097 43008
27.8696 5289545 43008
27.8697 5290993 43008
27.8698 5292441 43008
27.87 5293889 43008
27.8701 5295337 43008
27.8702 5296785 43008
27.8703 5298233 43008
27.8704 5299681 43520
27.8706 5301129 43520
27.8707 5302577 43520
27.8708 5304025 43520
27.8709 5305473 43520
27.871 5306921 43520
27.8712 5308369 43520
27.8713 5309817 43520
27.8714 5311265 43520
27.8715 5312713 43520
27.8716 5314161 43520
27.8718 5315609 43520
27.8719 5317057 43520
27.872 5318505 43520
27.8722 5319953 43520
27.8725 5321401 43520
27.8726 5322849 43520
27.8727 5324297 43520
27.9306 5325745 43520
27.9308 5327193 43520
27.9309 5328641 43520
27.9311 5330089 43520
27.9314 5331537 44032
27.9315 5332985 44032
27.9316 5334433 44032
27.9317 5335881 44032
27.9318 5337329 44032
27.932 5338777 44032
27.9321 5340225 44032
27.9322 5341673 44032
27.9323 5343121 44032
27.9324 5344569 44032
27.9326 5346017 44032
27.9327 5347465 44032
27.9328 5348913 44032
27.9329 5350361 44032
27.933 5351809 44032
27.9332 5353257 44032
27.9333 5354705 44032
27.9334 5356153 44032
27.9335 5357601 44032
27.9336 5359049 44032
27.9338 5360497 44544
27.934 5361945 44544
27.9342 5363393 44544
27.9344 5364841 44544
27.9345 5366289 44544
27.9347 5367737 44544
27.9928 5369185 44544
27.9929 5370633 44544
27.993 5372081 44544
27.9932 5373529 44544
27.9935 5374977 44544
27.9936 5376425 44544
27.9937 5377873 44544
27.9938 5379321 44544
27.994 5380769 44544
27.9941 5382217 44544
27.9942 5383665 44544
27.9943 5385113 44544
27.9944 5386561 44544
27.9946 5388009 44544
27.9947 5389457 44544
27.9948 5390905 44544
27.9949 5392353 44544
27.995 5393801 45056
27.9952 5395249 45056
27.9953 5396697 45056
27.9954 5398145 45056
27.9955 5399593 45056
27.9956 5401041 45056
27.9958 5402489 45056
27.9959 5403937 45056
27.996 5405385 45056
27.9962 5406833 45056
27.9965 5408281 45056
27.9966 5409729 45056
27.9967 5411177 45056
27.997 5412625 45056
28.0549 5414073 45056
28.055 5415521 45056
28.0551 5416969 45056
28.0554 5418417 45056
28.0556 5419865 45056
28.0557 5421313 45056
28.0558 5422761 45056
28.056 5424209 45056
28.0561 5425657 45056
28.0562 5427105 45056
28.0563 5428553 45568
28.0564 5430001 45568
28.0566 5431449 45568
28.0567 5432897 45568
28.0568 5434345 45568
28.0569 5435793 45568
28.057 5437241 45568
28.0572 5438689 45568
28.0573 5440137 45568
28.0574 5441585 45568
28.0575 5443033 45568
28.0576 5444481 45568
28.0578 5445929 45568
28.0579 5447377 45568
28.058 5448825 45568
28.0581 5450273 45568
28.0584 5451721 45568
28.0586 5453169 45568
28.0587 5454617 45568
28.0588 5456065 45568
28.1169 5457513 45568
28.1171 5458961 45568
28.1172 5460409 46080
28.1174 5461857 46080
28.1176 5463305 46080
28.1178 5464753 46080
28.118 5466201 46080
28.1181 5467649 46080
28.1182 5469097 46080
28.1183 5470545 46080
28.1184 5471993 46080
28.1186 5473441 46080
28.1187 5474889 46080
28.1188 5476337 46080
28.1189 5477785 46080
28.119 5479233 46080
28.1192 5480681 46080
28.1193 5482129 46080
28.1194 5483577 46080
28.1195 5485025 46080
28.1196 5486473 46080
28.1198 5487921 46080
28.1199 5489369 46080
28.12 5490817 46080
28.1201 5492265 46080
28.1202 5493713 46592
28.1204 5495161 46592
28.1205 5496609 46592
28.1207 5498057 46592
28.121 5499505 46592
28.1211 5500953 46592
28.1791 5502401 46592
28.1794 5503849 46592
28.1795 5505297 46592
28.1796 5506745 46592
28.1798 5508193 46592
28.1801 5509641 46592
28.1802 5511089 46592
28.1803 5512537 46592
28.1804 5513985 46592
28.1806 5515433 46592
28.1807 5516881 46592
28.1808 5518329 46592
28.1809 5519777 46592
28.1811 5521225 46592
28.1812 5522673 46592
28.1813 5524121 46592
28.1814 5525569 46592
28.1815 5527017 46592
28.1817 5528465 47104
28.1818 5529913 47104
28.1819 5531361 47104
28.182 5532809 47104
28.1821 5534257 47104
28.1823 5535705 47104
28.1824 5537153 47104
28.1825 5538601 47104
28.1826 5540049 47104
28.1827 5541497 47104
28.183 5542945 47104
28.1832 5544393 47104
28.1833 5545841 47104
28.1836 5547289 47104
28.2419 5548737 47104
28.242 5550185 47104
28.2421 5551633 47104
28.2423 5553081 47104
28.2426 5554529 47104
28.2427 5555977 47104
28.2428 5557425 47104
28.2429 5558873 47104
28.2431 5560321 47104
28.2432 5561769 47104
28.2433 5563217 47616
28.2434 5564665 47616
28.2435 5566113 47616
28.2437 5567561 47616
28.2438 5569009 47616
28.2439 5570457 47616
28.244 5571905 47616
28.2441 5573353 47616
28.2443 5574801 47616
28.2444 5576249 47616
28.2445 5577697 47616
28.2446 5579145 47616
28.2447 5580593 47616
28.2449 5582041 47616
28.245 5583489 47616
28.2451 5584937 47616
28.2452 5586385 47616
28.2455 5587833 47616
28.2457 5589281 47616
28.2458 5590729 47616
28.2459 5592177 47616
28.2462 5593625 47616
28.2464 5595073 47616
28.3048 5596521 47616
28.3049 5597969 47616
28.3051 5599417 48128
28.3053 5600865 48128
28.3055 5602313 48128
28.3057 5603761 48128
28.3058 5605209 48128
28.3059 5606657 48128
28.306 5608105 48128
28.3061 5609553 48128
28.3063 5611001 48128
28.3064 5612449 48128
28.3065 5613897 48128
28.3066 5615345 48128
28.3067 5616793 48128
28.3069 5618241 48128
28.307 5619689 48128
28.3071 5621137 48128
28.3072 5622585 48128
28.3073 5624033 48128
28.3075 5625481 48128
28.3076 5626929 48128
28.3077 5628377 48128
28.3078 5629825 48128
28.3079 5631273 48640
28.3081 5632721 48640
28.3082 5634169 48640
28.3084 5635617 48640
28.3087 5637065 48640
28.3088 5638513 48640
28.3089 5639961 48640
28.3091 5641409 48640
28.3675 5642857 48640
28.3678 5644305 48640
28.3679 5645753 48640
28.368 5647201 48640
28.3683 5648649 48640
28.3685 5650097 48640
28.3686 5651545 48640
28.3687 5652993 48640
28.3689 5654441 48640
28.369 5655889 48640
28.3691 5657337 48640
28.3692 5658785 48640
28.3693 5660233 48640
28.3695 5661681 48640
28.3696 5663129 48640
28.3697 5664577 48640
28.3698 5666025 48640
28.3699 5667473 48640
28.3701 5668921 49152
28.3702 5670369 49152
28.3703 5671817 49152
28.3704 5673265 49152
28.3705 5674713 49152
28.3707 5676161 49152
28.3708 5677609 49152
28.3709 5679057 49152
28.371 5680505 49152
28.3711 5681953 49152
28.3713 5683401 49152
28.3715 5684849 49152
28.3717 5686297 49152
28.3719 5687745 49152
28.372 5689193 49152
28.4305 5690641 49152
28.4307 5692089 49152
28.4309 5693537 49152
28.431 5694985 49152
28.4312 5696433 49152
28.4315 5697881 49152
28.4316 5699329 49152
28.4317 5700777 49152
28.4318 5702225 49152
28.4319 5703673 49152
28.4321 5705121 49664
28.4322 5706569 49664
28.4323 5708017 49664
28.4324 5709465 49664
28.4325 5710913 49664
28.4327 5712361 49664
28.4328 5713809 49664
28.4329 5715257 49664
28.433 5716705 49664
28.4331 5718153 49664
28.4333 5719601 49664
28.4334 5721049 49664
28.4335 5722497 49664
28.4336 5723945 49664
28.4337 5725393 49664
28.4339 5726841 49664
28.434 5728289 49664
28.4341 5729737 49664
28.4342 5731185 49664
28.4345 5732633 49664
28.4347 5734081 49664
28.4348 5735529 49664
28.4349 5736977 49664
28.4352 5738425 49664
28.4938 5739873 50176
28.4939 5741321 50176
28.4941 5742769 50176
28.4943 5744217 50176
28.4945 5745665 50176
28.4947 5747113 50176
28.4948 5748561 50176
28.4949 5750009 50176
28.495 5751457 50176
28.4951 5752905 50176
28.4953 5754353 50176
28.4954 5755801 50176
28.4955 5757249 50176
28.4956 5758697 50176
28.4957 5760145 50176
28.4959 5761593 50176
28.496 5763041 50176
28.4961 5764489 50176
28.4962 5765937 50176
28.4964 5767385 50176
28.4965 5768833 50176
28.4966 5770281 50176
28.4967 5771729 50176
28.4968 5773177 50176
28.497 5774625 50176
28.4971 5776073 50176
28.4972 5777521 50176
28.4973 5778969 50688
28.4976 5780417 50688
28.4978 5781865 50688
28.4979 5783313 50688
28.498 5784761 50688
28.4982 5786209 50688
28.4984 5787657 50688
28.4986 5789105 50688
28.5574 5790553 50688
28.5575 5792001 50688
28.5578 5793449 50688
28.558 5794897 50688
28.5581 5796345 50688
28.5582 5797793 50688
28.5584 5799241 50688
28.5585 5800689 50688
28.5586 5802137 50688
28.5587 5803585 50688
28.5588 5805033 50688
28.559 5806481 50688
28.5591 5807929 50688
28.5592 5809377 50688
28.5593 5810825 50688
28.5594 5812273 50688
28.5596 5813721 51200
28.5597 5815169 51200
28.5598 5816617 51200
28.5599 5818065 51200
28.56 5819513 51200
28.5602 5820961 51200
28.5603 5822409 51200
28.5604 5823857 51200
28.5605 5825305 51200
28.5606 5826753 51200
28.5608 5828201 51200
28.561 5829649 51200
28.5612 5831097 51200
28.5614 5832545 51200
28.5615 5833993 51200
28.5616 5835441 51200
28.5618 5836889 51200
28.5621 5838337 51200
28.6207 5839785 51200
28.621 5841233 51200
28.6211 5842681 51200
28.6213 5844129 51200
28.6216 5845577 51200
28.6217 5847025 51200
28.6218 5848473 51200
28.6219 5849921 51200
28.622 5851369 51712
28.6222 5852817 51712
28.6223 5854265 51712
28.6224 5855713 51712
28.6225 5857161 51712
28.6226 5858609 51712
28.6228 5860057 51712
28.6229 5861505 51712
28.623 5862953 51712
28.6231 5864401 51712
28.6232 5865849 51712
28.6234 5867297 51712
28.6235 5868745 51712
28.6236 5870193 51712
28.6237 5871641 51712
28.6238 5873089 51712
28.624 5874537 51712
28.6241 5875985 51712
28.6242 5877433 51712
28.6243 5878881 51712
28.6246 5880329 51712
28.6248 5881777 51712
28.6249 5883225 51712
28.625 5884673 51712
28.6252 5886121 51712
28.6253 5887569 51712
28.6255 5889017 51712
28.6844 5890465 52224
28.6846 5891913 52224
28.6849 5893361 52224
28.685 5894809 52224
28.6852 5896257 52224
28.6855 5897705 52224
28.6856 5899153 52224
28.6857 5900601 52224
28.6858 5902049 52224
28.686 5903497 52224
28.6861 5904945 52224
28.6862 5906393 52224
28.6863 5907841 52224
28.6864 5909289 52224
28.6866 5910737 52224
28.6867 5912185 52224
28.6868 5913633 52224
28.6869 5915081 52224
28.687 5916529 52224
28.6872 5917977 52224
28.6873 5919425 52224
28.6874 5920873 52224
28.6875 5922321 52224
28.6876 5923769 52224
28.6878 5925217 52224
28.6879 5926665 52224
28.688 5928113 52736
28.6881 5929561 52736
28.6882 5931009 52736
28.6885 5932457 52736
28.6887 5933905 52736
28.6888 5935353 52736
28.689 5936801 52736
28.6891 5938249 52736
28.6892 5939697 52736
28.6894 5941145 52736
28.7484 5942593 52736
28.7487 5944041 52736
28.7488 5945489 52736
28.749 5946937 52736
28.7493 5948385 52736
28.7494 5949833 52736
28.7495 5951281 52736
28.7496 5952729 52736
28.7498 5954177 52736
28.7499 5955625 52736
28.75 5957073 52736
28.7501 5958521 52736
28.7502 5959969 52736
28.7504 5961417 52736
28.7505 5962865 52736
28.7506 5964313 52736
28.7507 5965761 53248
28.7508 5967209 53248
28.751 5968657 53248
28.7511 5970105 53248
28.7512 5971553 53248
28.7513 5973001 53248
28.7514 5974449 53248
28.7516 5975897 53248
28.7517 5977345 53248
28.7518 5978793 53248
28.7519 5980241 53248
28.7521 5981689 53248
28.7523 5983137 53248
28.7525 5984585 53248
28.7527 5986033 53248
28.7528 5987481 53248
28.7529 5988929 53248
28.753 5990377 53248
28.7533 5991825 53248
28.7535 5993273 53248
28.7536 5994721 53248
28.8129 5996169 53248
28.813 5997617 53248
28.8132 5999065 53248
28.8135 6000513 53248
28.8136 6001961 53248
28.8137 6003409 53248
28.8138 6004857 53760
28.8139 6006305 53760
28.8141 6007753 53760
28.8142 6009201 53760
28.8143 6010649 53760
28.8144 6012097 53760
28.8145 6013545 53760
28.8147 6014993 53760
28.8148 6016441 53760
28.8149 6017889 53760
28.815 6019337 53760
28.8151 6020785 53760
28.8153 6022233 53760
28.8154 6023681 53760
28.8155 6025129 53760
28.8156 6026577 53760
28.8157 6028025 53760
28.8159 6029473 53760
28.816 6030921 53760
28.8161 6032369 53760
28.8162 6033817 53760
28.8165 6035265 53760
28.8167 6036713 53760
28.8168 6038161 53760
28.8169 6039609 53760
28.8171 6041057 53760
28.8172 6042505 54272
28.8174 6043953 54272
28.8177 6045401 54272
28.8178 6046849 54272
28.8769 6048297 54272
28.8771 6049745 54272
28.8773 6051193 54272
28.8775 6052641 54272
28.8777 6054089 54272
28.8779 6055537 54272
28.878 6056985 54272
28.8781 6058433 54272
28.8782 6059881 54272
28.8783 6061329 54272
28.8785 6062777 54272
28.8786 6064225 54272
28.8787 6065673 54272
28.8788 6067121 54272
28.8789 6068569 54272
28.8791 6070017 54272
28.8792 6071465 54272
28.8793 6072913 54272
28.8794 6074361 54272
28.8795 6075809 54272
28.8797 6077257 54272
28.8798 6078705 54272
28.8799 6080153 54272
28.88 6081601 54272
28.8801 6083049 54784
28.8803 6084497 54784
28.8804 6085945 54784
28.8805 6087393 54784
28.8807 6088841 54784
28.881 6090289 54784
28.8811 6091737 54784
28.8812 6093185 54784
28.8813 6094633 54784
28.8815 6096081 54784
28.8817 6097529 54784
28.8819 6098977 54784
28.9411 6100425 54784
28.9413 6101873 54784
28.9415 6103321 54784
28.9417 6104769 54784
28.9418 6106217 54784
28.942 6107665 54784
28.9423 6109113 54784
28.9424 6110561 54784
28.9425 6112009 54784
28.9426 6113457 54784
28.9427 6114905 54784
28.9429 6116353 54784
28.943 6117801 54784
28.9431 6119249 54784
28.9432 6120697 54784
28.9433 6122145 55296
28.9435 6123593 55296
28.9436 6125041 55296
28.9437 6126489 55296
28.9438 6127937 55296
28.9439 6129385 55296
28.9441 6130833 55296
28.9442 6132281 55296
28.9443 6133729 55296
28.9444 6135177 55296
28.9445 6136625 55296
28.9447 6138073 55296
28.9448 6139521 55296
28.9449 6140969 55296
28.945 6142417 55296
28.9453 6143865 55296
28.9455 6145313 55296
28.9456 6146761 55296
28.9457 6148209 55296
28.9459 6149657 55296
28.946 6151105 55296
28.9462 6152553 55296
29.0056 6154001 55296
29.0058 6155449 55296
29.0061 6156897 55296
29.0063 6158345 55296
29.0064 6159793 55296
29.0065 6161241 55296
29.0068 6162689 55808
29.007 6164137 55808
29.0072 6165585 55808
29.0073 6167033 55808
29.0074 6168481 55808
29.0075 6169929 55808
29.0076 6171377 55808
29.0078 6172825 55808
29.0079 6174273 55808
29.008 6175721 55808
29.0081 6177169 55808
29.0082 6178617 55808
29.0084 6180065 55808
29.0085 6181513 55808
29.0086 6182961 55808
29.0087 6184409 55808
29.0088 6185857 55808
29.009 6187305 55808
29.0091 6188753 55808
29.0092 6190201 55808
29.0093 6191649 55808
29.0094 6193097 55808
29.0096 6194545 55808
29.0097 6195993 55808
29.0098 6197441 55808
29.01 6198889 55808
29.0103 6200337 55808
29.0104 6201785 55808
29.0105 6203233 56320
29.0106 6204681 56320
29.0108 6206129 56320
29.011 6207577 56320
29.0705 6209025 56320
29.0707 6210473 56320
29.071 6211921 56320
29.0711 6213369 56320
29.0712 6214817 56320
29.0714 6216265 56320
29.0717 6217713 56320
29.0718 6219161 56320
29.0719 6220609 56320
29.072 6222057 56320
29.0722 6223505 56320
29.0723 6224953 56320
29.0724 6226401 56320
29.0725 6227849 56320
29.0726 6229297 56320
29.0728 6230745 56320
29.0729 6232193 56320
29.073 6233641 56320
29.0731 6235089 56320
29.0732 6236537 56320
29.0734 6237985 56320
29.0735 6239433 56320
29.0736 6240881 56320
29.0737 6242329 56320
29.0738 6243777 56320
29.074 6245225 56832
29.0741 6246673 56832
29.0742 6248121 56832
29.0743 6249569 56832
29.0744 6251017 56832
29.0746 6252465 56832
29.0748 6253913 56832
29.075 6255361 56832
29.0752 6256809 56832
29.0753 6258257 56832
29.0754 6259705 56832
29.0755 6261153 56832
29.0758 6262601 56832
29.076 6264049 56832
29.1355 6265497 56832
29.1357 6266945 56832
29.1358 6268393 56832
29.136 6269841 56832
29.1362 6271289 56832
29.1364 6272737 56832
29.1366 6274185 56832
29.1367 6275633 56832
29.1368 6277081 56832
29.1369 6278529 56832
29.137 6279977 56832
29.1372 6281425 56832
29.1373 6282873 56832
29.1374 6284321 56832
29.1375 6285769 57344
29.1376 6287217 57344
29.1378 6288665 57344
29.1379 6290113 57344
29.138 6291561 57344
29.1381 6293009 57344
29.1382 6294457 57344
29.1384 6295905 57344
29.1385 6297353 57344
29.1386 6298801 57344
29.1387 6300249 57344
29.1388 6301697 57344
29.139 6303145 57344
29.1391 6304593 57344
29.1392 6306041 57344
29.1393 6307489 57344
29.1396 6308937 57344
29.1398 6310385 57344
29.1399 6311833 57344
29.14 6313281 57344
29.1402 6314729 57344
29.1403 6316177 57344
29.1405 6317625 57344
29.1408 6319073 57344
29.2004 6320521 57344
29.2006 6321969 57344
29.2008 6323417 57344
29.201 6324865 57344
29.2011 6326313 57856
29.2013 6327761 57856
29.2016 6329209 57856
29.2017 6330657 57856
29.2018 6332105 57856
29.2019 6333553 57856
29.202 6335001 57856
29.2022 6336449 57856
29.2023 6337897 57856
29.2024 6339345 57856
29.2025 6340793 57856
29.2027 6342241 57856
29.2028 6343689 57856
29.2029 6345137 57856
29.203 6346585 57856
29.2031 6348033 57856
29.2033 6349481 57856
29.2034 6350929 57856
29.2035 6352377 57856
29.2036 6353825 57856
29.2037 6355273 57856
29.2039 6356721 57856
29.204 6358169 57856
29.2041 6359617 57856
29.2042 6361065 57856
29.2043 6362513 57856
29.2045 6363961 57856
29.2046 6365409 57856
29.2048 6366857 57856
29.2051 6368305 57856
29.2052 6369753 57856
29.2053 6371201 58368
29.2054 6372649 58368
29.2055 6374097 58368
29.2058 6375545 58368
29.2656 6376993 58368
29.2659 6378441 58368
29.2661 6379889 58368
29.2663 6381337 58368
29.2665 6382785 58368
29.2666 6384233 58368
29.2668 6385681 58368
29.2671 6387129 58368
29.2672 6388577 58368
29.2673 6390025 58368
29.2674 6391473 58368
29.2675 6392921 58368
29.2677 6394369 58368
29.2678 6395817 58368
29.2679 6397265 58368
29.268 6398713 58368
29.2681 6400161 58368
29.2683 6401609 58368
29.2684 6403057 58368
29.2685 6404505 58368
29.2686 6405953 58368
29.2687 6407401 58368
29.2689 6408849 58368
29.269 6410297 58368
29.2691 6411745 58880
29.2692 6413193 58880
29.2693 6414641 58880
29.2695 6416089 58880
29.2696 6417537 58880
29.2697 6418985 58880
29.2698 6420433 58880
29.2699 6421881 58880
29.2701 6423329 58880
29.2703 6424777 58880
29.2705 6426225 58880
29.2707 6427673 58880
29.2708 6429121 58880
29.2709 6430569 58880
29.271 6432017 58880
29.2713 6433465 58880
29.3312 6434913 58880
29.3315 6436361 58880
29.3317 6437809 58880
29.3318 6439257 58880
29.3319 6440705 58880
29.3322 6442153 58880
29.3324 6443601 58880
29.3325 6445049 58880
29.3327 6446497 58880
29.3328 6447945 58880
29.3329 6449393 58880
29.333 6450841 58880
29.3331 6452289 58880
29.3333 6453737 58880
29.3334 6455185 58880
29.3335 6456633 59392
29.3336 6458081 59392
29.3337 6459529 59392
29.3339 6460977 59392
29.334 6462425 59392
29.3341 6463873 59392
29.3342 6465321 59392
29.3343 6466769 59392
29.3345 6468217 59392
29.3346 6469665 59392
29.3347 6471113 59392
29.3348 6472561 59392
29.3349 6474009 59392
29.3351 6475457 59392
29.3352 6476905 59392
29.3353 6478353 59392
29.3354 6479801 59392
29.3357 6481249 59392
29.3359 6482697 59392
29.336 6484145 59392
29.3361 6485593 59392
29.3363 6487041 59392
29.3364 6488489 59392
29.3365 6489937 59392
29.3367 6491385 59392
29.337 6492833 59392
29.3968 6494281 59392
29.3971 6495729 59392
29.3972 6497177 59392
29.3973 6498625 59392
29.3976 6500073 59904
29.3978 6501521 59904
29.3979 6502969 59904
29.398 6504417 59904
29.3982 6505865 59904
29.3983 6507313 59904
29.3984 6508761 59904
29.3985 6510209 59904
29.3986 6511657 59904
29.3988 6513105 59904
29.3989 6514553 59904
29.399 6516001 59904
29.3991 6517449 59904
29.3992 6518897 59904
29.3994 6520345 59904
29.3995 6521793 59904
29.3996 6523241 59904
29.3997 6524689 59904
29.3998 6526137 59904
29.4 6527585 59904
29.4001 6529033 59904
29.4002 6530481 59904
29.4003 6531929 59904
29.4004 6533377 59904
29.4006 6534825 59904
29.4007 6536273 59904
29.4008 6537721 59904
29.401 6539169 59904
29.4013 6540617 59904
29.4014 6542065 59904
29.4015 6543513 60416
29.4016 6544961 60416
29.4018 6546409 60416
29.4019 6547857 60416
29.4021 6549305 60416
29.4024 6550753 60416
29.4624 6552201 60416
29.4627 6553649 60416
29.4628 6555097 60416
29.4629 6556545 60416
29.4632 6557993 60416
29.4634 6559441 60416
29.4635 6560889 60416
29.4636 6562337 60416
29.4638 6563785 60416
29.4639 6565233 60416
29.464 6566681 60416
29.4641 6568129 60416
29.4642 6569577 60416
29.4644 6571025 60416
29.4645 6572473 60416
29.4646 6573921 60416
29.4647 6575369 60416
29.4648 6576817 60416
29.465 6578265 60416
29.4651 6579713 60416
29.4652 6581161 60416
29.4653 6582609 60416
29.4654 6584057 60416
29.4656 6585505 60416
29.4657 6586953 60416
29.4658 6588401 60928
29.4659 6589849 60928
29.466 6591297 60928
29.4662 6592745 60928
29.4663 6594193 60928
29.4664 6595641 60928
29.4666 6597089 60928
29.4669 6598537 60928
29.467 6599985 60928
29.4671 6601433 60928
29.4672 6602881 60928
29.4674 6604329 60928
29.4675 6605777 60928
29.4676 6607225 60928
29.4678 6608673 60928
29.4681 6610121 60928
29.5283 6611569 60928
29.5285 6613017 60928
29.5288 6614465 60928
29.5289 6615913 60928
29.529 6617361 60928
29.5292 6618809 60928
29.5295 6620257 60928
29.5296 6621705 60928
29.5297 6623153 60928
29.5298 6624601 60928
29.53 6626049 60928
29.5301 6627497 60928
29.5302 6628945 60928
29.5303 6630393 60928
29.5304 6631841 61440
29.5306 6633289 61440
29.5307 6634737 61440
29.5308 6636185 61440
29.5309 6637633 61440
29.531 6639081 61440
29.5312 6640529 61440
29.5313 6641977 61440
29.5314 6643425 61440
29.5315 6644873 61440
29.5316 6646321 61440
29.5318 6647769 61440
29.5319 6649217 61440
29.532 6650665 61440
29.5321 6652113 61440
29.5322 6653561 61440
29.5324 6655009 61440
29.5325 6656457 61440
29.5327 6657905 61440
29.533 6659353 61440
29.5331 6660801 61440
29.5332 6662249 61440
29.5333 6663697 61440
29.5335 6665145 61440
29.5336 6666593 61440
29.5337 6668041 61440
29.5339 6669489 61440
29.5342 6670937 61440
29.5945 6672385 61440
29.5947 6673833 61440
29.595 6675281 61952
29.5951 6676729 61952
29.5952 6678177 61952
29.5955 6679625 61952
29.5957 6681073 61952
29.5958 6682521 61952
29.5959 6683969 61952
29.5961 6685417 61952
29.5962 6686865 61952
29.5963 6688313 61952
29.5964 6689761 61952
29.5965 6691209 61952
29.5967 6692657 61952
29.5968 6694105 61952
29.5969 6695553 61952
29.597 6697001 61952
29.5971 6698449 61952
29.5973 6699897 61952
29.5974 6701345 61952
29.5975 6702793 61952
29.5976 6704241 61952
29.5977 6705689 61952
29.5979 6707137 61952
29.598 6708585 61952
29.5981 6710033 61952
29.5982 6711481 61952
29.5983 6712929 61952
29.5985 6714377 61952
29.5986 6715825 61952
29.5987 6717273 61952
29.5988 6718721 61952
29.5991 6720169 61952
29.5993 6721617 61952
29.5994 6723065 62464
29.5995 6724513 62464
29.5997 6725961 62464
29.5998 6727409 62464
29.5999 6728857 62464
29.6 6730305 62464
29.6003 6731753 62464
29.6005 6733201 62464
29.6609 6734649 62464
29.6612 6736097 62464
29.6613 6737545 62464
29.6614 6738993 62464
29.6617 6740441 62464
29.6619 6741889 62464
29.662 6743337 62464
29.6621 6744785 62464
29.6623 6746233 62464
29.6624 6747681 62464
29.6625 6749129 62464
29.6626 6750577 62464
29.6627 6752025 62464
29.6629 6753473 62464
29.663 6754921 62464
29.6631 6756369 62464
29.6632 6757817 62464
29.6633 6759265 62464
29.6635 6760713 62464
29.6636 6762161 62464
29.6637 6763609 62464
29.6638 6765057 62464
29.6639 6766505 62976
29.6641 6767953 62976
29.6642 6769401 62976
29.6643 6770849 62976
29.6644 6772297 62976
29.6645 6773745 62976
29.6647 6775193 62976
29.6648 6776641 62976
29.6649 6778089 62976
29.665 6779537 62976
29.6653 6780985 62976
29.6655 6782433 62976
29.6656 6783881 62976
29.6657 6785329 62976
29.6659 6786777 62976
29.666 6788225 62976
29.6661 6789673 62976
29.6662 6791121 62976
29.6665 6792569 62976
29.6667 6794017 62976
29.7271 6795465 62976
29.7274 6796913 62976
29.7275 6798361 62976
29.7276 6799809 62976
29.7279 6801257 62976
29.7281 6802705 62976
29.7282 6804153 62976
29.7284 6805601 62976
29.7285 6807049 62976
29.7286 6808497 62976
29.7287 6809945 62976
29.7288 6811393 62976
29.729 6812841 63488
29.7291 6814289 63488
29.7292 6815737 63488
29.7293 6817185 63488
29.7294 6818633 63488
29.7296 6820081 63488
29.7297 6821529 63488
29.7298 6822977 63488
29.7299 6824425 63488
29.73 6825873 63488
29.7302 6827321 63488
29.7303 6828769 63488
29.7304 6830217 63488
29.7305 6831665 63488
29.7306 6833113 63488
29.7308 6834561 63488
29.7309 6836009 63488
29.731 6837457 63488
29.7311 6838905 63488
29.7312 6840353 63488
29.7315 6841801 63488
29.7317 6843249 63488
29.7318 6844697 63488
29.732 6846145 63488
29.7321 6847593 63488
29.7322 6849041 63488
29.7323 6850489 63488
29.7324 6851937 63488
29.7326 6853385 63488
29.7328 6854833 63488
29.733 6856281 63488
29.7936 6857729 63488
29.7938 6859177 63488
29.7941 6860625 64000
29.7942 6862073 64000
29.7943 6863521 64000
29.7946 6864969 64000
29.7948 6866417 64000
29.7949 6867865 64000
29.795 6869313 64000
29.7952 6870761 64000
29.7953 6872209 64000
29.7954 6873657 64000
29.7955 6875105 64000
29.7956 6876553 64000
29.7958 6878001 64000
29.7959 6879449 64000
29.796 6880897 64000
29.7961 6882345 64000
29.7962 6883793 64000
29.7964 6885241 64000
29.7965 6886689 64000
29.7966 6888137 64000
29.7967 6889585 64000
29.7968 6891033 64000
29.797 6892481 64000
29.7971 6893929 64000
29.7972 6895377 64000
29.7973 6896825 64000
29.7974 6898273 64000
29.7976 6899721 64000
29.7977 6901169 64000
29.7978 6902617 64000
29.7979 6904065 64000
29.7982 6905513 64000
29.7984 6906961 64512
29.7985 6908409 64512
29.7986 6909857 64512
29.7988 6911305 64512
29.7989 6912753 64512
29.799 6914201 64512
29.7991 6915649 64512
29.7992 6917097 64512
29.7995 6918545 64512
29.7997 6919993 64512
29.8605 6921441 64512
29.8608 6922889 64512
29.861 6924337 64512
29.8611 6925785 64512
29.8612 6927233 64512
29.8615 6928681 64512
29.8617 6930129 64512
29.8618 6931577 64512
29.862 6933025 64512
29.8621 6934473 64512
29.8622 6935921 64512
29.8623 6937369 64512
29.8624 6938817 64512
29.8626 6940265 64512
29.8627 6941713 64512
29.8628 6943161 64512
29.8629 6944609 64512
29.8631 6946057 64512
29.8632 6947505 64512
29.8633 6948953 64512
29.8634 6950401 64512
29.8635 6951849 64512
29.8637 6953297 65024
29.8638 6954745 65024
29.8639 6956193 65024
29.864 6957641 65024
29.8641 6959089 65024
29.8643 6960537 65024
29.8644 6961985 65024
29.8645 6963433 65024
29.8646 6964881 65024
29.8647 6966329 65024
29.8649 6967777 65024
29.865 6969225 65024
29.8652 6970673 65024
29.8655 6972121 65024
29.8656 6973569 65024
29.8657 6975017 65024
29.8658 6976465 65024
29.8659 6977913 65024
29.8661 6979361 65024
29.8662 6980809 65024
29.8663 6982257 65024
29.8665 6983705 65024
29.8668 6985153 65024
29.9277 6986601 65024
29.9279 6988049 65024
29.9281 6989497 65024
29.9282 6990945 65024
29.9284 6992393 65024
29.9287 6993841 65024
29.9288 6995289 65024
29.9289 6996737 65024
29.929 6998185 65024
29.9291 6999633 65024
29.9293 7001081 65536
29.9294 7002529 65536
29.9295 7003977 65536
29.9296 7005425 65536
29.9297 7006873 65536
29.9299 7008321 65536
29.93 7009769 65536
29.9301 7011217 65536
29.9302 7012665 65536
29.9303 7014113 65536
29.9305 7015561 65536
29.9306 7017009 65536
29.9307 7018457 65536
29.9308 7019905 65536
29.9309 7021353 65536
29.9311 7022801 65536
29.9312 7024249 65536
29.9313 7025697 65536
29.9314 7027145 65536
29.9315 7028593 65536
29.9317 7030041 65536
29.9318 7031489 65536
29.9319 7032937 65536
29.9321 7034385 65536
29.9324 7035833 65536
29.9325 7037281 65536
29.9326 7038729 65536
29.9327 7040177 65536
29.9329 7041625 65536
29.933 7043073 65536
29.9331 7044521 65536
29.9332 7045969 65536
29.9335 7047417 66048
29.9337 7048865 66048
29.9568 7050313 32768000
30.0182 7050315 32768000
30.2167 7050315 32768000
