0.0 65
20.1318 65.125
20.1323 65.3594
20.1983 73.8145
20.1987 72.9626
20.1991 72.2173
20.2653 71.5651
20.2657 70.9945
20.266 70.6202
20.2664 70.1677
20.3326 78.0217
20.333 76.644
20.3333 75.5635
20.3337 74.6181
20.3339 73.6658
20.3343 72.9576
20.4002 80.5879
20.4007 79.0144
20.4011 77.7626
20.4013 76.6673
20.4018 75.5839
20.402 74.7609
20.4023 74.0408
20.4025 73.4107
20.403 72.8593
20.4689 80.5019
20.4692 79.0642
20.4697 77.8062
20.4699 76.7054
20.4702 75.7422
20.4707 74.8994
20.4709 74.162
20.4711 73.6418
20.4714 73.0615
20.4716 72.5538
20.4721 72.2346
20.4723 71.9553
20.4727 71.7109
20.4732 71.497
20.5389 71.3099
20.5392 71.2712
20.5396 71.1123
20.5399 70.9732
20.5401 70.9766
20.5405 70.9795
20.5408 70.8571
20.5411 70.8749
20.5413 70.8906
20.5416 70.9042
20.5418 70.9162
20.5422 70.9267
20.5425 70.9358
20.5428 70.9439
20.543 70.9509
20.5435 70.957
20.5437 70.9624
20.5442 71.0921
20.5446 71.2056
20.545 71.4299
20.5455 71.5011
20.6106 71.5635
20.611 71.7431
20.6114 71.7752
20.6116 71.8033
20.6118 71.8279
20.6121 71.9744
20.6126 71.9776
20.6128 71.9804
20.613 72.1078
20.6133 72.2194
20.6135 72.3169
20.6138 72.2773
20.614 72.3677
20.6145 72.4467
20.6147 72.5159
20.615 72.5764
20.6152 72.7543
20.6156 72.785
20.6159 72.8119
20.6162 72.9604
20.6165 73.0904
20.6169 73.2041
20.6171 73.4286
20.6176 73.5
20.6179 73.5625
20.6183 73.7422
21.9333 96.6494
21.9912 91.8182
22.049 87.466
22.1069 90.9077
22.1074 86.9192
22.1653 83.4293
22.1656 80.3757
22.1661 77.7037
22.224 75.3657
22.2243 73.32
22.2248 71.53
22.2251 69.9638
22.2829 75.7183
22.2833 73.6285
22.2838 71.7999
22.284 70.2
22.2844 68.925
22.2847 67.6843
22.3424 73.8488
22.3428 72.1177
22.3431 70.603
22.3435 69.2776
22.3437 68.1179
22.3441 67.2282
22.3444 66.4496
22.3447 65.6434
22.345 65.063
22.4028 71.6801
22.4032 70.3451
22.4034 69.177
22.4037 68.1549
22.4042 67.2605
22.4044 66.4779
22.4046 65.7932
22.405 65.069
22.4054 64.5604
22.4056 64.1154
22.406 63.6009
22.464 63.2758
22.4644 62.9913
22.4646 62.7424
22.4648 62.5246
22.4653 62.334
22.4656 62.1673
22.4658 62.0214
22.4662 62.0187
22.4665 61.8914
22.4668 61.7799
22.4671 61.8075
22.525 61.8315
22.5254 61.7276
22.5256 61.6366
22.526 61.5571
22.5264 61.4874
22.5266 61.4265
22.5268 61.3732
22.5273 61.4515
22.5276 61.3951
22.5278 61.3457
22.5282 61.4275
22.5862 68.6241
22.5867 67.671
22.5869 66.8372
22.5873 66.2325
22.5876 65.7035
22.5879 65.1155
22.5881 64.7261
22.5886 64.3853
22.5888 63.9622
22.5891 63.7169
22.5894 63.5023
22.6474 70.4395
22.648 69.2596
22.6482 68.3521
22.6484 67.5581
22.6489 66.7383
22.6492 66.146
22.6494 65.6278
22.6496 65.0493
22.6501 64.6681
22.6504 64.3346
22.6506 63.9178
22.651 63.5531
22.709 63.2339
22.7096 63.0797
22.7098 62.8197
22.7101 62.7173
22.7106 62.6276
22.7108 62.4242
22.711 62.3711
22.7113 62.3247
22.7118 62.1592
22.712 62.1393
22.7122 62.1218
22.7126 62.1066
22.7709 62.0933
22.7712 62.0816
22.7715 62.0714
22.7718 61.9375
22.7722 61.9453
22.7724 61.9521
22.7727 61.8331
22.773 61.854
22.7734 61.8722
22.7736 61.8882
22.7739 61.7772
22.7742 61.805
22.8326 69.0794
22.8331 68.3195
22.8334 67.5295
22.8337 66.8383
22.8341 66.3586
22.8343 65.8137
22.8346 65.337
22.8349 64.9199
22.8353 64.5549
22.8355 64.2355
22.8358 63.9561
22.8361 63.8366
22.8946 70.857
22.8951 69.8749
22.8955 68.8905
22.8957 68.0292
22.8962 67.4006
22.8964 66.7255
22.8967 66.1348
22.8969 65.6179
22.8974 65.2907
22.8977 64.8794
22.8979 64.5194
22.8981 64.3295
22.8985 64.0383
22.9569 63.7835
22.9576 63.5606
22.9579 63.3655
22.9581 63.3198
22.9586 63.1548
22.9588 63.0105
22.9591 63.0092
22.9593 63.008
22.9598 62.882
22.96 62.8968
22.9603 62.9097
22.9605 62.796
22.9609 62.6965
23.0193 62.7344
23.0199 62.6426
23.0201 62.6873
23.0205 62.6014
23.0208 62.5262
23.0211 62.5854
23.0213 62.5122
23.0217 62.4482
23.022 62.5172
23.0223 62.4525
23.0225 62.396
23.0227 62.3465
23.0232 62.4282
23.0816 69.7496
23.0822 68.9059
23.0825 68.1677
23.0828 67.3967
23.0832 66.8471
23.0834 66.3662
23.0837 65.8205
23.084 65.4679
23.0844 65.1594
23.0846 64.7645
23.0849 64.4189
23.0851 64.2416
23.0856 64.0864
23.1442 71.2006
23.1447 70.1755
23.1451 69.2786
23.1454 68.4937
23.1458 67.807
23.146 67.2061
23.1463 66.6804
23.1466 66.2203
23.147 65.6928
23.1472 65.3562
23.1475 65.0617
23.1477 64.804
23.1482 64.5785
23.2069 71.6312
23.2074 70.5523
23.2078 69.6082
23.2081 68.7822
23.2085 68.0594
23.2089 67.427
23.2091 66.8736
23.2093 66.3894
23.2097 65.9657
23.2101 65.72
23.2103 65.38
23.2105 65.0825
23.2108 64.8222
23.2113 64.5944
23.27 64.5201
23.2705 64.3301
23.271 64.1638
23.2712 64.0184
23.2716 63.8911
23.2719 63.7797
23.2722 63.6822
23.2724 63.5969
23.2728 63.5223
23.2732 63.457
23.2734 63.3999
23.2736 63.3499
23.2739 63.3062
23.2744 63.2679
23.3331 63.2344
23.3336 63.2051
23.334 63.1795
23.3342 63.282
23.3346 63.2468
23.3349 63.2159
23.3352 63.3139
23.3354 63.2747
23.3358 63.2404
23.3361 63.3353
23.3364 63.2934
23.3366 63.2567
23.3368 63.2246
23.3373 63.3216
23.3963 70.6564
23.3968 69.6993
23.3972 68.9869
23.3974 68.3635
23.3978 67.6931
23.3981 67.2315
23.3984 66.8275
23.3986 66.3491
23.399 65.9304
23.3993 65.6891
23.3996 65.353
23.3998 65.0589
23.4 64.9265
23.4005 64.8107
23.4596 71.9594
23.4601 70.9644
23.4606 70.0939
23.4608 69.2071
23.4611 68.5563
23.4614 67.9867
23.4618 67.3634
23.462 66.943
23.4623 66.5751
23.4626 66.2532
23.463 65.9716
23.4632 65.7251
23.4635 65.5095
23.4637 65.1958
23.4642 65.0463
23.5236 64.9155
23.524 64.8011
23.5245 64.7009
23.5248 64.6133
23.525 64.5367
23.5254 64.4696
23.5257 64.4109
23.526 64.2345
23.5262 64.2052
23.5266 64.1796
23.5269 64.0321
23.5272 64.0281
23.5274 64.0246
23.5276 64.0215
23.5281 64.0188
23.5874 64.0165
23.5878 63.8894
23.5882 63.9032
23.5885 63.9153
23.5887 63.8009
23.5892 63.8258
23.5894 63.8476
23.5897 63.8666
23.5899 63.8833
23.5903 63.8979
23.5906 63.9106
23.5909 63.9218
23.5911 63.9316
23.5913 63.9401
23.5918 63.9476
23.6512 71.3292
23.6517 70.413
23.652 69.7364
23.6523 69.0193
23.6525 68.3919
23.653 67.8429
23.6532 67.3626
23.6535 66.9422
23.6537 66.5745
23.6541 66.3777
23.6544 66.0804
23.6547 65.8204
23.6549 65.5928
23.6551 65.3937
23.6556 65.2195
23.7151 72.5671
23.7157 71.4962
23.7161 70.6842
23.7163 69.8486
23.7165 69.1176
23.7169 68.4779
23.7173 68.0431
23.7175 67.5377
23.7177 67.0955
23.718 66.7086
23.7183 66.37
23.7187 66.0738
23.7189 65.8145
23.7192 65.7127
23.7194 65.4986
23.72 65.4363
23.7796 65.2568
23.7802 65.2247
23.7806 65.0716
23.7808 64.9376
23.7811 64.9454
23.7814 64.9523
23.7818 64.8332
23.782 64.8541
23.7823 64.8723
23.7825 64.8883
23.7829 64.7772
23.7832 64.8051
23.7835 64.8294
23.7837 64.7258
23.784 64.635
23.7846 64.5557
23.8443 64.6112
23.8448 64.5348
23.8451 64.593
23.8454 64.6438
23.8456 64.5634
23.8461 64.6179
23.8463 64.6657
23.8466 64.5825
23.8468 64.5097
23.847 64.571
23.8475 64.6246
23.8478 64.6715
23.848 64.5876
23.8482 64.6391
23.8485 64.6842
23.849 64.7237
23.9088 72.1332
23.9093 71.2416
23.9096 70.4614
23.9099 69.6537
23.9101 69.072
23.9106 68.563
23.9108 67.9926
23.9111 67.6185
23.9113 67.2912
23.9116 67.0048
23.912 66.7542
23.9123 66.5349
23.9125 66.3431
23.9128 66.1752
23.913 66.0283
23.9135 65.8998
23.9733 73.2873
23.9739 72.2514
23.9743 71.3449
23.9745 70.5518
23.9748 69.8579
23.9751 69.2506
23.9755 68.7193
23.9757 68.2544
23.976 67.7226
23.9762 67.3823
23.9766 67.0845
23.9769 66.6989
23.9772 66.4866
23.9774 66.3007
23.9776 66.1381
23.9779 65.8709
23.9785 65.762
24.0384 65.6668
24.0392 65.7084
24.0394 65.6199
24.0397 65.5424
24.0399 65.4746
24.0403 65.4153
24.0406 65.3634
24.0409 65.3179
24.0411 65.4032
24.0413 65.3528
24.0417 65.3087
24.0421 65.3951
24.0423 65.3457
24.0425 65.3025
24.0428 65.2647
24.043 65.3566
24.0437 65.312
24.1037 65.273
24.1043 65.2389
24.1045 65.209
24.1048 65.1829
24.105 65.285
24.1055 65.2494
24.1057 65.2182
24.106 65.191
24.1062 65.1671
24.1065 65.1462
24.1069 65.1279
24.1072 65.1119
24.1074 65.0979
24.1077 65.0857
24.1079 65.075
24.1083 65.1906
24.1087 65.1668
24.1691 72.7709
24.1695 71.9246
24.1699 71.059
24.1701 70.4266
24.1704 69.8733
24.1709 69.2641
24.1711 68.8561
24.1713 68.4991
24.1716 68.1867
24.1718 67.7884
24.1723 67.5648
24.1725 67.3692
24.1728 67.0731
24.173 66.9389
24.1733 66.8216
24.1736 66.7189
24.174 66.504
24.2343 73.941
24.2349 72.8234
24.2353 71.9705
24.2355 71.2242
24.2358 70.4461
24.2361 69.8904
24.2365 69.4041
24.2367 68.8536
24.237 68.3719
24.2372 68.0754
24.2376 67.816
24.2379 67.464
24.2382 67.281
24.2384 67.1208
24.2386 66.8557
24.2389 66.6238
24.2392 66.5458
24.2397 66.4776
24.2999 66.2929
24.3008 66.2563
24.301 66.0992
24.3012 66.0868
24.3015 66.076
24.3018 65.9415
24.3022 65.9488
24.3024 65.9552
24.3027 65.9608
24.3029 65.8407
24.3033 65.8606
24.3036 65.878
24.3039 65.7683
24.3041 65.7972
24.3044 65.8226
24.3046 65.8448
24.305 65.7392
24.3056 65.7718
24.3658 65.8003
24.3665 65.8253
24.3667 65.8471
24.367 65.7412
24.3672 65.7736
24.3677 65.8019
24.3679 65.7016
24.3682 65.7389
24.3684 65.7716
24.3686 65.8001
24.3691 65.8251
24.3694 65.847
24.3696 65.8661
24.3699 65.7578
24.3701 65.7881
24.3703 65.8146
24.3708 65.8378
24.3713 65.983
24.4316 73.4852
24.4323 72.6745
24.4326 71.8402
24.4328 71.1102
24.4331 70.5964
24.4335 70.0219
24.4338 69.5191
24.434 69.2042
24.4343 68.8037
24.4345 68.4532
24.435 68.1466
24.4352 67.8783
24.4355 67.6435
24.4357 67.438
24.4359 67.2583
24.4362 67.101
24.4367 66.9634
24.437 66.968
24.4977 74.347
24.4983 73.4286
24.4987 72.5
24.4989 71.6875
24.4991 71.1016
24.4996 70.4639
24.4999 69.9059
24.5001 69.5427
24.5003 69.0998
24.5006 68.7123
24.5011 68.4983
24.5013 68.311
24.5015 68.0221
24.5018 67.7694
24.502 67.6732
24.5023 67.589
24.5027 67.3904
24.503 67.2166
24.5637 74.5645
24.564 73.619
24.5648 72.6666
24.565 71.8333
24.5652 71.2291
24.5655 70.5755
24.566 70.0035
24.5662 69.6281
24.5664 69.1746
24.5667 68.7778
24.5669 68.4305
24.5674 68.1267
24.5676 67.8609
24.5679 67.6283
24.5681 67.5497
24.5684 67.356
24.5686 67.1865
24.5691 67.1632
24.5694 67.1428
24.6301 67.1249
24.6305 66.9843
24.6312 66.9863
24.6314 66.988
24.6317 66.8645
24.6319 66.7564
24.6324 66.7869
24.6326 66.6885
24.6329 66.6025
24.6331 66.6521
24.6334 66.6956
24.6338 66.6087
24.6341 66.6576
24.6343 66.7004
24.6346 66.6128
24.6348 66.5362
24.635 66.5942
24.6355 66.5199
24.636 66.5799
24.6967 66.5074
24.697 66.569
24.6976 66.4979
24.6979 66.4357
24.6981 66.5062
24.6985 66.5679
24.6988 66.6219
24.6991 66.6692
24.6993 66.7105
24.6996 66.7467
24.6998 66.6534
24.7003 66.6967
24.7005 66.7346
24.7008 66.6428
24.701 66.6874
24.7013 66.7265
24.7015 66.7607
24.702 66.6656
24.7025 66.7074
24.7634 74.244
24.7636 73.3385
24.7643 72.5462
24.7646 71.8529
24.7648 71.2463
24.7652 70.7155
24.7655 70.2511
24.7658 69.8447
24.766 69.4891
24.7663 69.178
24.7665 68.9057
24.767 68.6675
24.7672 68.4591
24.7675 68.2767
24.7677 68.1171
24.7679 67.8525
24.7682 67.7459
24.7687 67.6527
24.769 67.6961
24.8302 75.2341
24.8305 74.2048
24.8311 73.4292
24.8315 72.6256
24.8317 71.9224
24.832 71.3071
24.8323 70.7687
24.8327 70.2976
24.8329 69.8854
24.8332 69.5247
24.8334 69.2091
24.8337 68.933
24.8341 68.8164
24.8344 68.5893
24.8346 68.3907
24.8349 68.2168
24.8351 68.1897
24.8354 68.041
24.8358 67.9109
24.8362 67.797
24.8974 67.6974
24.8977 67.6102
24.8984 67.5339
24.8987 67.4672
24.8989 67.4088
24.8992 67.4827
24.8995 67.4224
24.8999 67.3696
24.9001 67.4484
24.9004 67.3923
24.9006 67.3433
24.9008 67.3004
24.9013 67.2628
24.9016 67.23
24.9018 67.2012
24.902 67.3011
24.9023 67.2634
24.9025 67.2305
24.903 67.3267
24.9035 67.2859
24.9646 67.2501
24.965 67.3439
24.9656 67.3009
24.9658 67.2633
24.9661 67.3554
24.9663 67.3109
24.9668 67.2721
24.967 67.3631
24.9673 67.4427
24.9675 67.3873
24.9678 67.3389
24.968 67.4216
24.9685 67.4939
24.9687 67.4321
24.969 67.3781
24.9692 67.4558
24.9694 67.3989
24.9697 67.349
24.9702 67.4304
24.9707 67.3766
25.0321 75.0795
25.0323 74.1946
25.033 73.4203
25.0333 72.7427
25.0335 72.1499
25.0337 71.5061
25.0342 71.0679
25.0345 70.6844
25.0347 70.2238
25.0349 69.8209
25.0352 69.5933
25.0354 69.3941
25.0359 69.0948
25.0361 68.958
25.0364 68.8382
25.0366 68.7335
25.0369 68.5168
25.0371 68.4522
25.0376 68.3957
25.0379 68.2212
25.0995 75.8185
25.0998 74.7162
25.1004 73.8767
25.1008 73.0171
25.101 72.39
25.1013 71.8412
25.1016 71.3611
25.102 70.8159
25.1022 70.4639
25.1025 70.156
25.1027 69.8865
25.1029 69.5256
25.1032 69.3349
25.1037 69.1681
25.1039 68.8971
25.1041 68.7849
25.1044 68.6868
25.1046 68.601
25.1049 68.4008
25.1054 68.3507
25.1057 68.3069
25.1675 68.2685
25.1678 68.235
25.1684 68.2056
25.1688 68.1799
25.169 68.1574
25.1693 68.1377
25.1696 68.1205
25.17 68.1054
25.1702 68.0923
25.1705 68.0807
25.1707 68.0706
25.171 68.0618
25.1712 68.0541
25.1717 68.0473
25.1719 68.0414
25.1722 68.0362
25.1724 68.0317
25.1726 68.0277
25.1729 68.0243
25.1734 68.0212
25.1737 68.0186
25.2354 68.0163
25.2357 68.0142
25.2363 68.0124
25.2366 68.0109
25.2368 67.8845
25.237 67.899
25.2375 67.9116
25.2378 67.9226
25.238 67.9323
25.2382 67.9408
25.2385 67.9482
25.2387 67.9547
25.2391 68.0853
25.2394 68.0747
25.2397 68.0653
25.2399 68.0572
25.2402 68.05
25.2404 68.0438
25.2407 68.0383
25.2411 68.1585
25.2415 68.1387
25.3034 75.8714
25.3037 74.8874
25.3043 74.1515
25.3046 73.3826
25.3048 72.7097
25.3051 72.246
25.3055 71.7153
25.3058 71.2509
25.306 70.9695
25.3063 70.5983
25.3065 70.2735
25.3067 69.9893
25.3071 69.8657
25.3075 69.6325
25.3077 69.4284
25.3079 69.2498
25.3082 69.2186
25.3084 69.0663
25.3087 68.933
25.3091 68.9414
25.3095 68.8237
25.3715 76.4707
25.3719 75.4119
25.3725 74.6104
25.3728 73.7841
25.3731 73.1861
25.3733 72.6628
25.3737 72.08
25.374 71.695
25.3743 71.3581
25.3745 70.9383
25.3747 70.571
25.375 70.2497
25.3752 70.0935
25.3757 69.8318
25.376 69.6028
25.3762 69.5275
25.3764 69.4615
25.3767 69.2788
25.3769 69.119
25.3772 69.1041
25.3776 68.9661
25.378 68.8453
25.44 68.7397
25.4404 68.7722
25.441 68.6757
25.4413 68.7162
25.4416 68.6267
25.4418 68.5484
25.4422 68.6048
25.4426 68.5292
25.4429 68.4631
25.4431 68.5302
25.4434 68.5889
25.4436 68.6403
25.4438 68.5603
25.4443 68.6152
25.4446 68.6633
25.4448 68.5804
25.445 68.6329
25.4453 68.6787
25.4455 68.7189
25.4458 68.629
25.4462 68.6754
25.4466 68.716
25.5087 68.7515
25.5091 68.7825
25.5097 68.8097
25.51 68.8335
25.5103 68.8543
25.5105 68.8725
25.5109 68.7635
25.5113 68.793
25.5115 68.8189
25.5117 68.7165
25.512 68.627
25.5122 68.6736
25.5126 68.7144
25.5129 68.6251
25.5132 68.672
25.5134 68.713
25.5137 68.7488
25.5139 68.6552
25.5141 68.6983
25.5145 68.736
25.5149 68.769
25.5151 68.7979
25.5772 76.5732
25.5776 75.6265
25.5782 74.7982
25.5785 74.0734
25.5788 73.3143
25.579 72.775
25.5794 72.3031
25.5797 71.8902
25.58 71.4039
25.5802 71.1034
25.5805 70.8405
25.5807 70.6104
25.5811 70.4091
25.5814 70.233
25.5817 70.0789
25.5819 69.819
25.5821 69.7166
25.5824 69.6271
25.5826 69.5487
25.583 69.3551
25.5833 69.3107
25.5836 69.2719
25.646 76.8629
25.6463 75.88
25.6469 75.02
25.6473 74.2675
25.6475 73.6091
25.6478 73.0329
25.6481 72.5288
25.6485 72.0877
25.6487 71.7018
25.649 71.364
25.6492 71.0685
25.6494 70.81
25.6498 70.5837
25.6502 70.3858
25.6504 70.2125
25.6506 70.061
25.6509 69.9283
25.6511 69.8123
25.6514 69.7108
25.6517 69.6219
25.6521 69.6692
25.6523 69.5855
25.6527 69.5123
25.7152 69.5733
25.7155 69.5016
25.7161 69.5639
25.7165 69.4934
25.7167 69.4318
25.717 69.3778
25.7173 69.3306
25.7177 69.2892
25.7179 69.2531
25.7182 69.3465
25.7184 69.3031
25.7186 69.2652
25.719 69.3571
25.7194 69.3125
25.7196 69.2734
25.7198 69.2392
25.7201 69.3343
25.7203 69.2925
25.7206 69.256
25.7209 69.224
25.7213 69.196
25.7215 69.1715
25.7219 69.15
25.7845 69.1313
25.7849 69.1149
25.7855 69.1005
25.7858 69.0879
25.7861 69.202
25.7863 69.3017
25.7867 69.264
25.787 69.356
25.7873 69.4365
25.7875 69.3819
25.7877 69.3342
25.788 69.2924
25.7883 69.2559
25.7887 69.2239
25.7889 69.1959
25.7892 69.2964
25.7894 69.2594
25.7897 69.2269
25.7899 69.1986
25.7903 69.2987
25.7906 69.3864
25.7909 69.3381
25.7911 69.4208
25.8538 77.2432
25.8542 76.3378
25.8547 75.5456
25.8551 74.8524
25.8554 74.2459
25.8556 73.5901
25.856 73.0164
25.8564 72.6393
25.8566 72.1844
25.8568 71.7863
25.8571 71.5631
25.8573 71.3677
25.8577 71.1967
25.858 71.0471
25.8583 70.9162
25.8585 70.8017
25.8588 70.5765
25.859 70.3794
25.8592 70.332
25.8596 70.2905
25.86 70.1292
25.8602 70.113
25.8604 70.0989
25.9232 77.8365
25.9235 76.857
25.924 75.9999
25.9245 75.2499
25.9247 74.4686
25.925 73.7851
25.9253 73.3119
25.9257 72.8979
25.9259 72.4107
25.9262 72.1094
25.9264 71.8457
25.9266 71.49
25.927 71.3037
25.9274 71.1408
25.9276 70.8732
25.9278 70.639
25.9281 70.5591
25.9283 70.4892
25.9286 70.4281
25.9289 70.2496
25.9293 70.2184
25.9295 70.1911
25.9298 70.0422
25.9301 70.0369
25.993 69.9073
25.9933 69.9189
25.9939 69.804
25.9943 69.8285
25.9945 69.85
25.9948 69.8687
25.9951 69.8851
25.9955 69.8995
25.9957 69.912
25.996 69.798
25.9962 69.8233
25.9965 69.8454
25.9968 69.7397
25.9972 69.7722
25.9974 69.8007
25.9977 69.8256
25.9979 69.7224
25.9981 69.7571
25.9984 69.7875
25.9987 69.814
25.9991 69.8373
25.9993 69.8576
25.9996 69.8754
26.0001 69.891
26.063 70.0296
26.0634 70.0259
26.064 70.0227
26.0643 70.0198
26.0646 70.0174
26.0648 70.0152
26.0652 70.0133
26.0655 70.0116
26.0658 70.0102
26.066 70.1339
26.0663 70.1172
26.0665 70.1025
26.0669 70.0897
26.0672 70.0785
26.0675 70.0687
26.0677 70.0601
26.068 70.0526
26.0682 70.046
26.0684 70.0403
26.0688 70.0352
26.0692 70.0308
26.0694 70.027
26.0696 70.0236
26.0701 70.0206
26.1332 70.0181
26.1334 70.0158
26.1339 70.0138
26.1344 70.1371
26.1346 70.12
26.1349 70.105
26.1352 70.2168
26.1356 70.1897
26.1358 70.166
26.1361 70.2703
26.1363 70.2365
26.1366 70.2069
26.1369 70.1811
26.1373 70.2834
26.1375 70.248
26.1378 70.217
26.138 70.3149
26.1382 70.4005
26.1385 70.3504
26.1388 70.3066
26.1392 70.3933
26.1394 70.3441
26.1397 70.3011
26.14 70.3885
26.2033 78.2149
26.2035 77.1881
26.204 76.2896
26.2045 75.6284
26.2047 74.9248
26.2049 74.3092
26.2053 73.8956
26.2057 73.4086
26.2059 72.9825
26.2061 72.7347
26.2064 72.3929
26.2066 72.0938
26.207 71.832
26.2073 71.728
26.2076 71.512
26.2078 71.323
26.2081 71.2827
26.2083 71.1223
26.2085 70.982
26.2089 70.8593
26.2093 70.8769
26.2095 70.7673
26.2097 70.6713
26.2101 70.7124
26.2733 78.4984
26.2737 77.4361
26.274 76.6316
26.2746 75.9276
26.2749 75.1867
26.2751 74.6633
26.2753 74.2054
26.2757 73.6797
26.2761 73.3448
26.2763 73.0517
26.2765 72.6702
26.2768 72.3364
26.277 72.1694
26.2774 72.0232
26.2778 71.7703
26.278 71.549
26.2782 71.4804
26.2785 71.2953
26.2787 71.1334
26.279 70.9917
26.2793 70.9928
26.2797 70.8687
26.2799 70.7601
26.2802 70.7901
26.2806 70.6913
26.344 70.6049
26.3443 70.6543
26.3447 70.5725
26.3453 70.6259
26.3455 70.6727
26.3458 70.5886
26.346 70.64
26.3464 70.685
26.3467 70.5994
26.347 70.5245
26.3472 70.5839
26.3474 70.6359
26.3477 70.5564
26.348 70.6119
26.3484 70.6604
26.3486 70.7028
26.3489 70.615
26.3491 70.6631
26.3494 70.7052
26.3496 70.7421
26.35 70.6493
26.3503 70.6931
26.3506 70.7315
26.3509 70.6401
26.3513 70.6851
26.4147 70.7244
26.415 70.6339
26.4155 70.6796
26.4159 70.5947
26.4162 70.6453
26.4164 70.6897
26.4167 70.7285
26.4171 70.7624
26.4174 70.7921
26.4176 70.8181
26.4179 70.8408
26.4181 70.8607
26.4183 70.8781
26.4187 70.8934
26.4191 70.9067
26.4193 70.9184
26.4195 70.9286
26.4198 70.9375
26.42 70.9453
26.4203 70.9521
26.4206 70.9581
26.421 70.9634
26.4212 70.9679
26.4215 70.9719
26.4219 70.9755
26.4856 78.8535
26.4859 77.8718
26.4863 77.1379
26.4868 76.3706
26.4871 75.8243
26.4873 75.2213
26.4876 74.6936
26.488 74.3569
26.4883 73.9373
26.4885 73.5701
26.4888 73.2489
26.489 72.9677
26.4892 72.7218
26.4896 72.5066
26.49 72.3182
26.4902 72.1535
26.4904 72.0093
26.4907 71.8831
26.4909 71.7727
26.4912 71.6761
26.4915 71.5916
26.4919 71.5177
26.4921 71.578
26.4924 71.5057
26.4927 71.4425
26.5564 79.3872
26.5568 78.3388
26.5571 77.5464
26.5577 76.7281
26.558 76.0121
26.5582 75.3856
26.5584 74.8374
26.5588 74.3577
26.5592 73.938
26.5594 73.5708
26.5596 73.2494
26.5599 72.9682
26.5601 72.8472
26.5604 72.6163
26.5607 72.4143
26.5611 72.3625
26.5613 72.1922
26.5616 72.0431
26.5618 71.9128
26.562 71.9237
26.5623 71.8082
26.5627 71.7072
26.563 71.7438
26.5633 71.6508
26.5635 71.5695
26.564 71.4983
26.6275 71.436
26.6279 71.3815
26.6283 71.3338
26.6289 71.2921
26.6291 71.3806
26.6293 71.333
26.6296 71.2914
26.6299 71.2549
26.6303 71.2231
26.6305 71.1952
26.6308 71.1708
26.631 71.2744
26.6313 71.2401
26.6315 71.2101
26.6319 71.1839
26.6322 71.1609
26.6325 71.1408
26.6327 71.1232
26.6329 71.1078
26.6332 71.0943
26.6334 71.0825
26.6338 71.0722
26.6341 71.0632
26.6344 71.0553
26.6347 71.0484
26.6351 71.1673
26.6989 71.1464
26.6993 71.2531
26.6996 71.2215
26.7002 71.3188
26.7005 71.2789
26.7007 71.2441
26.701 71.2136
26.7013 71.3119
26.7017 71.2729
26.7019 71.2388
26.7022 71.3339
26.7024 71.4172
26.7026 71.365
26.7029 71.3194
26.7031 71.4045
26.7036 71.4789
26.7038 71.4191
26.7041 71.4917
26.7043 71.5552
26.7046 71.6108
26.7048 71.5345
26.705 71.5926
26.7055 71.6436
26.7058 71.5631
26.7061 71.6177
26.7065 71.6655
26.7703 79.5823
26.7706 78.6345
26.771 77.8052
26.7716 77.0796
26.7718 76.3196
26.7721 75.7797
26.7723 75.3072
26.7727 74.8938
26.7731 74.5321
26.7733 74.2156
26.7735 73.9386
26.7738 73.5713
26.774 73.3749
26.7743 73.203
26.7745 73.0526
26.775 72.7961
26.7752 72.6966
26.7755 72.6095
26.7757 72.4083
26.7759 72.2323
26.7762 72.2032
26.7764 72.1778
26.7769 72.0306
26.7771 72.0268
26.7774 72.0234
26.7779 71.8955
26.8419 79.7836
26.8423 78.8106
26.8426 77.9593
26.8431 77.2144
26.8435 76.5626
26.8437 75.9923
26.8439 75.3682
26.8443 74.9472
26.8447 74.5788
26.8449 74.1314
26.8451 73.865
26.8454 73.6319
26.8456 73.4279
26.8459 73.1244
26.8461 72.9839
26.8466 72.8609
26.8468 72.7533
26.8471 72.6591
26.8473 72.5767
26.8476 72.5046
26.8478 72.4416
26.848 72.3864
26.8484 72.3381
26.8488 72.2958
26.849 72.1338
26.8492 72.1171
26.8497 72.1025
26.9138 72.0897
26.9141 72.0784
26.9145 72.0686
26.9151 72.0601
26.9153 72.0526
26.9156 72.046
26.9158 72.0402
26.9162 72.0352
26.9165 72.0308
26.9168 72.027
26.917 72.0236
26.9172 72.0206
26.9175 72.0181
26.9177 72.0158
26.918 71.8888
26.9184 71.9027
26.9187 71.9149
26.9189 71.8005
26.9192 71.8255
26.9194 71.8473
26.9196 71.8664
26.9199 71.7581
26.9202 71.7883
26.9206 71.8148
26.9208 71.8379
26.9212 71.8582
26.9216 71.8759
26.9859 71.8914
26.9862 71.905
26.9866 71.9169
26.9872 71.9273
26.9874 71.9363
26.9877 71.9443
26.9879 71.9513
26.9883 71.9574
26.9886 71.9627
26.9889 71.9674
26.9891 71.9714
26.9893 71.975
26.9896 71.9781
26.9898 71.9809
26.9901 72.1083
26.9905 72.0947
26.9908 72.0829
26.991 72.1975
26.9913 72.2978
26.9915 72.2606
26.9917 72.228
26.992 72.1995
26.9922 72.2996
26.9927 72.2621
26.9929 72.2294
26.9933 72.3257
26.9937 72.285
27.058 80.2494
27.0583 79.3432
27.0587 78.4253
27.0593 77.7471
27.0595 77.0287
27.0598 76.4001
27.06 75.8501
27.0604 75.4939
27.0607 75.0571
27.061 74.675
27.0612 74.4656
27.0614 74.1574
27.0617 73.8877
27.0619 73.6518
27.0622 73.5703
27.0626 73.374
27.0629 73.2023
27.0631 73.177
27.0634 73.0299
27.0636 72.9011
27.0638 72.7885
27.0641 72.8149
27.0643 72.8381
27.0648 72.7333
27.065 72.7666
27.0653 72.7958
27.0658 72.6963
27.1302 80.7343
27.1305 79.7675
27.1309 78.7966
27.1314 78.072
27.1317 77.313
27.132 76.6489
27.1322 76.1928
27.1326 75.7937
27.1329 75.3195
27.1332 75.0295
27.1334 74.7758
27.1337 74.4289
27.1339 74.1252
27.1341 73.9846
27.1344 73.8615
27.1349 73.6288
27.1351 73.5502
27.1353 73.4814
27.1356 73.2963
27.1358 73.1342
27.1361 73.1175
27.1363 73.1028
27.1365 72.9649
27.137 72.9693
27.1373 72.9731
27.1375 72.8515
27.1377 72.7451
27.1382 72.7769
27.2029 72.6798
27.2032 72.7198
27.2036 72.7549
27.2041 72.7855
27.2044 72.8123
27.2047 72.8358
27.2049 72.7313
27.2053 72.7649
27.2056 72.7943
27.2059 72.695
27.2061 72.7331
27.2063 72.7665
27.2066 72.7957
27.2068 72.6962
27.2071 72.7342
27.2075 72.7674
27.2078 72.6715
27.208 72.7125
27.2083 72.7485
27.2085 72.7799
27.2088 72.6824
27.209 72.5971
27.2092 72.6475
27.2097 72.5665
27.21 72.4957
27.2102 72.5588
27.2104 72.6139
27.2109 72.5372
27.2756 72.595
27.2759 72.5206
27.2763 72.5806
27.2769 72.508
27.2771 72.5695
27.2774 72.6233
27.2776 72.6704
27.278 72.5866
27.2783 72.6383
27.2786 72.6835
27.2788 72.5981
27.279 72.6483
27.2793 72.6923
27.2795 72.7307
27.2798 72.6394
27.2802 72.6845
27.2805 72.7239
27.2807 72.6334
27.281 72.5542
27.2812 72.61
27.2814 72.6587
27.2817 72.7014
27.2819 72.7387
27.2823 72.7714
27.2826 72.7999
27.2829 72.8249
27.2831 72.8468
27.2836 72.866
27.3483 81.0077
27.3486 80.0068
27.349 79.1309
27.3496 78.3646
27.3498 77.694
27.3501 77.1072
27.3503 76.5938
27.3507 76.1446
27.351 75.8765
27.3513 75.517
27.3515 75.2023
27.3517 74.927
27.352 74.5612
27.3522 74.366
27.3525 74.1953
27.3529 74.0459
27.3532 73.9151
27.3534 73.8007
27.3537 73.7006
27.3539 73.6131
27.3541 73.5364
27.3544 73.4694
27.3546 73.4107
27.355 73.3594
27.3553 73.3144
27.3556 73.2751
27.3558 73.2407
27.3563 73.2107
27.4212 81.3093
27.4216 80.2707
27.4219 79.3618
27.4224 78.6916
27.4228 77.9801
27.423 77.3576
27.4232 76.8129
27.4236 76.3363
27.424 75.9193
27.4242 75.5544
27.4244 75.2351
27.4247 74.9557
27.4249 74.7112
27.4252 74.6223
27.4254 74.4195
27.4259 74.2421
27.4261 74.2118
27.4264 74.0603
27.4266 73.9278
27.4268 73.8118
27.4271 73.8353
27.4273 73.7309
27.4276 73.6396
27.4279 73.5596
27.4283 73.6147
27.4285 73.5378
27.4288 73.4706
27.429 73.5368
27.4295 73.4697
27.4947 73.411
27.5689 73.3596
27.5691 73.3146
27.5696 73.1503
27.5698 73.0065
27.5701 72.8807
27.5706 72.7706
27.5708 72.5493
27.571 72.3556
27.5713 72.1862
27.5718 72.0379
27.572 71.7832
27.5725 71.5603
27.6336 70.8652
27.6339 70.1321
27.6344 69.6156
27.6346 69.0386
27.6348 68.5338
27.6351 68.2171
27.6353 67.8149
27.6356 67.4631
27.6358 67.1552
27.636 66.8858
27.6363 66.6501
27.6365 66.4438
27.6369 66.2633
27.6372 66.1054
27.6947 65.4672
27.695 65.0338
27.6954 64.5296
27.6956 64.0884
27.6959 63.7024
27.6961 63.3646
27.6964 63.069
27.6966 62.8104
27.6968 62.5841
27.6971 62.3861
27.6973 62.2128
27.6976 62.0612
27.698 62.0535
27.6984 61.9219
27.7561 61.9316
27.7564 61.8152
27.7568 61.7133
27.757 61.7491
27.7573 61.7805
27.7575 61.8079
27.7578 61.7069
27.758 61.7436
27.7582 61.7756
27.7585 61.8037
27.7587 61.7032
27.759 61.6153
27.7593 61.6634
27.7597 61.5805
27.8175 68.7579
27.8177 67.7882
27.8182 67.0646
27.8184 66.4316
27.8187 65.7526
27.8189 65.1585
27.8192 64.7637
27.8194 64.4183
27.8196 63.991
27.8199 63.6171
27.8201 63.415
27.8204 63.2381
27.8206 63.0833
27.8211 62.9479
27.8789 69.9544
27.8791 68.9601
27.8796 68.0901
27.8798 67.2038
27.8801 66.5534
27.8803 65.9842
27.8806 65.4862
27.8808 64.9254
27.881 64.5597
27.8813 64.2398
27.8815 63.9598
27.8818 63.5898
27.882 63.3911
27.8825 63.2172
27.8827 62.94
27.9408 62.8225
27.9411 62.7197
27.9415 62.6298
27.9417 62.551
27.942 62.3572
27.9422 62.3125
27.9424 62.2734
27.9427 62.2393
27.9429 62.0844
27.9432 62.0738
27.9434 62.0646
27.9436 62.0565
27.944 62.0494
27.9444 62.0433
27.9447 62.0379
28.0029 62.0331
28.0032 62.029
28.0036 62.0254
28.0038 62.0222
28.0041 62.1444
28.0043 62.1264
28.0046 62.1106
28.0048 62.0967
28.0051 62.2097
28.0053 62.3084
28.0055 62.2699
28.0058 62.2362
28.006 62.3316
28.0065 62.2902
28.0067 62.2539
28.0649 69.4722
28.0651 68.6631
28.0656 67.8303
28.0659 67.1015
28.0661 66.5888
28.0663 66.0152
28.0666 65.5133
28.0668 65.0741
28.0671 64.8149
28.0673 64.463
28.0675 64.1551
28.0678 63.8857
28.068 63.775
28.0684 63.5531
28.0687 63.359
28.1269 70.4391
28.1273 69.5092
28.1276 68.5706
28.128 67.7493
28.1282 67.1556
28.1285 66.5111
28.1287 65.9473
28.1289 65.4538
28.1292 65.1471
28.1294 64.7537
28.1297 64.4095
28.1299 64.1083
28.1301 63.9698
28.1304 63.7236
28.1307 63.5081
28.1311 63.4446
28.1894 63.389
28.1896 63.2154
28.1901 63.1885
28.1903 63.1649
28.1906 63.0193
28.1908 62.8919
28.1911 62.9054
28.1913 62.9172
28.1915 62.8026
28.1918 62.7022
28.192 62.7395
28.1923 62.772
28.1925 62.6755
28.1927 62.5911
28.1932 62.6422
28.1936 62.5619
28.252 62.4917
28.2523 62.5552
28.2527 62.4858
28.2529 62.4251
28.2532 62.497
28.2534 62.5598
28.2537 62.4899
28.2539 62.4286
28.2541 62.5
28.2544 62.5625
28.2546 62.6172
28.2549 62.5401
28.2551 62.5976
28.2555 62.6479
28.2558 62.6919
28.2562 62.7304
28.3148 70.0141
28.3151 69.2623
28.3155 68.4795
28.3158 67.7946
28.316 67.3203
28.3163 66.7802
28.3165 66.3077
28.3167 65.8942
28.317 65.5325
28.3172 65.2159
28.3175 64.9389
28.3177 64.6966
28.3179 64.4845
28.3182 64.2989
28.3187 64.1366
28.3189 63.9945
28.3775 71.1202
28.3779 70.1052
28.3783 69.217
28.3786 68.4399
28.3789 67.7599
28.3791 67.1649
28.3793 66.6443
28.3796 66.1888
28.3798 65.7902
28.3801 65.5664
28.3803 65.2456
28.3806 64.9649
28.3808 64.7193
28.381 64.6294
28.3813 64.4257
28.3818 64.2475
28.382 64.0915
28.4408 63.9551
28.441 63.8357
28.4415 63.7313
28.4417 63.6398
28.442 63.5599
28.4422 63.4899
28.4424 63.4286
28.4427 63.3751
28.4429 63.3282
28.4432 63.2872
28.4434 63.2513
28.4436 63.2199
28.4439 63.1924
28.4441 63.1683
28.4445 63.1473
28.4448 63.1289
28.4452 63.2378
28.504 63.208
28.5043 63.307
28.5047 63.2687
28.5049 63.2351
28.5052 63.3307
28.5054 63.2894
28.5056 63.2532
28.5059 63.2215
28.5061 63.3188
28.5064 63.279
28.5066 63.2441
28.5068 63.2136
28.5071 63.3119
28.5073 63.3979
28.5078 63.3482
28.508 63.4296
28.5084 63.5009
28.5674 70.8133
28.5678 69.9617
28.5681 69.2164
28.5684 68.5644
28.5686 67.9938
28.5688 67.3696
28.5691 66.9484
28.5693 66.5799
28.5696 66.2574
28.5698 65.8502
28.57 65.6189
28.5703 65.4166
28.5705 65.2395
28.5708 64.9596
28.5712 64.8396
28.5715 64.7347
28.5718 64.5178
28.6307 71.7031
28.6311 70.7402
28.6316 69.8977
28.6318 69.0355
28.632 68.406
28.6323 67.8553
28.6325 67.3734
28.6328 66.8267
28.633 66.4734
28.6332 66.1642
28.6335 65.8937
28.6337 65.532
28.634 65.2155
28.6342 65.0635
28.6346 64.9306
28.6349 64.6893
28.6352 64.6031
28.6355 64.5277
28.6946 64.4618
28.695 64.404
28.6955 64.3535
28.6957 64.3093
28.696 64.1457
28.6962 64.1275
28.6965 64.1115
28.6967 64.0976
28.6969 63.9604
28.6972 63.9653
28.6974 63.9697
28.6977 63.9735
28.6979 63.9768
28.6981 63.9797
28.6985 63.9822
28.6989 63.9844
28.6991 63.9864
28.6995 63.9881
28.7587 63.9896
28.7591 63.9909
28.7594 63.992
28.7597 63.993
28.7599 63.9939
28.7601 63.9947
28.7604 63.9953
28.7606 63.9959
28.7609 63.9964
28.7611 63.9969
28.7613 63.9973
28.7616 63.9976
28.7618 63.9979
28.7621 63.9982
28.7625 63.9984
28.7628 63.9986
28.763 63.9988
28.7635 63.9989
28.8229 71.3741
28.8232 70.5773
28.8236 69.7551
28.8238 69.0357
28.8241 68.5313
28.8243 68.0899
28.8245 67.5786
28.8248 67.1313
28.825 66.8649
28.8253 66.6318
28.8255 66.3028
28.8257 66.015
28.826 65.7631
28.8262 65.6677
28.8267 65.4592
28.8269 65.2768
28.8272 65.2422
28.8277 65.0869
28.8869 72.3261
28.8873 71.4103
28.8877 70.484
28.888 69.6735
28.8882 69.0893
28.8885 68.4532
28.8887 67.8965
28.8889 67.4095
28.8892 67.1083
28.8894 66.7197
28.8897 66.3798
28.8899 66.0823
28.8901 65.947
28.8904 65.8286
28.8908 65.6001
28.8911 65.525
28.8914 65.4594
28.8917 65.277
28.9511 72.6174
28.9516 71.6652
28.9518 70.707
28.9523 69.9937
28.9525 69.3695
28.9528 68.6983
28.953 68.111
28.9532 67.7221
28.9535 67.3818
28.9537 66.9591
28.954 66.5892
28.9542 66.3906
28.9544 66.2168
28.9547 65.9397
28.9549 65.6972
28.9553 65.61
28.9556 65.4088
28.9559 65.2327
28.9562 65.2036
29.0158 65.0532
29.0163 65.0465
29.0166 65.0407
29.017 65.0356
29.0173 65.0312
29.0175 65.0273
29.0178 65.0239
29.018 65.0209
29.0182 65.0183
29.0185 65.016
29.0187 65.014
29.019 64.8872
29.0192 64.9013
29.0194 64.9137
29.0197 64.9245
29.02 64.9339
29.0204 64.9422
29.0206 64.9494
29.021 64.9557
29.0807 64.9612
29.0811 64.9661
29.0814 64.9703
29.0818 64.974
29.082 64.9773
29.0823 64.9801
29.0825 64.9826
29.0828 64.9848
29.083 64.9867
29.0832 64.9883
29.0835 64.9898
29.0837 64.9911
29.084 64.9922
29.0842 64.9932
29.0844 64.994
29.0848 64.9948
29.0852 64.9954
29.0854 64.996
29.0858 64.9965
29.1455 72.3719
29.1459 71.4504
29.1462 70.6441
29.1466 69.9386
29.1468 69.3213
29.1471 68.7811
29.1473 68.3085
29.1475 67.8949
29.1478 67.5331
29.148 67.2164
29.1483 66.9394
29.1485 66.697
29.1487 66.4848
29.149 66.2992
29.1492 66.1368
29.1496 65.9947
29.1499 65.8704
29.1502 65.7616
29.1505 65.6664
29.2104 73.0831
29.2109 72.0727
29.2111 71.3136
29.2116 70.5244
29.2118 69.8339
29.2121 69.3546
29.2123 68.8103
29.2125 68.334
29.2128 67.9173
29.213 67.6776
29.2133 67.3429
29.2135 67.05
29.2137 66.7938
29.214 66.5696
29.2142 66.4984
29.2145 66.3111
29.2148 66.1472
29.2152 66.1288
29.2154 65.9877
29.2158 65.8642
29.2759 65.7562
29.2763 65.7867
29.2766 65.6883
29.2771 65.7273
29.2773 65.7614
29.2775 65.6662
29.2778 65.5829
29.278 65.6351
29.2783 65.6807
29.2785 65.5956
29.2787 65.5211
29.279 65.456
29.2792 65.524
29.2795 65.5835
29.2797 65.5106
29.2799 65.4467
29.2803 65.5159
29.2807 65.4514
29.2809 65.395
29.2813 65.4706
29.3415 65.5368
29.3418 65.4697
29.3422 65.536
29.3426 65.469
29.3428 65.4104
29.343 65.4841
29.3433 65.5486
29.3435 65.605
29.3438 65.5294
29.344 65.4632
29.3442 65.5303
29.3445 65.589
29.3447 65.6404
29.345 65.5603
29.3452 65.6153
29.3454 65.6634
29.3459 65.7055
29.3462 65.7423
29.3464 65.7745
29.3468 65.8027
29.4068 73.2023
29.4072 72.302
29.4076 71.5143
29.4079 70.7
29.4082 70.1125
29.4084 69.5984
29.4086 69.0236
29.4089 68.5207
29.4091 68.2056
29.4094 67.9299
29.4096 67.6887
29.4098 67.3526
29.4101 67.1835
29.4103 67.0356
29.4106 66.9061
29.4108 66.6679
29.4113 66.5844
29.4115 66.5113
29.4118 66.3224
29.4121 66.2821
29.4724 73.7468
29.4728 72.7785
29.4732 71.9312
29.4735 71.1898
29.4738 70.5411
29.474 69.9734
29.4742 69.4767
29.4745 69.0422
29.4747 68.6619
29.475 68.2041
29.4752 67.9286
29.4754 67.6875
29.4757 67.4766
29.4759 67.167
29.4762 67.0212
29.4764 66.8935
29.4769 66.7818
29.4771 66.6841
29.4774 66.5986
29.4776 66.5238
29.4781 66.4583
29.5385 66.401
29.5389 66.3509
29.5393 66.307
29.5396 66.2686
29.5399 66.2351
29.5401 66.2057
29.5403 66.18
29.5406 66.1575
29.5408 66.1378
29.5411 66.2456
29.5413 66.2149
29.5415 66.188
29.5418 66.1645
29.542 66.2689
29.5423 66.2353
29.5425 66.2059
29.543 66.1802
29.5432 66.1576
29.5435 66.1379
29.5437 66.1207
29.5442 66.1056
29.6047 66.0924
29.6051 66.2059
29.6055 66.1801
29.6058 66.1576
29.6061 66.2629
29.6063 66.23
29.6065 66.2013
29.6068 66.1761
29.607 66.2791
29.6073 66.2442
29.6075 66.2137
29.6077 66.187
29.608 66.1636
29.6082 66.2682
29.6085 66.2346
29.6087 66.2053
29.6091 66.3046
29.6094 66.3916
29.6097 66.3426
29.6099 66.2998
29.6103 66.3873
29.6709 73.8389
29.6713 72.984
29.6717 72.111
29.672 71.4722
29.6723 70.9131
29.6725 70.299
29.6728 69.7616
29.673 69.2914
29.6732 69.005
29.6735 68.6294
29.6737 68.3007
29.674 68.0131
29.6742 67.8865
29.6744 67.7757
29.6747 67.5537
29.6749 67.3595
29.6753 67.3145
29.6756 67.1502
29.6759 67.0065
29.6761 67.0056
29.6765 67.0049
29.7372 74.5043
29.7375 73.5663
29.7379 72.6205
29.7382 71.9179
29.7385 71.1782
29.7387 70.5309
29.739 69.9646
29.7392 69.594
29.7394 69.2697
29.7397 68.861
29.7399 68.5034
29.7402 68.3155
29.7404 68.151
29.7406 67.8822
29.7409 67.6469
29.7411 67.566
29.7415 67.4953
29.7418 67.3084
29.7421 67.2698
29.7423 67.2361
29.7426 67.0816
29.743 67.0714
29.8038 66.9375
29.8042 66.9453
29.8046 66.9521
29.8049 66.8331
29.8052 66.854
29.8054 66.8722
29.8056 66.8882
29.8059 66.7772
29.8061 66.805
29.8064 66.8294
29.8066 66.8507
29.8069 66.7444
29.8071 66.7763
29.8073 66.8043
29.8076 66.8288
29.8078 66.7252
29.8082 66.7595
29.8085 66.7896
29.8088 66.6909
29.809 66.7295
29.8093 66.7633
29.8097 66.6679
29.8708 66.7094
29.8711 66.7457
29.8715 66.7775
29.8719 66.8053
29.8721 66.8297
29.8723 66.851
29.8726 66.8696
29.8728 66.8859
29.8731 66.9002
29.8733 66.9126
29.8735 66.9236
29.8738 66.9331
29.874 66.9415
29.8743 66.9488
29.8745 66.9552
29.8747 66.9608
29.875 66.9657
29.8755 66.97
29.8757 66.9737
29.8759 66.977
29.8762 66.9799
29.8765 66.9824
29.9377 74.6096
29.9381 73.7834
29.9384 72.9355
29.9388 72.1935
29.939 71.6693
29.9393 71.0857
29.9395 70.575
29.9397 70.1281
29.94 69.7371
29.9402 69.3949
29.9405 69.0956
29.9407 68.8336
29.9409 68.6044
29.9412 68.4039
29.9414 68.2284
29.9417 68.0748
29.9419 67.9405
29.9424 67.9479
29.9426 67.8294
29.9429 67.7258
29.9431 67.76
29.9435 67.665
29.9668 70.4569
