1.0
1.0
1.0
1.0
1.0
1.0
1.0
1.0
1.0
1.0
0.7880393678458419
1.0
0.8640498583789843
1.0
0.9609055978121704
1.0
0.9995271441151726
0.9995536299691364
0.9985224437625755
0.9985277625809321
0.9990741515420908
0.9990665579238479
0.9989617949287033
1.0
0.9995401511395161
0.9995615565077182
0.9997404672132936
0.9996614902775005
0.9997838778150847
1.0
0.9015846548693103
0.8996760662641134
0.8590097921441098
0.875886045201079
0.8878305210283397
0.840963854039483
0.8704350324385124
0.8775206796194848
0.8360381412249761
0.8451634334758816
0.851276034622091
0.806451921994927
0.829459077875939
0.8388444232845172
0.7985878051172451
0.846039890462174
0.8542915469044039
0.8347587779366402
0.8515239322089865
0.8739295465810591
0.8156282091364089
0.8425380644833809
0.8517135451856337
0.8205810392537924
0.850698453669628
0.8532984546579226
0.8310091283575617
0.9609467330293974
0.9783555438150762
0.9987362861773688
0.9989440301130147
0.9985327863516893
0.9985505938271536
0.9988551796462125
0.9989271505556921
0.9994795523317135
0.9993658797881774
0.9994154837410026
1.0
0.9995922983893728
0.9994638192608065
0.9997704377740674
0.9998245597456922
0.9997200101005171
0.9996664229640122
0.9997097026035663
0.999783106097167
0.9440826693947968
1.0
1.0
1.0
1.0
1.0
1.0
1.0
1.0
1.0
