0.1 3.475200
0.120000 10.425600
0.140000 15.638400
0.160000 24.326400
0.180000 36.489600
0.200000 35.910400
0.220000 52.707200
0.240000 79.929600
0.260000 96.147200
0.280000 96.726400
0.300000 96.147200
0.320000 96.726400
0.340000 96.147200
0.360000 96.147200
0.380000 96.726400
0.400000 70.662400
0.420000 0.000000
0.440000 0.000000
0.460000 0.000000
0.480000 0.000000
0.500000 0.000000
0.520000 483.052800
0.540000 0.000000
0.560000 240.947200
0.580000 0.000000
0.600000 265.852800
0.620000 4.633600
0.640000 152.908800
0.660000 60.816000
0.680000 61.395200
0.700000 61.395200
0.720000 61.395200
0.740000 61.974400
0.760000 61.974400
0.780000 62.553600
0.800000 62.553600
0.820000 63.132800
0.840000 62.553600
0.860000 63.712000
0.880000 63.712000
0.900000 64.291200
0.920000 64.870400
0.940000 66.608000
0.960000 66.028800
0.980000 66.608000
1.000000 67.187200
1.020000 67.766400
1.040000 67.187200
1.060000 67.766400
1.080000 68.345600
1.100000 68.924800
1.120000 68.345600
1.140000 68.924800
1.160000 69.504000
1.180000 69.504000
1.200000 70.083200
1.220000 69.504000
1.240000 70.083200
1.260000 69.504000
1.280000 70.083200
1.300000 70.662400
1.320000 69.504000
1.340000 70.083200
1.360000 70.083200
1.380000 70.662400
1.400000 70.662400
1.420000 71.241600
1.440000 71.241600
1.460000 71.820800
1.480000 71.820800
1.500000 71.820800
1.520000 72.400000
1.540000 71.820800
1.560000 72.979200
1.580000 72.979200
1.600000 73.558400
1.620000 73.558400
1.640000 74.137600
1.660000 74.137600
1.680000 74.716800
1.700000 72.400000
1.720000 72.400000
1.740000 72.400000
1.760000 72.400000
1.780000 72.979200
1.800000 72.979200
1.820000 72.979200
1.840000 73.558400
1.860000 74.137600
1.880000 74.137600
1.900000 74.716800
1.920000 74.716800
1.940000 75.296000
1.960000 75.296000
1.980000 75.875200
2.000000 75.875200
2.020000 76.454400
2.040000 76.454400
2.060000 77.033600
2.080000 77.033600
2.100000 76.454400
2.120000 77.612800
2.140000 77.612800
2.160000 78.192000
2.180000 78.192000
2.200000 80.508800
2.220000 79.929600
2.240000 80.508800
2.260000 81.088000
2.280000 81.667200
2.300000 81.088000
2.320000 81.667200
2.340000 82.246400
2.360000 82.825600
2.380000 82.246400
2.400000 81.667200
2.420000 81.667200
2.440000 81.667200
2.460000 82.246400
2.480000 82.246400
2.500000 82.825600
2.520000 82.246400
2.540000 82.825600
2.560000 83.404800
2.580000 83.404800
2.600000 83.984000
2.620000 83.984000
2.640000 84.563200
2.660000 84.563200
2.680000 85.142400
2.700000 81.667200
2.720000 81.667200
2.740000 81.667200
2.760000 82.246400
2.780000 82.246400
2.800000 82.246400
2.820000 82.825600
2.840000 83.404800
2.860000 83.404800
2.880000 83.404800
2.900000 83.984000
2.920000 83.984000
2.940000 84.563200
2.960000 84.563200
2.980000 85.142400
3.000000 85.142400
3.020000 85.721600
3.040000 85.721600
3.060000 86.300800
3.080000 85.721600
3.100000 86.880000
3.120000 86.880000
3.140000 86.880000
3.160000 87.459200
3.180000 87.459200
3.200000 88.038400
3.220000 88.038400
3.240000 88.617600
3.260000 88.617600
3.280000 89.196800
3.300000 89.196800
3.320000 89.776000
3.340000 89.776000
3.360000 89.776000
3.380000 90.355200
3.400000 92.092800
3.420000 92.672000
3.440000 91.513600
3.460000 91.513600
3.480000 92.092800
3.500000 93.251200
3.520000 92.092800
3.540000 92.092800
3.560000 92.672000
3.580000 92.672000
3.600000 93.251200
3.620000 93.251200
3.640000 93.830400
3.660000 93.830400
3.680000 94.409600
3.700000 79.350400
3.720000 79.350400
3.740000 79.350400
3.760000 79.350400
3.780000 79.350400
3.800000 79.929600
3.820000 80.508800
3.840000 80.508800
3.860000 81.088000
3.880000 81.088000
3.900000 81.667200
3.920000 81.667200
3.940000 82.246400
3.960000 82.246400
3.980000 82.825600
4.000000 82.825600
4.020000 83.404800
4.040000 83.404800
4.060000 83.404800
4.080000 83.984000
4.100000 83.984000
4.120000 84.563200
4.140000 84.563200
4.160000 85.142400
4.180000 85.142400
4.200000 85.721600
4.220000 86.300800
4.240000 87.459200
4.260000 88.038400
4.280000 88.617600
4.300000 88.038400
4.320000 88.617600
4.340000 88.617600
4.360000 87.459200
4.380000 88.038400
4.400000 88.038400
4.420000 88.617600
4.440000 88.617600
4.460000 88.617600
4.480000 88.617600
4.500000 89.196800
4.520000 89.776000
4.540000 89.776000
4.560000 90.355200
4.580000 90.355200
4.600000 90.934400
4.620000 90.934400
4.640000 91.513600
4.660000 91.513600
4.680000 92.092800
4.700000 82.825600
4.720000 82.825600
4.740000 82.825600
4.760000 82.246400
4.780000 83.404800
4.800000 83.404800
4.820000 83.984000
4.840000 83.984000
4.860000 84.563200
4.880000 84.563200
4.900000 85.142400
4.920000 85.142400
4.940000 85.721600
4.960000 85.721600
4.980000 86.300800
5.000000 86.300800
5.020000 85.721600
5.040000 86.880000
5.060000 86.880000
5.080000 87.459200
5.100000 87.459200
5.120000 88.038400
5.140000 88.038400
5.160000 88.617600
5.180000 88.617600
5.200000 89.196800
5.220000 89.196800
5.240000 89.776000
5.260000 89.776000
5.280000 90.355200
5.300000 90.934400
5.320000 92.092800
5.340000 92.672000
5.360000 92.672000
5.380000 91.513600
5.400000 91.513600
5.420000 92.092800
5.440000 92.092800
5.460000 91.513600
5.480000 92.672000
5.500000 92.672000
5.520000 93.251200
5.540000 93.251200
5.560000 93.830400
5.580000 93.830400
5.600000 94.409600
5.620000 94.409600
5.640000 94.409600
5.660000 94.988800
5.680000 94.988800
5.700000 78.771200
5.720000 78.192000
5.740000 79.350400
5.760000 79.350400
5.780000 79.929600
5.800000 79.929600
5.820000 80.508800
5.840000 80.508800
5.860000 81.088000
5.880000 81.088000
5.900000 81.667200
5.920000 81.667200
5.940000 82.246400
5.960000 82.246400
5.980000 82.246400
6.000000 82.246400
6.020000 82.825600
6.040000 83.404800
6.060000 83.404800
6.080000 83.984000
6.100000 83.984000
6.120000 84.563200
6.140000 84.563200
6.160000 85.142400
6.180000 85.142400
6.200000 85.142400
6.220000 87.459200
6.240000 86.880000
6.260000 87.459200
6.280000 88.038400
6.300000 88.617600
6.320000 88.038400
6.340000 87.459200
6.360000 87.459200
6.380000 87.459200
6.400000 88.038400
6.420000 87.459200
6.440000 88.617600
6.460000 88.617600
6.480000 89.196800
6.500000 89.196800
6.520000 89.776000
6.540000 89.776000
6.560000 90.355200
6.580000 90.355200
6.600000 90.934400
6.620000 90.934400
6.640000 91.513600
6.660000 91.513600
6.680000 91.513600
6.700000 82.246400
6.720000 82.825600
6.740000 82.825600
6.760000 82.825600
6.780000 83.404800
6.800000 83.404800
6.820000 83.984000
6.840000 83.984000
6.860000 84.563200
6.880000 84.563200
6.900000 85.142400
6.920000 85.142400
6.940000 85.721600
6.960000 85.721600
6.980000 85.721600
7.000000 86.300800
7.020000 86.300800
7.040000 86.880000
7.060000 86.880000
7.080000 87.459200
7.100000 87.459200
7.120000 88.038400
7.140000 88.038400
7.160000 88.617600
7.180000 88.617600
7.200000 89.196800
7.220000 89.196800
7.240000 89.776000
7.260000 89.196800
7.280000 90.355200
7.300000 91.513600
7.320000 92.092800
7.340000 92.672000
7.360000 92.672000
7.380000 91.513600
7.400000 90.934400
7.420000 92.092800
7.440000 92.092800
7.460000 92.092800
7.480000 92.672000
7.500000 92.672000
7.520000 93.251200
7.540000 93.251200
7.560000 93.830400
7.580000 93.830400
7.600000 94.409600
7.620000 94.409600
7.640000 94.409600
7.660000 94.988800
7.680000 94.409600
7.700000 79.350400
7.720000 79.350400
7.740000 79.929600
7.760000 79.929600
7.780000 80.508800
7.800000 80.508800
7.820000 81.088000
7.840000 81.088000
7.860000 81.667200
7.880000 81.667200
7.900000 82.246400
7.920000 82.246400
7.940000 82.246400
7.960000 82.246400
7.980000 82.825600
8.000000 83.404800
8.020000 83.404800
8.040000 83.984000
8.060000 83.984000
8.080000 84.563200
8.100000 84.563200
8.120000 85.142400
8.140000 85.142400
8.160000 85.721600
8.180000 85.721600
8.200000 85.721600
8.220000 86.300800
8.240000 86.880000
8.260000 88.617600
8.280000 88.038400
8.300000 88.617600
8.320000 89.196800
8.340000 89.776000
8.360000 88.038400
8.380000 87.459200
8.400000 88.617600
8.420000 88.617600
8.440000 89.196800
8.460000 89.196800
8.480000 89.776000
8.500000 89.776000
8.520000 90.355200
8.540000 90.355200
8.560000 90.934400
8.580000 90.934400
8.600000 91.513600
8.620000 91.513600
8.640000 91.513600
8.660000 91.513600
8.680000 92.092800
8.700000 82.246400
8.720000 82.246400
8.740000 82.825600
8.760000 82.825600
8.780000 83.404800
8.800000 83.404800
8.820000 83.404800
8.840000 83.984000
8.860000 83.984000
8.880000 84.563200
8.900000 84.563200
8.920000 85.142400
8.940000 84.563200
8.960000 85.721600
8.980000 85.721600
9.000000 86.300800
9.020000 86.300800
9.040000 86.880000
9.060000 86.880000
9.080000 86.880000
9.100000 87.459200
9.120000 87.459200
9.140000 88.038400
9.160000 88.038400
9.180000 88.617600
9.200000 88.617600
9.220000 88.617600
9.240000 89.196800
9.260000 89.776000
9.280000 89.776000
9.300000 90.355200
9.320000 91.513600
9.340000 92.092800
9.360000 92.672000
9.380000 92.092800
9.400000 91.513600
9.420000 91.513600
9.440000 92.092800
9.460000 92.092800
9.480000 92.672000
9.500000 92.672000
9.520000 92.672000
9.540000 93.251200
9.560000 93.251200
9.580000 93.830400
9.600000 93.830400
9.620000 94.409600
9.640000 93.830400
9.660000 94.988800
9.680000 94.988800
9.700000 78.771200
9.720000 78.771200
9.740000 78.771200
9.760000 79.350400
9.780000 79.350400
9.800000 79.929600
9.820000 79.929600
9.840000 80.508800
9.860000 80.508800
9.880000 81.088000
9.900000 81.088000
9.920000 81.088000
9.940000 81.667200
9.960000 82.246400
9.980000 82.246400
10.000000 82.825600
10.020000 82.825600
10.040000 85.142400
10.060000 86.300800
10.080000 88.617600
10.100000 90.934400
10.120000 94.409600
10.140000 96.147200
10.160000 96.726400
10.180000 96.147200
10.200000 96.726400
10.220000 96.147200
10.240000 96.147200
10.260000 96.726400
10.280000 96.147200
10.300000 96.726400
10.320000 96.147200
10.340000 96.726400
10.360000 96.147200
10.380000 96.726400
10.400000 96.147200
10.420000 96.147200
10.440000 89.776000
10.460000 11.584000
10.480000 18.534400
10.500000 28.380800
10.520000 33.593600
10.540000 280.332800
10.560000 163.334400
10.580000 145.958400
10.600000 96.147200
10.620000 96.726400
10.640000 96.147200
10.660000 96.726400
10.680000 96.147200
10.700000 96.726400
10.720000 96.147200
10.740000 96.726400
10.760000 96.147200
10.780000 96.147200
10.800000 96.726400
10.820000 96.147200
10.840000 96.726400
10.860000 96.147200
10.880000 96.726400
10.900000 96.147200
10.920000 96.726400
10.940000 96.147200
10.960000 96.147200
10.980000 96.726400
11.000000 96.147200
11.020000 96.726400
11.040000 96.147200
11.060000 96.726400
11.080000 96.147200
11.100000 96.726400
11.120000 96.147200
11.140000 96.147200
11.160000 96.726400
11.180000 96.147200
11.200000 96.726400
11.220000 96.147200
11.240000 96.726400
11.260000 96.147200
11.280000 96.726400
11.300000 96.147200
11.320000 96.147200
11.340000 96.726400
11.360000 96.147200
11.380000 96.726400
11.400000 96.147200
11.420000 96.726400
11.440000 96.147200
11.460000 96.726400
11.480000 96.147200
11.500000 96.147200
11.520000 96.726400
11.540000 96.147200
11.560000 96.726400
11.580000 96.147200
11.600000 96.726400
11.620000 96.147200
11.640000 96.726400
11.660000 96.147200
11.680000 96.147200
11.700000 96.726400
11.720000 96.147200
11.740000 96.726400
11.760000 96.147200
11.780000 96.726400
11.800000 96.147200
11.820000 96.726400
11.840000 96.147200
11.860000 96.147200
11.880000 96.726400
11.900000 96.147200
11.920000 96.726400
11.940000 96.147200
11.960000 96.726400
11.980000 96.147200
12.000000 96.726400
12.020000 96.147200
12.040000 96.147200
12.060000 96.726400
12.080000 96.147200
12.100000 96.726400
12.120000 96.147200
12.140000 96.726400
12.160000 96.147200
12.180000 96.726400
12.200000 96.147200
12.220000 96.147200
12.240000 96.726400
12.260000 96.147200
12.280000 96.726400
12.300000 96.147200
12.320000 96.726400
12.340000 96.147200
12.360000 96.726400
12.380000 96.147200
12.400000 96.147200
12.420000 96.726400
12.440000 96.147200
12.460000 96.726400
12.480000 96.147200
12.500000 96.726400
12.520000 96.147200
12.540000 96.726400
12.560000 96.147200
12.580000 96.147200
12.600000 96.726400
12.620000 96.147200
12.640000 96.726400
12.660000 96.147200
12.680000 96.726400
12.700000 96.147200
12.720000 96.726400
12.740000 96.147200
12.760000 96.147200
12.780000 96.726400
12.800000 96.147200
12.820000 96.726400
12.840000 96.147200
12.860000 96.726400
12.880000 96.147200
12.900000 96.726400
12.920000 96.147200
12.940000 96.147200
12.960000 96.726400
12.980000 96.147200
13.000000 96.726400
13.020000 96.147200
13.040000 96.726400
13.060000 96.147200
13.080000 96.726400
13.100000 96.147200
13.120000 96.147200
13.140000 96.726400
13.160000 96.147200
13.180000 96.726400
13.200000 96.147200
13.220000 96.726400
13.240000 96.147200
13.260000 96.726400
13.280000 96.147200
13.300000 96.147200
13.320000 96.726400
13.340000 96.147200
13.360000 96.726400
13.380000 96.147200
13.400000 96.726400
13.420000 96.147200
13.440000 96.726400
13.460000 96.147200
13.480000 96.147200
13.500000 96.726400
13.520000 96.147200
13.540000 96.726400
13.560000 96.147200
13.580000 96.726400
13.600000 96.147200
13.620000 96.726400
13.640000 96.147200
13.660000 96.147200
13.680000 96.726400
13.700000 96.147200
13.720000 96.726400
13.740000 96.147200
13.760000 96.726400
13.780000 96.147200
13.800000 96.726400
13.820000 96.147200
13.840000 96.147200
13.860000 96.726400
13.880000 96.147200
13.900000 96.726400
13.920000 96.147200
13.940000 96.726400
13.960000 96.147200
13.980000 96.726400
14.000000 96.147200
14.020000 96.147200
14.040000 96.726400
14.060000 96.147200
14.080000 96.726400
14.100000 96.147200
14.120000 96.726400
14.140000 96.147200
14.160000 96.726400
14.180000 96.147200
14.200000 96.147200
14.220000 96.726400
14.240000 96.147200
14.260000 96.726400
14.280000 96.147200
14.300000 96.726400
14.320000 96.147200
14.340000 96.726400
14.360000 96.147200
14.380000 96.147200
14.400000 96.726400
14.420000 96.147200
14.440000 96.726400
14.460000 96.147200
14.480000 96.726400
14.500000 96.147200
14.520000 96.726400
14.540000 96.147200
14.560000 96.147200
14.580000 96.726400
14.600000 96.147200
14.620000 96.726400
14.640000 96.147200
14.660000 96.726400
14.680000 96.147200
14.700000 96.726400
14.720000 96.147200
14.740000 96.147200
14.760000 96.726400
14.780000 96.147200
14.800000 96.726400
14.820000 96.147200
14.840000 96.726400
14.860000 96.147200
14.880000 96.726400
14.900000 96.147200
14.920000 96.147200
14.940000 96.726400
14.960000 96.147200
14.980000 96.726400
15.000000 96.147200
15.020000 96.726400
15.040000 96.147200
15.060000 96.726400
15.080000 96.147200
15.100000 96.147200
15.120000 96.726400
15.140000 96.147200
15.160000 96.726400
15.180000 96.147200
15.200000 96.726400
15.220000 96.147200
15.240000 96.726400
15.260000 96.147200
15.280000 96.147200
15.300000 96.726400
15.320000 96.147200
15.340000 96.726400
15.360000 96.147200
15.380000 96.726400
15.400000 96.147200
15.420000 96.726400
15.440000 96.147200
15.460000 96.147200
15.480000 96.726400
15.500000 96.147200
15.520000 96.726400
15.540000 96.147200
15.560000 96.726400
15.580000 96.147200
15.600000 96.726400
15.620000 96.147200
15.640000 96.147200
15.660000 96.726400
15.680000 96.147200
15.700000 96.726400
15.720000 96.147200
15.740000 96.726400
15.760000 96.147200
15.780000 96.726400
15.800000 96.147200
15.820000 96.147200
15.840000 96.726400
15.860000 96.147200
15.880000 96.726400
15.900000 96.147200
15.920000 96.726400
15.940000 96.147200
15.960000 96.726400
15.980000 96.147200
16.000000 96.726400
16.020000 96.147200
16.040000 96.147200
16.060000 96.726400
16.080000 96.147200
16.100000 96.726400
16.120000 96.147200
16.140000 96.726400
16.160000 96.147200
16.180000 96.726400
16.200000 96.147200
16.220000 96.147200
16.240000 96.726400
16.260000 96.147200
16.280000 96.726400
16.300000 96.147200
16.320000 96.726400
16.340000 96.147200
16.360000 96.726400
16.380000 96.147200
16.400000 96.147200
16.420000 96.726400
16.440000 96.147200
16.460000 96.726400
16.480000 96.147200
16.500000 96.726400
16.520000 96.147200
16.540000 96.726400
16.560000 96.147200
16.580000 96.147200
16.600000 96.726400
16.620000 96.147200
16.640000 96.726400
16.660000 96.147200
16.680000 96.726400
16.700000 96.147200
16.720000 96.726400
16.740000 96.147200
16.760000 96.147200
16.780000 96.726400
16.800000 96.147200
16.820000 96.726400
16.840000 96.147200
16.860000 96.726400
16.880000 96.147200
16.900000 96.726400
16.920000 96.147200
16.940000 96.147200
16.960000 96.726400
16.980000 96.147200
17.000000 96.726400
17.020000 96.147200
17.040000 96.726400
17.060000 96.147200
17.080000 96.726400
17.100000 96.147200
17.120000 96.147200
17.140000 96.726400
17.160000 96.147200
17.180000 96.726400
17.200000 96.147200
17.220000 96.726400
17.240000 96.147200
17.260000 96.726400
17.280000 96.147200
17.300000 96.147200
17.320000 96.726400
17.340000 96.147200
17.360000 96.726400
17.380000 96.147200
17.400000 96.726400
17.420000 96.147200
17.440000 96.726400
17.460000 96.147200
17.480000 96.147200
17.500000 96.726400
17.520000 96.147200
17.540000 96.726400
17.560000 96.147200
17.580000 96.726400
17.600000 96.147200
17.620000 96.726400
17.640000 96.147200
17.660000 96.147200
17.680000 96.726400
17.700000 96.147200
17.720000 96.726400
17.740000 96.147200
17.760000 96.726400
17.780000 96.147200
17.800000 96.726400
17.820000 96.147200
17.840000 96.147200
17.860000 96.726400
17.880000 96.147200
17.900000 96.726400
17.920000 96.147200
17.940000 96.726400
17.960000 96.147200
17.980000 96.726400
18.000000 96.147200
18.020000 96.147200
18.040000 96.726400
18.060000 96.147200
18.080000 96.726400
18.100000 96.147200
18.120000 96.726400
18.140000 96.147200
18.160000 96.726400
18.180000 96.147200
18.200000 96.147200
18.220000 96.726400
18.240000 96.147200
18.260000 96.726400
18.280000 96.147200
18.300000 96.726400
18.320000 96.147200
18.340000 96.726400
18.360000 96.147200
18.380000 96.147200
18.400000 96.726400
18.420000 96.147200
18.440000 96.726400
18.460000 96.147200
18.480000 96.726400
18.500000 96.147200
18.520000 96.726400
18.540000 96.147200
18.560000 96.147200
18.580000 96.726400
18.600000 96.147200
18.620000 96.726400
18.640000 96.147200
18.660000 96.726400
18.680000 96.147200
18.700000 96.726400
18.720000 96.147200
18.740000 96.147200
18.760000 96.726400
18.780000 96.147200
18.800000 96.726400
18.820000 96.147200
18.840000 96.726400
18.860000 96.147200
18.880000 96.726400
18.900000 96.147200
18.920000 96.147200
18.940000 96.726400
18.960000 96.147200
18.980000 96.726400
19.000000 96.147200
19.020000 96.726400
19.040000 96.147200
19.060000 96.726400
19.080000 96.147200
19.100000 96.147200
19.120000 96.726400
19.140000 96.147200
19.160000 96.726400
19.180000 96.147200
19.200000 96.726400
19.220000 96.147200
19.240000 96.726400
19.260000 96.147200
19.280000 96.147200
19.300000 96.726400
19.320000 96.147200
19.340000 96.726400
19.360000 96.147200
19.380000 96.726400
19.400000 96.147200
19.420000 96.726400
19.440000 96.147200
19.460000 96.147200
19.480000 96.726400
19.500000 96.147200
19.520000 96.726400
19.540000 96.147200
19.560000 96.726400
19.580000 96.147200
19.600000 96.726400
19.620000 96.147200
19.640000 96.147200
19.660000 96.726400
19.680000 96.147200
19.700000 96.726400
19.720000 96.147200
19.740000 96.726400
19.760000 96.147200
19.780000 96.726400
19.800000 96.147200
19.820000 96.147200
19.840000 96.726400
19.860000 96.147200
19.880000 96.726400
19.900000 96.147200
19.920000 96.726400
19.940000 96.147200
19.960000 96.726400
19.980000 96.147200
20.000000 96.147200
20.020000 96.726400
20.040000 96.147200
20.060000 96.726400
20.080000 96.147200
20.100000 96.726400
20.120000 96.147200
20.140000 96.147200
20.160000 96.726400
20.180000 96.147200
20.200000 96.726400
20.220000 96.147200
20.240000 96.726400
20.260000 96.147200
20.280000 96.726400
20.300000 96.147200
20.320000 96.147200
20.340000 96.726400
20.360000 96.147200
20.380000 96.726400
20.400000 96.147200
20.420000 96.726400
20.440000 96.147200
20.460000 96.726400
20.480000 96.147200
20.500000 96.147200
20.520000 96.726400
20.540000 96.147200
20.560000 96.726400
20.580000 80.508800
20.600000 24.326400
20.620000 34.172800
20.640000 17.376000
20.660000 37.648000
20.680000 208.512000
20.700000 257.744000
20.720000 56.761600
20.740000 64.870400
20.760000 181.868800
20.780000 96.726400
20.800000 96.147200
20.820000 96.726400
20.840000 96.147200
20.860000 96.147200
20.880000 96.726400
20.900000 96.147200
20.920000 96.726400
20.940000 96.147200
20.960000 96.726400
20.980000 96.147200
21.000000 96.726400
21.020000 96.147200
21.040000 96.726400
21.060000 96.147200
21.080000 96.147200
21.100000 96.726400
21.120000 96.147200
21.140000 96.726400
21.160000 96.147200
21.180000 96.726400
21.200000 96.147200
21.220000 96.726400
21.240000 96.147200
21.260000 96.147200
21.280000 96.726400
21.300000 96.147200
21.320000 96.726400
21.340000 96.147200
21.360000 96.726400
21.380000 96.147200
21.400000 96.726400
21.420000 96.147200
21.440000 96.147200
21.460000 96.726400
21.480000 96.147200
21.500000 96.726400
21.520000 96.147200
21.540000 96.726400
21.560000 96.147200
21.580000 96.726400
21.600000 96.147200
21.620000 96.147200
21.640000 96.726400
21.660000 96.147200
21.680000 96.726400
21.700000 96.147200
21.720000 96.726400
21.740000 96.147200
21.760000 96.726400
21.780000 96.147200
21.800000 96.147200
21.820000 96.726400
21.840000 96.147200
21.860000 96.726400
21.880000 96.147200
21.900000 96.726400
21.920000 96.147200
21.940000 96.726400
21.960000 96.147200
21.980000 96.147200
22.000000 96.726400
22.020000 96.147200
22.040000 96.726400
22.060000 96.147200
22.080000 96.726400
22.100000 96.147200
22.120000 96.726400
22.140000 96.147200
22.160000 96.147200
22.180000 96.726400
22.200000 96.147200
22.220000 96.726400
22.240000 96.147200
22.260000 96.726400
22.280000 96.147200
22.300000 96.726400
22.320000 96.147200
22.340000 96.147200
22.360000 96.726400
22.380000 96.147200
22.400000 96.726400
22.420000 96.147200
22.440000 96.726400
22.460000 96.147200
22.480000 96.726400
22.500000 96.147200
22.520000 96.147200
22.540000 96.726400
22.560000 96.147200
22.580000 96.726400
22.600000 96.147200
22.620000 96.726400
22.640000 96.147200
22.660000 96.726400
22.680000 96.147200
22.700000 96.147200
22.720000 96.726400
22.740000 96.147200
22.760000 96.726400
22.780000 96.147200
22.800000 96.726400
22.820000 96.147200
22.840000 96.726400
22.860000 96.147200
22.880000 96.147200
22.900000 96.726400
22.920000 96.147200
22.940000 96.726400
22.960000 96.147200
22.980000 96.726400
23.000000 96.147200
23.020000 96.726400
23.040000 96.147200
23.060000 96.147200
23.080000 96.726400
23.100000 96.147200
23.120000 96.726400
23.140000 96.147200
23.160000 96.726400
23.180000 96.147200
23.200000 96.726400
23.220000 96.147200
23.240000 96.147200
23.260000 96.726400
23.280000 96.147200
23.300000 96.726400
23.320000 96.147200
23.340000 96.726400
23.360000 96.147200
23.380000 96.726400
23.400000 96.147200
23.420000 96.147200
23.440000 96.726400
23.460000 96.147200
23.480000 96.726400
23.500000 96.147200
23.520000 96.726400
23.540000 96.147200
23.560000 96.726400
23.580000 96.147200
23.600000 96.147200
23.620000 96.726400
23.640000 96.147200
23.660000 96.726400
23.680000 96.147200
23.700000 96.726400
23.720000 96.147200
23.740000 96.726400
23.760000 96.147200
23.780000 96.147200
23.800000 96.726400
23.820000 96.147200
23.840000 96.726400
23.860000 96.147200
23.880000 96.726400
23.900000 96.147200
23.920000 96.726400
23.940000 96.147200
23.960000 96.147200
23.980000 96.726400
24.000000 96.147200
24.020000 96.726400
24.040000 96.147200
24.060000 96.726400
24.080000 96.147200
24.100000 96.726400
24.120000 96.147200
24.140000 96.147200
24.160000 96.726400
24.180000 96.147200
24.200000 96.726400
24.220000 96.147200
24.240000 96.726400
24.260000 96.147200
24.280000 96.726400
24.300000 96.147200
24.320000 96.147200
24.340000 96.726400
24.360000 96.147200
24.380000 96.726400
24.400000 96.147200
24.420000 96.726400
24.440000 96.147200
24.460000 96.726400
24.480000 96.147200
24.500000 96.147200
24.520000 96.726400
24.540000 96.147200
24.560000 96.726400
24.580000 96.147200
24.600000 96.726400
24.620000 96.147200
24.640000 96.726400
24.660000 96.147200
24.680000 96.147200
24.700000 96.726400
24.720000 96.147200
24.740000 96.726400
24.760000 96.147200
24.780000 96.726400
24.800000 96.147200
24.820000 96.726400
24.840000 96.147200
24.860000 96.147200
24.880000 96.726400
24.900000 96.147200
24.920000 96.726400
24.940000 96.147200
24.960000 96.726400
24.980000 96.147200
25.000000 96.726400
25.020000 96.147200
25.040000 96.147200
25.060000 96.726400
25.080000 96.147200
25.100000 96.726400
25.120000 96.147200
25.140000 96.726400
25.160000 96.147200
25.180000 96.726400
25.200000 96.147200
25.220000 96.147200
25.240000 96.726400
25.260000 96.147200
25.280000 96.726400
25.300000 96.147200
25.320000 96.726400
25.340000 96.147200
25.360000 96.726400
25.380000 96.147200
25.400000 96.147200
25.420000 96.726400
25.440000 96.147200
25.460000 96.726400
25.480000 96.147200
25.500000 96.726400
25.520000 96.147200
25.540000 96.726400
25.560000 96.147200
25.580000 96.147200
25.600000 96.726400
25.620000 96.147200
25.640000 96.726400
25.660000 96.147200
25.680000 96.726400
25.700000 96.147200
25.720000 96.726400
25.740000 96.147200
25.760000 96.147200
25.780000 96.726400
25.800000 96.147200
25.820000 96.726400
25.840000 96.147200
25.860000 96.726400
25.880000 96.147200
25.900000 96.726400
25.920000 96.147200
25.940000 96.147200
25.960000 96.726400
25.980000 96.147200
26.000000 96.726400
26.020000 96.147200
26.040000 96.726400
26.060000 96.147200
26.080000 96.726400
26.100000 96.147200
26.120000 96.147200
26.140000 96.726400
26.160000 96.147200
26.180000 96.726400
26.200000 96.147200
26.220000 96.726400
26.240000 96.147200
26.260000 96.726400
26.280000 96.147200
26.300000 96.147200
26.320000 96.726400
26.340000 96.147200
26.360000 96.726400
26.380000 96.147200
26.400000 96.726400
26.420000 96.147200
26.440000 96.726400
26.460000 96.147200
26.480000 96.147200
26.500000 96.726400
26.520000 96.147200
26.540000 96.726400
26.560000 96.147200
26.580000 96.726400
26.600000 96.147200
26.620000 96.726400
26.640000 96.147200
26.660000 96.147200
26.680000 96.726400
26.700000 96.147200
26.720000 96.726400
26.740000 96.147200
26.760000 96.726400
26.780000 96.147200
26.800000 96.726400
26.820000 96.147200
26.840000 96.147200
26.860000 96.726400
26.880000 96.147200
26.900000 96.726400
26.920000 96.147200
26.940000 96.726400
26.960000 96.147200
26.980000 96.726400
27.000000 96.147200
27.020000 96.147200
27.040000 96.726400
27.060000 96.147200
27.080000 96.726400
27.100000 96.147200
27.120000 96.726400
27.140000 96.147200
27.160000 96.726400
27.180000 96.147200
27.200000 96.147200
27.220000 96.726400
27.240000 96.147200
27.260000 96.726400
27.280000 96.147200
27.300000 96.726400
27.320000 96.147200
27.340000 96.726400
27.360000 96.147200
27.380000 96.147200
27.400000 96.726400
27.420000 96.147200
27.440000 96.726400
27.460000 96.147200
27.480000 96.726400
27.500000 96.147200
27.520000 96.726400
27.540000 96.147200
27.560000 96.147200
27.580000 96.726400
27.600000 96.147200
27.620000 96.726400
27.640000 96.147200
27.660000 96.726400
27.680000 96.147200
27.700000 96.726400
27.720000 96.147200
27.740000 96.147200
27.760000 96.726400
27.780000 96.147200
27.800000 96.726400
27.820000 96.147200
27.840000 96.726400
27.860000 96.147200
27.880000 96.726400
27.900000 96.147200
27.920000 96.147200
27.940000 96.726400
27.960000 96.147200
27.980000 96.726400
28.000000 96.147200
28.020000 96.726400
28.040000 96.147200
28.060000 96.726400
28.080000 96.147200
28.100000 96.147200
28.120000 96.726400
28.140000 96.147200
28.160000 96.726400
28.180000 96.147200
28.200000 96.726400
28.220000 96.147200
28.240000 96.726400
28.260000 96.147200
28.280000 96.147200
28.300000 96.726400
28.320000 96.147200
28.340000 96.726400
28.360000 96.147200
28.380000 96.726400
28.400000 96.147200
28.420000 96.726400
28.440000 96.147200
28.460000 96.147200
28.480000 96.726400
28.500000 96.147200
28.520000 96.726400
28.540000 96.147200
28.560000 96.726400
28.580000 96.147200
28.600000 96.726400
28.620000 96.147200
28.640000 96.726400
28.660000 96.147200
28.680000 96.147200
28.700000 96.726400
28.720000 96.147200
28.740000 96.726400
28.760000 96.147200
28.780000 96.726400
28.800000 96.147200
28.820000 96.726400
28.840000 96.147200
28.860000 96.147200
28.880000 96.726400
28.900000 96.147200
28.920000 96.726400
28.940000 96.147200
28.960000 96.726400
28.980000 96.147200
29.000000 96.726400
29.020000 96.147200
29.040000 96.147200
29.060000 96.726400
29.080000 96.147200
29.100000 96.726400
29.120000 96.147200
29.140000 96.726400
29.160000 96.147200
29.180000 96.726400
29.200000 96.147200
29.220000 96.147200
29.240000 96.726400
29.260000 96.147200
29.280000 96.726400
29.300000 96.147200
29.320000 96.726400
29.340000 96.147200
29.360000 96.726400
29.380000 96.147200
29.400000 96.147200
29.420000 96.726400
29.440000 96.147200
29.460000 96.726400
29.480000 96.147200
29.500000 96.726400
29.520000 96.147200
29.540000 96.726400
29.560000 96.147200
29.580000 96.147200
29.600000 96.726400
29.620000 96.147200
29.640000 96.726400
29.660000 96.147200
29.680000 96.726400
29.700000 96.147200
29.720000 96.726400
29.740000 96.147200
29.760000 96.147200
29.780000 96.726400
29.800000 96.147200
29.820000 96.726400
29.840000 96.147200
29.860000 96.726400
29.880000 96.147200
29.900000 96.726400
29.920000 96.147200
29.940000 61.395200
29.960000 60.816000
29.980000 61.974400
30.000000 62.553600
30.020000 63.712000
30.040000 62.553600
30.060000 65.449600
30.080000 65.449600
30.100000 66.028800
30.120000 67.187200
30.140000 67.187200
30.160000 68.345600
30.180000 68.345600
30.200000 69.504000
30.220000 69.504000
30.240000 70.662400
30.260000 70.662400
30.280000 71.820800
30.300000 71.820800
30.320000 72.979200
30.340000 72.979200
30.360000 74.137600
30.380000 72.979200
30.400000 72.979200
30.420000 73.558400
30.440000 74.137600
30.460000 74.716800
30.480000 74.716800
30.500000 75.875200
30.520000 76.454400
30.540000 77.033600
30.560000 77.033600
30.580000 77.612800
30.600000 78.192000
30.620000 78.771200
30.640000 79.350400
30.660000 79.929600
30.680000 80.508800
30.700000 81.667200
30.720000 92.672000
30.740000 96.147200
30.760000 96.147200
30.780000 96.726400
30.800000 96.147200
30.820000 96.726400
30.840000 96.147200
30.860000 96.726400
30.880000 96.147200
30.900000 96.726400
30.920000 96.147200
30.940000 96.147200
30.960000 96.726400
30.980000 96.147200
31.000000 96.726400
31.020000 96.147200
31.040000 96.726400
31.060000 96.147200
31.080000 96.726400
31.100000 96.147200
31.120000 96.147200
31.140000 96.726400
31.160000 96.147200
31.180000 96.726400
31.200000 96.147200
31.220000 96.726400
31.240000 96.147200
31.260000 96.726400
31.280000 96.147200
31.300000 96.147200
31.320000 96.726400
31.340000 96.147200
31.360000 96.726400
31.380000 96.147200
31.400000 96.726400
31.420000 96.147200
31.440000 96.726400
31.460000 96.147200
31.480000 96.147200
31.500000 96.726400
31.520000 96.147200
31.540000 96.726400
31.560000 96.147200
31.580000 96.726400
31.600000 96.147200
31.620000 96.726400
31.640000 96.147200
31.660000 96.147200
31.680000 96.726400
31.700000 96.147200
31.720000 96.726400
31.740000 96.147200
31.760000 96.726400
31.780000 96.147200
31.800000 96.726400
31.820000 96.147200
31.840000 96.147200
31.860000 96.726400
31.880000 96.147200
31.900000 96.726400
31.920000 96.147200
31.940000 96.726400
31.960000 96.147200
31.980000 96.726400
32.000000 96.147200
32.020000 96.147200
32.040000 96.726400
32.060000 96.147200
32.080000 96.726400
32.100000 96.147200
32.120000 96.726400
32.140000 96.147200
32.160000 96.726400
32.180000 96.147200
32.200000 96.147200
32.220000 96.726400
32.240000 96.147200
32.260000 96.726400
32.280000 96.147200
32.300000 96.726400
32.320000 96.147200
32.340000 96.726400
32.360000 96.147200
32.380000 96.147200
32.400000 96.726400
32.420000 96.147200
32.440000 96.726400
32.460000 96.147200
32.480000 96.726400
32.500000 96.147200
32.520000 96.726400
32.540000 96.147200
32.560000 96.147200
32.580000 96.726400
32.600000 96.147200
32.620000 96.726400
32.640000 96.147200
32.660000 96.726400
32.680000 96.147200
32.700000 96.726400
32.720000 96.147200
32.740000 96.147200
32.760000 96.726400
32.780000 96.147200
32.800000 96.726400
32.820000 96.147200
32.840000 96.726400
32.860000 96.147200
32.880000 96.726400
32.900000 96.147200
32.920000 96.147200
32.940000 96.726400
32.960000 96.147200
32.980000 96.726400
33.000000 96.147200
33.020000 96.726400
33.040000 96.147200
33.060000 96.726400
33.080000 96.147200
33.100000 96.147200
33.120000 96.726400
33.140000 96.147200
33.160000 96.726400
33.180000 96.147200
33.200000 96.726400
33.220000 96.147200
33.240000 96.726400
33.260000 96.147200
33.280000 96.147200
33.300000 96.726400
33.320000 96.147200
33.340000 96.726400
33.360000 96.147200
33.380000 96.726400
33.400000 96.147200
33.420000 96.726400
33.440000 96.147200
33.460000 96.147200
33.480000 96.726400
33.500000 96.147200
33.520000 96.726400
33.540000 96.147200
33.560000 96.726400
33.580000 96.147200
33.600000 96.726400
33.620000 96.147200
33.640000 96.726400
33.660000 96.147200
33.680000 96.147200
33.700000 96.726400
33.720000 96.147200
33.740000 96.726400
33.760000 96.147200
33.780000 96.726400
33.800000 96.147200
33.820000 96.726400
33.840000 96.147200
33.860000 96.147200
33.880000 96.726400
33.900000 96.147200
33.920000 96.726400
33.940000 96.147200
33.960000 96.726400
33.980000 96.147200
34.000000 96.726400
34.020000 96.147200
34.040000 96.147200
34.060000 96.726400
34.080000 96.147200
34.100000 96.726400
34.120000 96.147200
34.140000 96.726400
34.160000 96.147200
34.180000 96.726400
34.200000 96.147200
34.220000 96.147200
34.240000 96.726400
34.260000 96.147200
34.280000 96.726400
34.300000 96.147200
34.320000 96.726400
34.340000 96.147200
34.360000 96.726400
34.380000 96.147200
34.400000 96.147200
34.420000 96.726400
34.440000 96.147200
34.460000 96.726400
34.480000 96.147200
34.500000 96.726400
34.520000 96.147200
34.540000 96.726400
34.560000 96.147200
34.580000 96.147200
34.600000 96.726400
34.620000 96.147200
34.640000 96.726400
34.660000 96.147200
34.680000 96.726400
34.700000 96.147200
34.720000 96.726400
34.740000 96.147200
34.760000 96.147200
34.780000 96.726400
34.800000 96.147200
34.820000 96.726400
34.840000 96.147200
34.860000 96.726400
34.880000 96.147200
34.900000 96.726400
34.920000 96.147200
34.940000 96.147200
34.960000 96.726400
34.980000 96.147200
35.000000 96.726400
35.020000 96.147200
35.040000 96.726400
35.060000 96.147200
35.080000 96.726400
35.100000 96.147200
35.120000 96.147200
35.140000 96.726400
35.160000 96.147200
35.180000 96.726400
35.200000 96.147200
35.220000 96.726400
35.240000 96.147200
35.260000 96.726400
35.280000 96.147200
35.300000 96.147200
35.320000 96.726400
35.340000 96.147200
35.360000 96.726400
35.380000 96.147200
35.400000 96.726400
35.420000 96.147200
35.440000 96.726400
35.460000 96.147200
35.480000 96.147200
35.500000 96.726400
35.520000 96.147200
35.540000 96.726400
35.560000 96.147200
35.580000 96.726400
35.600000 96.147200
35.620000 96.726400
35.640000 96.147200
35.660000 96.147200
35.680000 96.726400
35.700000 96.147200
35.720000 96.726400
35.740000 96.147200
35.760000 96.726400
35.780000 96.147200
35.800000 96.726400
35.820000 96.147200
35.840000 96.147200
35.860000 96.726400
35.880000 96.147200
35.900000 96.726400
35.920000 96.147200
35.940000 96.726400
35.960000 96.147200
35.980000 96.726400
36.000000 96.147200
36.020000 96.147200
36.040000 96.726400
36.060000 96.147200
36.080000 96.726400
36.100000 96.147200
36.120000 96.726400
36.140000 96.147200
36.160000 96.726400
36.180000 96.147200
36.200000 96.147200
36.220000 96.726400
36.240000 96.147200
36.260000 96.726400
36.280000 96.147200
36.300000 96.726400
36.320000 96.147200
36.340000 96.726400
36.360000 96.147200
36.380000 96.147200
36.400000 96.726400
36.420000 96.147200
36.440000 96.726400
36.460000 96.147200
36.480000 96.726400
36.500000 96.147200
36.520000 96.726400
36.540000 96.147200
36.560000 96.147200
36.580000 96.726400
36.600000 96.147200
36.620000 96.726400
36.640000 96.147200
36.660000 96.726400
36.680000 96.147200
36.700000 96.726400
36.720000 96.147200
36.740000 96.147200
36.760000 96.726400
36.780000 96.147200
36.800000 96.726400
36.820000 96.147200
36.840000 96.726400
36.860000 96.147200
36.880000 96.726400
36.900000 96.147200
36.920000 96.147200
36.940000 96.726400
36.960000 96.147200
36.980000 96.726400
37.000000 96.147200
37.020000 96.726400
37.040000 96.147200
37.060000 96.726400
37.080000 96.147200
37.100000 96.147200
37.120000 96.726400
37.140000 96.147200
37.160000 96.726400
37.180000 96.147200
37.200000 96.726400
37.220000 96.147200
37.240000 96.726400
37.260000 96.147200
37.280000 96.147200
37.300000 96.726400
37.320000 96.147200
37.340000 96.726400
37.360000 96.147200
37.380000 96.726400
37.400000 96.147200
37.420000 96.726400
37.440000 96.147200
37.460000 96.147200
37.480000 96.726400
37.500000 96.147200
37.520000 96.726400
37.540000 96.147200
37.560000 96.726400
37.580000 96.147200
37.600000 96.726400
37.620000 96.147200
37.640000 96.147200
37.660000 96.726400
37.680000 96.147200
37.700000 96.726400
37.720000 96.147200
37.740000 96.726400
37.760000 96.147200
37.780000 96.726400
37.800000 96.147200
37.820000 96.147200
37.840000 96.726400
37.860000 96.147200
37.880000 96.726400
37.900000 96.147200
37.920000 96.726400
37.940000 96.147200
37.960000 96.726400
37.980000 96.147200
38.000000 96.147200
38.020000 96.726400
38.040000 96.147200
38.060000 96.726400
38.080000 96.147200
38.100000 96.726400
38.120000 96.147200
38.140000 96.726400
38.160000 96.147200
38.180000 96.147200
38.200000 96.726400
38.220000 96.147200
38.240000 96.726400
38.260000 96.147200
38.280000 96.726400
38.300000 96.147200
38.320000 96.726400
38.340000 96.147200
38.360000 96.147200
38.380000 96.726400
38.400000 96.147200
38.420000 96.726400
38.440000 96.147200
38.460000 96.726400
38.480000 96.147200
38.500000 96.726400
38.520000 96.147200
38.540000 96.147200
38.560000 96.726400
38.580000 96.147200
38.600000 96.726400
38.620000 96.147200
38.640000 96.726400
38.660000 96.147200
38.680000 96.726400
38.700000 96.147200
38.720000 96.147200
38.740000 96.726400
38.760000 96.147200
38.780000 96.726400
38.800000 96.147200
38.820000 96.726400
38.840000 96.147200
38.860000 96.726400
38.880000 96.147200
38.900000 96.147200
38.920000 96.726400
38.940000 96.147200
38.960000 96.726400
38.980000 96.147200
39.000000 96.726400
39.020000 96.147200
39.040000 96.726400
39.060000 96.147200
39.080000 96.147200
39.100000 96.726400
39.120000 96.147200
39.140000 96.726400
39.160000 96.147200
39.180000 96.726400
39.200000 96.147200
39.220000 96.726400
39.240000 96.147200
39.260000 96.147200
39.280000 96.726400
39.300000 96.147200
39.320000 96.726400
39.340000 96.147200
39.360000 96.726400
39.380000 96.147200
39.400000 96.726400
39.420000 96.147200
39.440000 96.147200
39.460000 96.726400
39.480000 96.147200
39.500000 96.726400
39.520000 96.147200
39.540000 96.726400
39.560000 96.147200
39.580000 96.726400
39.600000 96.147200
39.620000 96.147200
39.640000 96.726400
39.660000 96.147200
39.680000 96.726400
39.700000 96.147200
39.720000 96.726400
39.740000 96.147200
39.760000 96.726400
39.780000 96.147200
39.800000 96.147200
39.820000 96.726400
39.840000 96.147200
39.860000 96.726400
39.880000 96.147200
39.900000 96.726400
39.920000 96.147200
39.940000 78.192000
39.960000 75.875200
39.980000 77.033600
40.000000 78.192000
40.020000 77.612800
40.040000 77.612800
40.060000 78.192000
40.080000 79.350400
40.100000 78.771200
40.120000 79.350400
40.140000 79.929600
40.160000 80.508800
40.180000 79.929600
40.200000 79.929600
40.220000 79.350400
40.240000 78.771200
40.260000 79.929600
40.280000 79.929600
40.300000 80.508800
40.320000 80.508800
40.340000 81.088000
40.360000 81.088000
40.380000 81.667200
40.400000 81.667200
40.420000 82.246400
40.440000 82.246400
40.460000 82.246400
40.480000 82.825600
40.500000 82.825600
40.520000 82.825600
40.540000 83.404800
40.560000 83.984000
40.580000 83.984000
40.600000 84.563200
40.620000 84.563200
40.640000 85.142400
40.660000 85.142400
40.680000 85.142400
40.700000 67.187200
40.720000 67.187200
40.740000 67.766400
40.760000 67.766400
40.780000 68.345600
40.800000 67.766400
40.820000 68.924800
40.840000 68.924800
40.860000 69.504000
40.880000 69.504000
40.900000 70.083200
40.920000 70.083200
40.940000 70.662400
40.960000 70.662400
40.980000 70.662400
41.000000 71.241600
41.020000 71.241600
41.040000 71.820800
41.060000 72.979200
41.080000 73.558400
41.100000 74.137600
41.120000 74.716800
41.140000 74.137600
41.160000 74.716800
41.180000 75.296000
41.200000 75.875200
41.220000 75.296000
41.240000 75.875200
41.260000 76.454400
41.280000 77.033600
41.300000 76.454400
41.320000 77.033600
41.340000 75.875200
41.360000 75.875200
41.380000 75.875200
41.400000 76.454400
41.420000 76.454400
41.440000 77.033600
41.460000 77.033600
41.480000 77.612800
41.500000 77.033600
41.520000 78.192000
41.540000 78.192000
41.560000 78.771200
41.580000 78.771200
41.600000 79.350400
41.620000 79.350400
41.640000 79.929600
41.660000 79.929600
41.680000 80.508800
41.700000 75.296000
41.720000 75.296000
41.740000 75.296000
41.760000 75.875200
41.780000 75.296000
41.800000 76.454400
41.820000 76.454400
41.840000 77.033600
41.860000 77.033600
41.880000 77.612800
41.900000 77.612800
41.920000 77.612800
41.940000 78.192000
41.960000 78.192000
41.980000 78.771200
42.000000 78.771200
42.020000 79.350400
42.040000 79.350400
42.060000 79.350400
42.080000 79.929600
42.100000 80.508800
42.120000 80.508800
42.140000 81.088000
42.160000 81.088000
42.180000 81.667200
42.200000 81.667200
42.220000 82.246400
42.240000 82.246400
42.260000 82.825600
42.280000 82.825600
42.300000 83.984000
42.320000 85.142400
42.340000 84.563200
42.360000 85.142400
42.380000 85.721600
42.400000 86.300800
42.420000 85.721600
42.440000 86.300800
42.460000 85.142400
42.480000 84.563200
42.500000 85.721600
42.520000 85.721600
42.540000 86.300800
42.560000 86.300800
42.580000 86.300800
42.600000 86.880000
42.620000 86.880000
42.640000 87.459200
42.660000 87.459200
42.680000 88.038400
42.700000 83.984000
42.720000 83.984000
42.740000 83.984000
42.760000 83.984000
42.780000 84.563200
42.800000 85.142400
42.820000 85.142400
42.840000 85.142400
42.860000 85.721600
42.880000 85.721600
42.900000 86.300800
42.920000 86.300800
42.940000 86.880000
42.960000 86.880000
42.980000 87.459200
43.000000 87.459200
43.020000 88.038400
43.040000 87.459200
43.060000 88.617600
43.080000 88.617600
43.100000 89.196800
43.120000 89.196800
43.140000 89.776000
43.160000 89.776000
43.180000 90.355200
43.200000 90.355200
43.220000 90.934400
43.240000 90.934400
43.260000 91.513600
43.280000 91.513600
43.300000 91.513600
43.320000 91.513600
43.340000 92.092800
43.360000 92.672000
43.380000 92.672000
43.400000 93.251200
43.420000 94.988800
43.440000 93.251200
43.460000 93.830400
43.480000 93.830400
43.500000 94.409600
43.520000 94.409600
43.540000 94.988800
43.560000 94.988800
43.580000 94.988800
43.600000 95.568000
43.620000 95.568000
43.640000 96.147200
43.660000 96.147200
43.680000 96.147200
43.700000 79.929600
43.720000 79.929600
43.740000 79.929600
43.760000 80.508800
43.780000 80.508800
43.800000 81.088000
43.820000 81.088000
43.840000 81.667200
43.860000 81.667200
43.880000 81.088000
43.900000 82.246400
43.920000 82.246400
43.940000 82.825600
43.960000 82.825600
43.980000 83.404800
44.000000 83.404800
44.020000 83.984000
44.040000 83.984000
44.060000 84.563200
44.080000 84.563200
44.100000 84.563200
44.120000 85.142400
44.140000 85.142400
44.160000 85.142400
44.180000 85.721600
44.200000 86.300800
44.220000 87.459200
44.240000 88.617600
44.260000 88.038400
44.280000 88.617600
44.300000 89.196800
44.320000 89.196800
44.340000 88.038400
44.360000 88.038400
44.380000 88.617600
44.400000 88.617600
44.420000 89.196800
44.440000 89.196800
44.460000 89.776000
44.480000 89.776000
44.500000 90.355200
44.520000 90.355200
44.540000 90.934400
44.560000 90.934400
44.580000 90.355200
44.600000 91.513600
44.620000 91.513600
44.640000 92.092800
44.660000 92.092800
44.680000 92.672000
44.700000 87.459200
44.720000 87.459200
44.740000 87.459200
44.760000 88.038400
44.780000 88.038400
44.800000 88.617600
44.820000 88.617600
44.840000 89.196800
44.860000 88.617600
44.880000 89.776000
44.900000 89.776000
44.920000 90.355200
44.940000 90.355200
44.960000 90.355200
44.980000 90.934400
45.000000 90.934400
45.020000 91.513600
45.040000 91.513600
45.060000 92.092800
45.080000 92.092800
45.100000 92.672000
45.120000 92.672000
45.140000 92.672000
45.160000 93.251200
45.180000 93.251200
45.200000 93.830400
45.220000 93.830400
45.240000 94.409600
45.260000 94.409600
45.280000 94.988800
45.300000 94.988800
45.320000 95.568000
45.340000 95.568000
45.360000 96.147200
45.380000 96.147200
45.400000 96.147200
45.420000 96.147200
45.440000 96.726400
45.460000 96.147200
45.480000 96.726400
45.500000 96.147200
45.520000 96.726400
45.540000 96.147200
45.560000 96.726400
45.580000 96.147200
45.600000 96.147200
45.620000 96.726400
45.640000 96.147200
45.660000 96.726400
45.680000 96.147200
45.700000 77.612800
45.720000 77.612800
45.740000 78.192000
45.760000 78.192000
45.780000 78.192000
45.800000 78.771200
45.820000 78.771200
45.840000 79.350400
45.860000 79.350400
45.880000 79.929600
45.900000 79.350400
45.920000 80.508800
45.940000 80.508800
45.960000 81.088000
45.980000 81.088000
46.000000 81.667200
46.020000 81.667200
46.040000 82.246400
46.060000 82.246400
46.080000 82.825600
46.100000 82.825600
46.120000 83.404800
46.140000 83.984000
46.160000 84.563200
46.180000 85.142400
46.200000 85.721600
46.220000 86.300800
46.240000 85.721600
46.260000 86.300800
46.280000 86.880000
46.300000 85.721600
46.320000 85.142400
46.340000 85.721600
46.360000 86.300800
46.380000 86.300800
46.400000 86.880000
46.420000 86.880000
46.440000 86.880000
46.460000 87.459200
46.480000 87.459200
46.500000 88.038400
46.520000 88.038400
46.540000 88.617600
46.560000 88.617600
46.580000 89.196800
46.600000 88.617600
46.620000 89.776000
46.640000 89.776000
46.660000 90.355200
46.680000 90.355200
46.700000 86.300800
46.720000 86.300800
46.740000 86.300800
46.760000 86.880000
46.780000 86.880000
46.800000 87.459200
46.820000 87.459200
46.840000 88.038400
46.860000 88.038400
46.880000 88.038400
46.900000 88.617600
46.920000 89.196800
46.940000 89.196800
46.960000 89.776000
46.980000 89.776000
47.000000 90.355200
47.020000 90.355200
47.040000 90.934400
47.060000 90.934400
47.080000 91.513600
47.100000 91.513600
47.120000 91.513600
47.140000 92.092800
47.160000 91.513600
47.180000 92.672000
47.200000 92.672000
47.220000 93.251200
47.240000 93.251200
47.260000 93.830400
47.280000 93.830400
47.300000 94.409600
47.320000 94.409600
47.340000 94.409600
47.360000 94.988800
47.380000 95.568000
47.400000 95.568000
47.420000 95.568000
47.440000 95.568000
47.460000 96.147200
47.480000 96.147200
47.500000 96.147200
47.520000 96.726400
47.540000 96.147200
47.560000 96.726400
47.580000 96.147200
47.600000 96.147200
47.620000 96.726400
47.640000 96.147200
47.660000 96.726400
47.680000 96.147200
47.700000 79.350400
47.720000 79.350400
47.740000 79.929600
47.760000 79.929600
47.780000 80.508800
47.800000 80.508800
47.820000 81.088000
47.840000 81.088000
47.860000 81.667200
47.880000 81.667200
47.900000 81.667200
47.920000 82.246400
47.940000 82.246400
47.960000 82.825600
47.980000 82.825600
48.000000 83.404800
48.020000 83.404800
48.040000 83.984000
48.060000 83.984000
48.080000 84.563200
48.100000 84.563200
48.120000 85.142400
48.140000 85.142400
48.160000 85.721600
48.180000 85.721600
48.200000 86.880000
48.220000 87.459200
48.240000 88.038400
48.260000 88.617600
48.280000 88.038400
48.300000 88.617600
48.320000 87.459200
48.340000 87.459200
48.360000 88.038400
48.380000 88.038400
48.400000 88.617600
48.420000 88.617600
48.440000 89.196800
48.460000 89.196800
48.480000 89.776000
48.500000 89.776000
48.520000 90.355200
48.540000 90.355200
48.560000 90.934400
48.580000 90.934400
48.600000 90.934400
48.620000 91.513600
48.640000 91.513600
48.660000 92.092800
48.680000 92.092800
48.700000 85.142400
48.720000 85.142400
48.740000 85.721600
48.760000 85.721600
48.780000 86.300800
48.800000 86.300800
48.820000 86.300800
48.840000 86.880000
48.860000 86.880000
48.880000 86.880000
48.900000 87.459200
48.920000 88.038400
48.940000 88.038400
48.960000 88.617600
48.980000 88.617600
49.000000 89.196800
49.020000 89.196800
49.040000 89.776000
49.060000 89.776000
49.080000 90.355200
49.100000 90.355200
49.120000 90.934400
49.140000 90.934400
49.160000 90.934400
49.180000 91.513600
49.200000 92.092800
49.220000 92.092800
49.240000 92.092800
49.260000 92.672000
49.280000 92.672000
49.300000 93.251200
49.320000 93.830400
49.340000 94.409600
49.360000 94.988800
49.380000 93.830400
49.400000 94.409600
49.420000 94.409600
49.440000 94.988800
49.460000 94.988800
49.480000 94.988800
49.500000 95.568000
49.520000 95.568000
49.540000 96.147200
49.560000 96.147200
49.580000 96.147200
49.600000 96.147200
49.620000 96.726400
49.640000 96.147200
49.660000 96.726400
49.680000 96.147200
49.700000 77.612800
49.720000 77.612800
49.740000 78.192000
49.760000 78.192000
49.780000 78.771200
49.800000 78.771200
49.820000 79.350400
49.840000 79.350400
49.860000 79.929600
49.880000 79.350400
49.900000 80.508800
49.920000 50.390400
49.940000 0.000000
49.960000 0.000000
49.980000 0.000000
