0.668337 20.608 122.54 0 156672
0.676571 20.369 123.978 0 157184
0.686184 20.369 123.978 0 157696
0.703068 20.489 124.383 0 158208
0.719712 20.489 124.383 0 158720
0.729325 20.37 125.109 0 159232
0.74609 20.489 125.514 0 159744
0.762854 20.489 125.514 0 160256
0.779498 20.489 126.644 0 160768
0.788871 20.489 126.644 0 161280
0.806236 20.489 126.644 0 161792
0.823721 20.489 127.775 0 162304
0.840726 20.489 127.775 0 162816
0.851059 20.489 127.775 0 163328
0.868424 20.489 128.906 0 163840
0.885309 20.489 128.906 0 164352
0.902314 20.369 129.665 0 164864
0.912888 20.489 130.037 0 165376
0.929652 20.489 130.037 0 165888
0.946536 20.369 130.803 0 166400
0.963661 20.489 131.167 0 166912
0.973755 20.489 131.167 0 167424
0.990519 20.369 131.94 0 167936
1.00752 20.489 132.298 0 168448
1.02393 20.369 133.078 0 168960
1.0345 20.489 133.429 0 169472
1.05115 20.489 133.429 0 169984
1.06743 20.369 134.215 0 170496
1.08419 20.489 134.56 0 171008
1.09453 20.489 134.56 0 171520
1.11069 20.369 135.352 0 172032
1.12734 20.489 135.69 0 172544
1.14362 20.369 136.49 0 173056
1.15371 20.369 136.49 0 173568
1.17024 20.489 136.821 0 174080
1.18652 20.489 136.821 0 174592
1.19733 20.489 136.821 0 175104
1.2147 20.489 137.952 0 175616
1.23158 20.489 137.952 0 176128
1.24859 20.369 138.765 0 176640
1.26559 20.489 139.083 0 177152
1.27689 20.489 139.083 0 177664
1.29377 20.489 140.213 0 178176
1.31066 20.489 140.213 0 178688
1.32718 20.369 141.039 0 179200
1.33872 20.489 141.344 0 179712
1.35548 20.489 141.344 0 180224
1.37188 20.369 142.177 0 180736
1.38877 20.489 142.475 0 181248
1.39982 20.489 142.475 0 181760
1.41635 20.369 143.314 0 182272
1.43287 20.489 143.606 0 182784
1.44928 20.369 144.452 0 183296
1.46033 20.369 144.452 0 183808
1.47697 20.489 144.736 0 184320
1.49314 20.489 144.736 0 184832
1.50942 20.369 145.589 0 185344
1.52096 20.489 145.867 0 185856
1.537 20.489 145.867 0 186368
1.5534 20.489 146.998 0 186880
1.56446 20.489 146.998 0 187392
1.58062 20.489 146.998 0 187904
1.59667 20.489 148.129 0 188416
1.61271 20.489 148.129 0 188928
1.62376 20.489 148.129 0 189440
1.63993 20.489 149.259 0 189952
1.65561 20.489 149.259 0 190464
1.67213 20.369 150.139 0 190976
1.68463 20.489 150.39 0 191488
1.73312 20.369 145.589 0 185344
1.7443 20.489 145.867 0 185856
1.76058 20.489 145.867 0 186368
1.77674 20.489 146.998 0 186880
1.78804 20.489 146.998 0 187392
1.80396 20.489 146.998 0 187904
1.82025 20.489 148.129 0 188416
1.83605 20.489 148.129 0 188928
1.84734 20.489 148.129 0 189440
1.86327 20.489 149.259 0 189952
1.87919 20.489 149.259 0 190464
1.89571 20.369 150.139 0 190976
1.90821 20.489 150.39 0 191488
1.92498 20.489 150.39 0 192000
1.94162 20.369 151.276 0 192512
1.95874 20.489 151.521 0 193024
1.971 20.489 151.521 0 193536
1.98776 20.489 152.652 0 194048
2.00429 20.489 152.652 0 194560
2.02069 20.369 153.551 0 195072
2.03343 20.489 153.782 0 195584
2.04983 20.489 153.782 0 196096
2.06612 20.369 154.688 0 196608
2.08264 20.489 154.913 0 197120
2.09892 20.489 154.913 0 197632
2.11142 20.489 154.913 0 198144
2.12783 20.489 156.044 0 198656
2.14399 20.489 156.044 0 199168
2.16003 20.369 156.963 0 199680
2.17253 20.489 157.175 0 200192
2.18881 20.489 157.175 0 200704
2.20474 20.369 158.101 0 201216
2.2209 20.489 158.305 0 201728
2.23316 20.489 158.305 0 202240
2.2492 20.489 159.436 0 202752
2.26524 20.489 159.436 0 203264
2.2775 20.489 159.436 0 203776
2.29342 20.489 160.567 0 204288
2.3091 20.489 160.567 0 204800
2.32467 20.369 161.513 0 205312
2.3374 20.489 161.698 0 205824
2.35297 20.489 161.698 0 206336
2.36841 20.369 162.65 0 206848
2.38409 20.489 162.828 0 207360
2.39635 20.489 162.828 0 207872
2.41191 20.369 163.788 0 208384
2.42747 20.489 163.959 0 208896
2.43973 20.489 163.959 0 209408
2.45565 20.369 164.925 0 209920
2.47254 20.489 165.09 0 210432
2.48906 20.369 166.063 0 210944
2.50583 20.489 166.221 0 211456
2.51928 20.489 166.221 0 211968
2.53581 20.489 166.221 0 212480
2.55245 20.489 167.351 0 212992
2.56886 20.489 167.351 0 213504
2.58255 20.489 167.351 0 214016
2.59908 20.489 168.482 0 214528
2.61536 20.489 168.482 0 215040
2.63153 20.369 169.475 0 215552
2.64793 20.489 169.613 0 216064
2.66139 20.489 169.613 0 216576
2.67743 20.369 170.612 0 217088
2.73037 20.489 163.959 0 208896
2.74262 20.489 163.959 0 209408
2.75855 20.369 164.925 0 209920
2.77519 20.489 165.09 0 210432
2.79172 20.369 166.063 0 210944
2.80565 20.489 166.221 0 211456
2.82218 20.489 166.221 0 211968
2.83858 20.369 167.2 0 212480
2.85523 20.489 167.351 0 212992
2.87103 20.489 167.351 0 213504
2.88533 20.489 167.351 0 214016
2.90185 20.489 168.482 0 214528
2.9179 20.489 168.482 0 215040
2.93406 20.369 169.475 0 215552
2.948 20.489 169.613 0 216064
2.96416 20.489 169.613 0 216576
2.9802 20.369 170.612 0 217088
2.99649 20.489 170.744 0 217600
3.01019 20.489 170.744 0 218112
3.02611 20.369 171.75 0 218624
3.04227 20.489 171.874 0 219136
3.05784 20.369 172.887 0 219648
3.07177 20.489 173.005 0 220160
3.08758 20.489 173.005 0 220672
3.10326 20.369 174.024 0 221184
3.11918 20.489 174.136 0 221696
3.13288 20.489 174.136 0 222208
3.14856 20.489 174.136 0 222720
3.16437 20.489 175.267 0 223232
3.17993 20.489 175.267 0 223744
3.19339 20.489 175.267 0 224256
3.20907 20.489 176.397 0 224768
3.22451 20.489 176.397 0 225280
3.23984 20.369 177.437 0 225792
3.25377 20.489 177.528 0 226304
3.2691 20.489 177.528 0 226816
3.2843 20.369 178.574 0 227328
3.29974 20.489 178.659 0 227840
3.31344 20.489 178.659 0 228352
3.32852 20.489 179.79 0 228864
3.3436 20.489 179.79 0 229376
3.3573 20.489 179.79 0 229888
3.3725 20.489 180.92 0 230400
3.38747 20.489 180.92 0 230912
3.40231 20.369 181.986 0 231424
3.41625 20.489 182.051 0 231936
3.43109 20.489 182.051 0 232448
3.44581 20.369 183.124 0 232960
3.46221 20.489 183.182 0 233472
3.47759 20.489 183.182 0 233984
3.49388 20.369 184.261 0 234496
3.5104 20.489 184.313 0 235008
3.52669 20.489 184.313 0 235520
3.54309 20.489 185.444 0 236032
3.55847 20.489 185.444 0 236544
3.57463 20.489 185.444 0 237056
3.59092 20.489 186.574 0 237568
3.60696 20.489 186.574 0 238080
3.62234 20.427 187.141 0 238592
3.6385 20.489 187.705 0 239104
3.65443 20.489 187.705 0 239616
3.67023 20.369 188.811 0 240128
3.68627 20.489 188.836 0 240640
3.73278 20.489 159.436 0 202752
3.74504 20.489 159.436 0 203264
3.76084 20.489 159.436 0 203776
3.77676 20.489 160.567 0 204288
3.78932 20.489 160.567 0 204800
3.8047 20.489 160.567 0 205312
3.82075 20.489 161.698 0 205824
3.83631 20.489 161.698 0 206336
3.84863 20.369 162.65 0 206848
3.86425 20.489 162.828 0 207360
3.87969 20.489 162.828 0 207872
3.89525 20.369 163.788 0 208384
3.90775 20.489 163.959 0 208896
3.92307 20.489 163.959 0 209408
3.93899 20.369 164.925 0 209920
3.95293 20.489 165.09 0 210432
3.96958 20.489 165.09 0 210944
3.98634 20.489 166.221 0 211456
4.00287 20.489 166.221 0 211968
4.01903 20.369 167.2 0 212480
4.03297 20.489 167.351 0 212992
4.04937 20.489 167.351 0 213504
4.06566 20.369 168.337 0 214016
4.08218 20.489 168.482 0 214528
4.09846 20.489 168.482 0 215040
4.11216 20.489 168.482 0 215552
4.12857 20.489 169.613 0 216064
4.14473 20.489 169.613 0 216576
4.16053 20.369 170.612 0 217088
4.17447 20.489 170.744 0 217600
4.19051 20.489 170.744 0 218112
4.20644 20.369 171.75 0 218624
4.2226 20.489 171.874 0 219136
4.2363 20.489 171.874 0 219648
4.25234 20.489 173.005 0 220160
4.26814 20.489 173.005 0 220672
4.28383 20.369 174.024 0 221184
4.29753 20.489 174.136 0 221696
4.31321 20.489 174.136 0 222208
4.32877 20.369 175.162 0 222720
4.34457 20.489 175.267 0 223232
4.35827 20.489 175.267 0 223744
4.37372 20.369 176.299 0 224256
4.3894 20.489 176.397 0 224768
4.40472 20.369 177.437 0 225280
4.41842 20.369 177.437 0 225792
4.43374 20.489 177.528 0 226304
4.44906 20.489 177.528 0 226816
4.46427 20.369 178.574 0 227328
4.4782 20.489 178.659 0 227840
4.49341 20.489 178.659 0 228352
4.50873 20.489 179.79 0 228864
4.52243 20.489 179.79 0 229376
4.53751 20.489 179.79 0 229888
4.55271 20.489 180.92 0 230400
4.56743 20.489 180.92 0 230912
4.58113 20.489 180.92 0 231424
4.59621 20.489 182.051 0 231936
4.61106 20.489 182.051 0 232448
4.62475 20.489 182.051 0 232960
4.6414 20.489 183.182 0 233472
4.6578 20.489 183.182 0 233984
4.67409 20.369 184.261 0 234496
4.73159 20.489 166.221 0 211456
4.74505 20.489 166.221 0 211968
4.76157 20.489 166.221 0 212480
4.77821 20.489 167.351 0 212992
4.79462 20.489 167.351 0 213504
4.80832 20.489 167.351 0 214016
4.82484 20.489 168.482 0 214528
4.84112 20.489 168.482 0 215040
4.85729 20.369 169.475 0 215552
4.87153 20.489 169.613 0 216064
4.88715 20.489 169.613 0 216576
4.90319 20.369 170.612 0 217088
4.91948 20.489 170.744 0 217600
4.9354 20.369 171.75 0 218112
4.9491 20.369 171.75 0 218624
4.96526 20.489 171.874 0 219136
4.98106 20.369 172.887 0 219648
4.99711 20.489 173.005 0 220160
5.01057 20.489 173.005 0 220672
5.02637 20.489 173.005 0 221184
5.04229 20.489 174.136 0 221696
5.05797 20.489 174.136 0 222208
5.07167 20.489 174.136 0 222720
5.08748 20.489 175.267 0 223232
5.10304 20.489 175.267 0 223744
5.11848 20.369 176.299 0 224256
5.13242 20.489 176.397 0 224768
5.14762 20.489 176.397 0 225280
5.16294 20.369 177.437 0 225792
5.17851 20.489 177.528 0 226304
5.19221 20.489 177.528 0 226816
5.20741 20.369 178.574 0 227328
5.22285 20.489 178.659 0 227840
5.23655 20.489 178.659 0 228352
5.25187 20.489 179.79 0 228864
5.26695 20.489 179.79 0 229376
5.28167 20.369 180.849 0 229888
5.29561 20.489 180.92 0 230400
5.31057 20.489 180.92 0 230912
5.32542 20.369 181.986 0 231424
5.33936 20.489 182.051 0 231936
5.3542 20.489 182.051 0 232448
5.36892 20.369 183.124 0 232960
5.38556 20.489 183.182 0 233472
5.40185 20.369 184.261 0 233984
5.41723 20.369 184.261 0 234496
5.43375 20.489 184.313 0 235008
5.45003 20.489 184.313 0 235520
5.46644 20.489 185.444 0 236032
5.48182 20.489 185.444 0 236544
5.49798 20.489 185.444 0 237056
5.51427 20.489 186.574 0 237568
5.53031 20.489 186.574 0 238080
5.54623 20.369 187.673 0 238592
5.56185 20.489 187.705 0 239104
5.57778 20.489 187.705 0 239616
5.59358 20.369 188.811 0 240128
5.60962 20.489 188.836 0 240640
5.62543 20.489 188.836 0 241152
5.64081 20.489 188.836 0 241664
5.65673 20.489 189.967 0 242176
5.67241 20.489 189.967 0 242688
5.68798 20.369 191.086 0 243200
5.73304 20.369 159.238 0 202240
5.74554 20.489 159.436 0 202752
5.76134 20.489 159.436 0 203264
5.77702 20.369 160.375 0 203776
5.78952 20.489 160.567 0 204288
5.8052 20.489 160.567 0 204800
5.821 20.369 161.513 0 205312
5.83681 20.489 161.698 0 205824
5.84906 20.489 161.698 0 206336
5.86451 20.369 162.65 0 206848
5.88019 20.489 162.828 0 207360
5.89575 20.369 163.788 0 207872
5.90801 20.369 163.788 0 208384
5.92357 20.489 163.959 0 208896
5.93877 20.369 164.925 0 209408
5.95175 20.369 164.925 0 209920
5.96864 20.489 165.09 0 210432
5.98528 20.489 165.09 0 210944
6.00204 20.489 166.221 0 211456
6.01857 20.489 166.221 0 211968
6.03227 20.489 166.221 0 212480
6.04867 20.489 167.351 0 212992
6.06507 20.489 167.351 0 213504
6.08136 20.369 168.337 0 214016
6.0953 20.489 168.482 0 214528
6.11158 20.489 168.482 0 215040
6.12774 20.369 169.475 0 215552
6.14415 20.489 169.613 0 216064
6.16019 20.369 170.612 0 216576
6.17389 20.369 170.612 0 217088
6.18993 20.489 170.744 0 217600
6.20598 20.489 170.744 0 218112
6.2219 20.369 171.75 0 218624
6.23584 20.489 171.874 0 219136
6.25176 20.489 171.874 0 219648
6.2678 20.489 173.005 0 220160
6.28361 20.489 173.005 0 220672
6.2973 20.489 173.005 0 221184
6.31323 20.489 174.136 0 221696
6.32867 20.489 174.136 0 222208
6.34423 20.369 175.162 0 222720
6.35817 20.489 175.267 0 223232
6.37373 20.489 175.267 0 223744
6.38918 20.369 176.299 0 224256
6.40486 20.489 176.397 0 224768
6.41856 20.489 176.397 0 225280
6.43388 20.369 177.437 0 225792
6.44944 20.489 177.528 0 226304
6.46441 20.369 178.574 0 226816
6.4781 20.369 178.574 0 227328
6.49355 20.489 178.659 0 227840
6.50863 20.369 179.712 0 228352
6.52257 20.489 179.79 0 228864
6.53765 20.489 179.79 0 229376
6.55261 20.369 180.849 0 229888
6.56781 20.489 180.92 0 230400
6.58151 20.489 180.92 0 230912
6.59611 20.369 181.986 0 231424
6.61119 20.489 182.051 0 231936
6.62489 20.489 182.051 0 232448
6.63961 20.369 183.124 0 232960
6.65626 20.489 183.182 0 233472
6.67266 20.489 183.182 0 233984
6.73161 20.489 166.221 0 211456
6.74506 20.489 166.221 0 211968
6.76159 20.489 166.221 0 212480
6.77823 20.489 167.351 0 212992
6.79464 20.489 167.351 0 213504
6.80834 20.489 167.351 0 214016
6.82486 20.489 168.482 0 214528
6.84114 20.489 168.482 0 215040
6.85731 20.369 169.475 0 215552
6.87155 20.489 169.613 0 216064
6.88717 20.489 169.613 0 216576
6.90321 20.369 170.612 0 217088
6.9195 20.489 170.744 0 217600
6.93542 20.369 171.75 0 218112
6.94912 20.369 171.75 0 218624
6.96528 20.489 171.874 0 219136
6.98108 20.369 172.887 0 219648
6.99713 20.489 173.005 0 220160
7.01058 20.489 173.005 0 220672
7.02639 20.489 173.005 0 221184
7.04231 20.489 174.136 0 221696
7.05799 20.489 174.136 0 222208
7.07169 20.489 174.136 0 222720
7.08749 20.489 175.267 0 223232
7.10306 20.489 175.267 0 223744
7.1185 20.369 176.299 0 224256
7.13244 20.489 176.397 0 224768
7.14764 20.489 176.397 0 225280
7.16296 20.369 177.437 0 225792
7.17853 20.489 177.528 0 226304
7.19222 20.489 177.528 0 226816
7.20743 20.369 178.574 0 227328
7.22287 20.489 178.659 0 227840
7.23657 20.489 178.659 0 228352
7.25189 20.489 179.79 0 228864
7.26697 20.489 179.79 0 229376
7.28169 20.369 180.849 0 229888
7.29563 20.489 180.92 0 230400
7.31059 20.489 180.92 0 230912
7.32544 20.369 181.986 0 231424
7.33937 20.489 182.051 0 231936
7.35422 20.489 182.051 0 232448
7.36894 20.369 183.124 0 232960
7.38558 20.489 183.182 0 233472
7.40187 20.369 184.261 0 233984
7.41725 20.369 184.261 0 234496
7.43377 20.489 184.313 0 235008
7.45005 20.489 184.313 0 235520
7.46646 20.489 185.444 0 236032
7.48184 20.489 185.444 0 236544
7.498 20.489 185.444 0 237056
7.51428 20.489 186.574 0 237568
7.53033 20.489 186.574 0 238080
7.54625 20.369 187.673 0 238592
7.56187 20.489 187.705 0 239104
7.5778 20.489 187.705 0 239616
7.5936 20.369 188.811 0 240128
7.60964 20.489 188.836 0 240640
7.62544 20.489 188.836 0 241152
7.64083 20.489 188.836 0 241664
7.65675 20.489 189.967 0 242176
7.67243 20.489 189.967 0 242688
7.68799 20.369 191.086 0 243200
7.7327 20.369 160.375 0 203776
7.74519 20.489 160.567 0 204288
7.76088 20.489 160.567 0 204800
7.77644 20.369 161.513 0 205312
7.78894 20.489 161.698 0 205824
7.8045 20.489 161.698 0 206336
7.82018 20.369 162.65 0 206848
7.83587 20.489 162.828 0 207360
7.84812 20.489 162.828 0 207872
7.86344 20.369 163.788 0 208384
7.87901 20.489 163.959 0 208896
7.8915 20.489 163.959 0 209408
7.90743 20.369 164.925 0 209920
7.92407 20.489 165.09 0 210432
7.94071 20.489 165.09 0 210944
7.95748 20.489 166.221 0 211456
7.97118 20.489 166.221 0 211968
7.9877 20.489 166.221 0 212480
8.00435 20.489 167.351 0 212992
8.02075 20.489 167.351 0 213504
8.03445 20.489 167.351 0 214016
8.05097 20.489 168.482 0 214528
8.06701 20.489 168.482 0 215040
8.08318 20.369 169.475 0 215552
8.09958 20.489 169.613 0 216064
8.11328 20.489 169.613 0 216576
8.12932 20.369 170.612 0 217088
8.14561 20.489 170.744 0 217600
8.16153 20.369 171.75 0 218112
8.17523 20.369 171.75 0 218624
8.19139 20.489 171.874 0 219136
8.20708 20.489 171.874 0 219648
8.22312 20.489 173.005 0 220160
8.23682 20.489 173.005 0 220672
8.25262 20.489 173.005 0 221184
8.26854 20.489 174.136 0 221696
8.28423 20.489 174.136 0 222208
8.29792 20.489 174.136 0 222720
8.31373 20.489 175.267 0 223232
8.32929 20.489 175.267 0 223744
8.34449 20.369 176.299 0 224256
8.35843 20.489 176.397 0 224768
8.37387 20.489 176.397 0 225280
8.3892 20.369 177.437 0 225792
8.40476 20.489 177.528 0 226304
8.41846 20.489 177.528 0 226816
8.43366 20.369 178.574 0 227328
8.4491 20.489 178.659 0 227840
8.46418 20.369 179.712 0 228352
8.47788 20.489 179.79 0 228864
8.49296 20.489 179.79 0 229376
8.50793 20.369 180.849 0 229888
8.52186 20.489 180.92 0 230400
8.53683 20.489 180.92 0 230912
8.55167 20.369 181.986 0 231424
8.56675 20.489 182.051 0 231936
8.58045 20.489 182.051 0 232448
8.59517 20.369 183.124 0 232960
8.61157 20.489 183.182 0 233472
8.62798 20.489 183.182 0 233984
8.64336 20.489 183.182 0 234496
8.65988 20.489 184.313 0 235008
8.67617 20.489 184.313 0 235520
8.73151 20.369 166.063 0 210944
8.7452 20.489 166.221 0 211456
8.76173 20.489 166.221 0 211968
8.77813 20.369 167.2 0 212480
8.79478 20.489 167.351 0 212992
8.80914 20.489 167.351 0 213504
8.82488 20.489 167.351 0 214016
8.8414 20.489 168.482 0 214528
8.85769 20.489 168.482 0 215040
8.87361 20.369 169.475 0 215552
8.88755 20.489 169.613 0 216064
8.90371 20.489 169.613 0 216576
8.91975 20.369 170.612 0 217088
8.93604 20.489 170.744 0 217600
8.94974 20.489 170.744 0 218112
8.96566 20.369 171.75 0 218624
8.98182 20.489 171.874 0 219136
8.99763 20.369 172.887 0 219648
9.01132 20.489 173.005 0 220160
9.02713 20.489 173.005 0 220672
9.04281 20.369 174.024 0 221184
9.05873 20.489 174.136 0 221696
9.07243 20.489 174.136 0 222208
9.08811 20.489 174.136 0 222720
9.10392 20.489 175.267 0 223232
9.11948 20.489 175.267 0 223744
9.13318 20.489 175.267 0 224256
9.14862 20.489 176.397 0 224768
9.16406 20.489 176.397 0 225280
9.17939 20.369 177.437 0 225792
9.19332 20.489 177.528 0 226304
9.20865 20.489 177.528 0 226816
9.22385 20.369 178.574 0 227328
9.23929 20.489 178.659 0 227840
9.25299 20.489 178.659 0 228352
9.26831 20.489 179.79 0 228864
9.28315 20.489 179.79 0 229376
9.29685 20.489 179.79 0 229888
9.31205 20.489 180.92 0 230400
9.32702 20.489 180.92 0 230912
9.34186 20.369 181.986 0 231424
9.3558 20.489 182.051 0 231936
9.37064 20.489 182.051 0 232448
9.38536 20.369 183.124 0 232960
9.40176 20.489 183.182 0 233472
9.41714 20.489 183.182 0 233984
9.43343 20.369 184.261 0 234496
9.44995 20.489 184.313 0 235008
9.46612 20.369 185.399 0 235520
9.48174 20.489 185.444 0 236032
9.4979 20.489 185.444 0 236544
9.51406 20.489 185.444 0 237056
9.53035 20.489 186.574 0 237568
9.54639 20.489 186.574 0 238080
9.56177 20.489 186.574 0 238592
9.57793 20.489 187.705 0 239104
9.59386 20.489 187.705 0 239616
9.60966 20.369 188.811 0 240128
9.6257 20.489 188.836 0 240640
9.64108 20.489 188.836 0 241152
9.65677 20.369 189.948 0 241664
9.67269 20.489 189.967 0 242176
9.68825 20.369 191.086 0 242688
9.73296 20.489 158.305 0 201728
9.74521 20.489 158.305 0 202240
9.76126 20.489 159.436 0 202752
9.77706 20.489 159.436 0 203264
9.78932 20.427 159.92 0 203776
9.80524 20.489 160.567 0 204288
9.82116 20.489 160.567 0 204800
9.83673 20.369 161.513 0 205312
9.84922 20.489 161.698 0 205824
9.86478 20.489 161.698 0 206336
9.88023 20.369 162.65 0 206848
9.89615 20.489 162.828 0 207360
9.90841 20.489 162.828 0 207872
9.92373 20.369 163.788 0 208384
9.93929 20.489 163.959 0 208896
9.95155 20.489 163.959 0 209408
9.96747 20.369 164.925 0 209920
9.98436 20.489 165.09 0 210432
10.0009 20.369 166.063 0 210944
10.0176 20.489 166.221 0 211456
10.0318 20.969 162.416 0 211968
10.0479 20.489 166.221 0 212480
10.0645 20.489 167.351 0 212992
10.0809 20.489 167.351 0 213504
10.0958 20.849 164.462 0 214016
10.1109 20.489 168.482 0 214528
10.1272 20.489 168.482 0 215040
10.1441 21.148 163.232 0 215552
10.1631 23.07 150.637 0 216064
10.1799 23.551 147.561 0 216576
10.1981 25.594 135.782 0 217088
10.2232 29.319 119.321 0 217600
10.2538 35.086 99.7084 0 218112
10.2771 36.528 95.7722 0 218624
10.3065 43.497 80.9604 0 219136
10.3562 54.312 64.839 0 219648
10.4085 63.084 56.1902 0 220160
10.4582 73.537 48.203 0 220672
10.508 73.417 48.2818 0 221184
10.5449 47.583 74.9821 0 221696
10.5822 53.591 66.576 0 222208
10.6314 60.2 59.267 0 222720
10.6747 60.32 59.5332 0 223232
10.7199 60.44 59.415 0 223744
10.8515 54.552 44.593 0 151040
10.88 54.552 44.593 0 151552
10.9222 55.393 44.3343 0 152064
10.9679 54.913 44.7218 0 152576
11.0159 54.792 44.8206 0 153088
11.0448 55.033 45.0453 0 153600
11.0873 55.033 45.0453 0 154112
11.1317 55.033 45.0453 0 154624
11.1807 55.273 45.2688 0 155136
11.2093 55.874 44.7819 0 155648
11.2498 55.273 45.2688 0 156160
11.2966 55.513 45.4905 0 156672
11.3297 55.513 45.4905 0 157184
11.3716 55.513 45.4905 0 157696
11.4133 56.475 45.1258 0 158208
11.4605 55.754 45.7094 0 158720
11.4924 55.754 45.7094 0 159232
11.5349 55.994 45.9272 0 159744
11.5764 55.994 45.9272 0 160256
11.6253 56.234 46.1432 0 160768
11.6545 56.715 45.7518 0 161280
11.6985 56.234 46.1432 0 161792
11.8029 31.602 56.4501 0 110592
11.81 31.481 56.6671 0 111104
11.8391 31.481 57.403 0 111616
11.8682 31.481 57.403 0 112128
11.8777 31.602 57.1832 0 112640
11.9043 31.722 57.6972 0 113152
11.9334 31.842 57.4798 0 113664
11.9629 31.962 57.264 0 114176
11.9719 32.683 56.7096 0 114688
11.9989 31.962 57.9889 0 115200
12.0284 32.082 57.772 0 115712
12.0579 32.323 58.058 0 116224
12.0654 32.323 58.058 0 116736
12.095 32.443 57.8432 0 117248
12.1251 32.443 58.5573 0 117760
12.1549 32.443 58.5573 0 118272
12.1627 32.683 58.8362 0 118784
12.1922 32.683 58.8362 0 119296
12.2223 32.803 58.621 0 119808
12.2527 33.044 58.8946 0 120320
12.2604 33.164 58.6815 0 120832
12.2902 32.923 59.111 0 121344
12.3206 33.164 59.3801 0 121856
12.3309 33.404 58.9534 0 122368
12.3581 33.284 59.166 0 122880
12.3887 33.524 59.4335 0 123392
12.4195 33.404 59.647 0 123904
12.4294 33.524 59.4335 0 124416
12.4583 33.644 59.9101 0 124928
12.4893 33.764 59.6972 0 125440
12.5204 33.885 59.484 0 125952
12.5307 34.125 59.7446 0 126464
12.5593 33.885 60.1677 0 126976
12.5906 34.005 60.6367 0 127488
12.6217 34.125 60.4235 0 128000
12.631 34.245 60.2118 0 128512
12.6609 34.365 60.6757 0 129024
12.6922 34.485 60.4645 0 129536
12.7676 22.59 75.8934 0 107008
12.7742 22.83 76.1104 0 107520
12.7944 22.71 76.5125 0 108032
12.8147 22.83 76.1104 0 108544
12.8214 22.95 76.7219 0 109056
12.8418 23.07 76.3228 0 109568
12.8626 23.311 76.5276 0 110080
12.8833 23.19 76.927 0 110592
12.89 23.19 76.927 0 111104
12.9113 23.431 77.1245 0 111616
12.9322 23.551 76.7315 0 112128
12.9535 23.671 76.3425 0 112640
12.9604 23.791 76.9313 0 113152
12.9813 23.671 77.3213 0 113664
13.0026 23.791 76.9313 0 114176
13.024 24.032 77.1238 0 114688
13.031 24.032 77.1238 0 115200
13.0522 24.152 76.7406 0 115712
13.0739 24.152 77.6999 0 116224
13.0811 24.152 77.6999 0 116736
13.1026 24.272 77.3158 0 117248
13.1247 24.512 77.5039 0 117760
13.1467 24.632 77.1263 0 118272
13.1544 24.752 77.6884 0 118784
13.176 24.632 78.0669 0 119296
13.1981 24.632 78.0669 0 119808
13.2203 24.873 78.2419 0 120320
13.2278 24.873 78.2419 0 120832
13.2497 24.993 77.8663 0 121344
13.2721 25.233 78.0438 0 121856
13.2942 25.113 78.4168 0 122368
13.3014 25.113 78.4168 0 122880
13.3242 25.353 78.5883 0 123392
13.347 25.473 78.218 0 123904
13.3699 25.594 77.8482 0 124416
13.3779 25.714 78.3859 0 124928
13.4007 25.594 78.7535 0 125440
13.4236 25.714 78.3859 0 125952
13.447 25.954 78.5537 0 126464
13.4547 25.954 78.5537 0 126976
13.4781 26.194 78.7185 0 127488
13.5012 26.074 79.0808 0 128000
13.5243 26.194 78.7185 0 128512
13.5323 26.315 79.2369 0 129024
13.5556 26.435 78.8772 0 129536
13.579 26.555 78.5208 0 130048
13.5872 26.675 79.0361 0 130560
13.6103 26.555 79.3933 0 131072
13.6342 26.675 79.0361 0 131584
13.6584 26.915 79.1921 0 132096
13.6669 26.915 79.1921 0 132608
13.6906 26.915 79.1921 0 133120
13.7661 28.117 99.7022 0 175104
13.7776 28.237 100.099 0 175616
13.8026 28.357 99.6754 0 176128
13.8275 28.477 99.2554 0 176640
13.8527 28.477 100.069 0 177152
13.8638 28.477 100.069 0 177664
13.8891 28.718 100.036 0 178176
13.9141 28.838 99.6197 0 178688
13.9395 28.958 99.2069 0 179200
13.9508 29.078 99.5942 0 179712
13.976 28.958 100.007 0 180224
14.0011 29.078 99.5942 0 180736
14.0269 29.319 99.5657 0 181248
14.0384 29.319 99.5657 0 181760
14.0635 29.439 99.1599 0 182272
14.0892 29.439 99.9469 0 182784
14.1146 29.559 99.5411 0 183296
14.1261 29.799 98.7394 0 183808
14.1516 29.799 99.5169 0 184320
14.1774 29.919 99.1178 0 184832
14.2029 29.799 99.5169 0 185344
14.2144 29.919 99.8921 0 185856
14.2399 29.919 99.8921 0 186368
14.266 30.16 99.8621 0 186880
14.2919 30.28 99.4663 0 187392
14.303 30.28 99.4663 0 187904
14.3293 30.52 99.4433 0 188416
14.355 30.4 99.8358 0 188928
14.3665 30.4 99.8358 0 189440
14.3924 30.64 99.8099 0 189952
14.4186 30.76 99.4205 0 190464
14.4456 30.881 99.031 0 190976
14.4583 31.001 99.395 0 191488
14.4853 30.881 99.7812 0 192000
14.5125 31.001 99.395 0 192512
14.5402 31.241 99.373 0 193024
14.5679 31.361 98.9928 0 193536
14.5804 31.481 99.3514 0 194048
14.6078 31.361 99.7315 0 194560
14.6353 31.481 99.3514 0 195072
14.6632 31.722 99.3269 0 195584
14.6758 31.842 98.9526 0 196096
14.7909 31.602 100.437 0 197632
14.8037 31.722 100.057 0 198144
14.831 31.842 100.408 0 198656
14.8586 31.962 100.031 0 199168
14.8862 31.962 100.031 0 199680
14.8996 32.202 100.005 0 200192
14.9267 32.202 100.005 0 200704
14.9544 32.082 100.379 0 201216
14.9824 32.323 100.347 0 201728
14.9949 32.323 100.347 0 202240
15.023 32.563 100.319 0 202752
15.051 32.683 99.9507 0 203264
15.0789 32.563 100.319 0 203776
15.0916 32.803 100.291 0 204288
15.1193 32.803 100.291 0 204800
15.1477 32.923 99.9258 0 205312
15.1762 33.164 99.8982 0 205824
15.1884 33.164 99.8982 0 206336
15.2166 33.044 100.261 0 206848
15.245 33.284 100.234 0 207360
15.258 33.404 99.874 0 207872
15.2859 33.404 99.874 0 208384
15.3146 33.644 99.8502 0 208896
15.343 33.524 100.208 0 209408
15.3559 33.524 100.208 0 209920
15.3861 33.764 100.181 0 210432
15.4161 33.885 99.8238 0 210944
15.4464 34.005 100.153 0 211456
15.476 34.245 99.4509 0 211968
15.4903 34.125 99.8006 0 212480
15.5203 34.125 100.48 0 212992
15.5505 34.245 100.127 0 213504
15.5808 34.365 99.7778 0 214016
15.5949 34.485 100.102 0 214528
15.6251 34.606 99.7524 0 215040
15.6554 34.485 100.102 0 215552
15.686 34.726 100.075 0 216064
15.7006 34.846 99.7302 0 216576
15.7796 31.602 99.7041 0 195584
15.7919 31.602 99.7041 0 196096
15.8193 31.481 100.087 0 196608
15.847 31.722 100.057 0 197120
15.8747 31.842 99.6802 0 197632
15.8869 31.842 99.6802 0 198144
15.9152 32.082 99.6566 0 198656
15.9428 31.962 100.031 0 199168
15.9706 32.082 99.6566 0 199680
15.9831 32.202 100.005 0 200192
16.0109 32.323 99.6304 0 200704
16.0392 32.443 99.2618 0 201216
16.0673 32.443 99.976 0 201728
16.0795 32.443 99.976 0 202240
16.1078 32.683 99.9507 0 202752
16.1359 32.803 99.585 0 203264
16.1638 32.923 99.2221 0 203776
16.1769 33.044 99.5599 0 204288
16.205 32.923 99.9258 0 204800
16.2332 33.044 99.5599 0 205312
16.2457 33.164 99.8982 0 205824
16.2743 33.284 99.538 0 206336
16.3027 33.284 99.538 0 206848
16.3314 33.524 99.5165 0 207360
16.3437 33.524 99.5165 0 207872
16.372 33.404 99.874 0 208384
16.401 33.644 99.8502 0 208896
16.4132 33.644 99.8502 0 209408
16.4425 33.764 99.4953 0 209920
16.4729 34.005 99.4715 0 210432
16.503 33.885 99.8238 0 210944
16.5331 34.125 99.8006 0 211456
16.5468 34.125 99.8006 0 211968
16.5771 34.245 99.4509 0 212480
16.6078 34.485 99.4306 0 212992
16.638 34.365 99.7778 0 213504
16.652 34.365 99.7778 0 214016
16.6824 34.606 99.7524 0 214528
16.766 31.241 99.373 0 193536
16.7785 31.361 99.7315 0 194048
16.806 31.481 99.3514 0 194560
16.8334 31.361 99.7315 0 195072
16.8612 31.602 99.7041 0 195584
16.8734 31.602 99.7041 0 196096
16.9013 31.722 99.3269 0 196608
16.9293 31.962 99.3059 0 197120
16.957 31.842 99.6802 0 197632
16.9692 31.842 99.6802 0 198144
16.9972 32.082 99.6566 0 198656
17.0253 32.202 99.2853 0 199168
17.0532 32.202 99.2853 0 199680
17.0657 32.323 99.6304 0 200192
17.0937 32.443 99.2618 0 200704
17.1216 32.323 99.6304 0 201216
17.1501 32.563 99.6075 0 201728
17.1623 32.563 99.6075 0 202240
17.1907 32.803 99.585 0 202752
17.2189 32.923 99.2221 0 203264
17.247 32.803 99.585 0 203776
17.2598 32.923 99.9258 0 204288
17.288 33.044 99.5599 0 204800
17.3164 33.164 99.1996 0 205312
17.3437 33.524 98.8254 0 205824
17.3573 33.404 99.1805 0 206336
17.3859 33.284 99.538 0 206848
17.4146 33.524 99.5165 0 207360
17.4269 33.524 99.5165 0 207872
17.4555 33.644 99.1616 0 208384
17.4845 33.885 99.14 0 208896
17.5133 33.764 99.4953 0 209408
17.5263 33.764 99.4953 0 209920
17.5563 33.885 99.8238 0 210432
17.5865 34.005 99.4715 0 210944
17.617 34.245 99.4509 0 211456
17.6309 34.245 99.4509 0 211968
17.6611 34.365 99.1036 0 212480
17.6916 34.365 99.7778 0 212992
17.7785 31.241 98.6314 0 192000
17.7909 31.241 98.6314 0 192512
17.8185 31.241 99.373 0 193024
17.846 31.361 98.9928 0 193536
17.8739 31.602 98.971 0 194048
17.8862 31.602 98.971 0 194560
17.9141 31.722 98.5966 0 195072
17.942 31.722 99.3269 0 195584
17.9698 31.842 98.9526 0 196096
17.982 31.842 98.9526 0 196608
18.0102 32.082 98.9345 0 197120
18.0384 32.202 98.5658 0 197632
18.0663 32.082 98.9345 0 198144
18.0788 32.202 99.2853 0 198656
18.1068 32.323 98.9136 0 199168
18.1349 32.443 98.5477 0 199680
18.1636 32.683 98.5329 0 200192
18.1759 32.683 98.5329 0 200704
18.204 32.563 98.896 0 201216
18.2325 32.803 98.8788 0 201728
18.2608 32.923 98.5184 0 202240
18.2735 33.044 98.8587 0 202752
18.3019 33.044 98.8587 0 203264
18.3304 33.164 98.501 0 203776
18.359 33.164 99.1996 0 204288
18.3712 33.164 99.1996 0 204800
18.4 33.284 98.842 0 205312
18.4288 33.524 98.8254 0 205824
18.4575 33.644 98.473 0 206336
18.4698 33.644 98.473 0 206848
18.4986 33.644 99.1616 0 207360
18.5276 33.764 98.8091 0 207872
18.5398 33.764 98.8091 0 208384
18.5689 34.005 98.7902 0 208896
18.5979 34.125 98.4428 0 209408
18.6274 34.005 98.7902 0 209920
18.6414 34.125 99.1217 0 210432
18.6718 34.245 98.7744 0 210944
18.7025 34.485 98.7588 0 211456
18.7649 31.121 99.0117 0 192000
18.7923 31.121 99.0117 0 192512
18.82 31.361 98.9928 0 193024
18.8323 31.361 98.9928 0 193536
18.8602 31.602 98.971 0 194048
18.8879 31.722 98.5966 0 194560
18.9158 31.602 98.971 0 195072
18.9285 31.722 99.3269 0 195584
18.9561 31.842 98.9526 0 196096
18.9839 31.962 98.5811 0 196608
19.0122 32.202 98.5658 0 197120
19.0392 32.323 98.1968 0 197632
19.0525 32.082 98.9345 0 198144
19.0808 32.323 98.9136 0 198656
19.1089 32.443 98.5477 0 199168
19.1358 32.443 98.5477 0 199680
19.1499 32.683 98.5329 0 200192
19.178 32.563 98.896 0 200704
19.2062 32.683 98.5329 0 201216
19.2334 46.982 69.0375 0 201728
19.2471 32.923 98.5184 0 202240
19.2759 33.044 98.8587 0 202752
19.3044 33.164 98.501 0 203264
19.3169 33.164 98.501 0 203776
19.3453 33.164 99.1996 0 204288
19.3737 33.284 98.842 0 204800
19.4026 33.404 98.4869 0 205312
19.4151 33.524 98.8254 0 205824
19.4438 33.644 98.473 0 206336
19.4724 33.524 98.8254 0 206848
19.5013 33.764 98.8091 0 207360
19.5138 33.764 98.8091 0 207872
19.5427 33.885 98.4563 0 208384
19.5719 34.125 98.4428 0 208896
19.5841 34.125 98.4428 0 209408
19.6137 34.005 98.7902 0 209920
19.6443 34.245 98.7744 0 210432
19.6749 34.365 98.4294 0 210944
19.7669 31.001 98.6477 0 190976
19.7795 31.241 98.6314 0 191488
19.8069 31.121 99.0117 0 192000
19.8344 31.241 98.6314 0 192512
19.8623 31.481 98.6154 0 193024
19.8748 31.481 98.6154 0 193536
19.9028 31.722 98.5966 0 194048
19.9304 31.602 98.971 0 194560
19.9582 31.722 98.5966 0 195072
19.971 31.962 98.5811 0 195584
19.9986 31.962 98.5811 0 196096
20.0268 32.087 98.197 0 196608
20.0554 32.567 97.4611 0 197120
20.0833 32.928 96.3926 0 197632
20.0963 32.803 96.7599 0 198144
20.1257 33.524 95.37 0 198656
20.1556 34.005 94.021 0 199168
20.1837 34.005 94.021 0 199680
20.1984 34.726 92.736 0 200192
20.2299 35.927 89.636 0 200704
20.2627 37.249 86.4547 0 201216
20.292 38.21 84.8867 0 201728
20.312 40.493 80.1008 0 202240
20.3518 44.339 73.6753 0 202752
20.386 45.18 72.3039 0 203264
20.4096 49.986 65.3521 0 203776
20.4636 58.517 56.2205 0 204288
20.5166 63.564 51.7566 0 204800
20.5588 71.375 46.0926 0 205312
20.6109 73.537 45.0525 0 205824
20.6603 60.921 54.3823 0 206336
20.7024 47.102 70.3372 0 206848
20.8544 65.126 49.0923 0 198656
20.9025 65.006 49.1829 0 199168
20.9594 65.246 49.002 0 199680
21.0103 65.246 49.3571 0 200192
21.0414 65.367 49.2657 0 200704
21.0973 65.367 49.2657 0 201216
21.1551 65.847 49.2584 0 201728
21.2029 65.727 49.3484 0 202240
21.2378 65.967 49.52 0 202752
21.2937 66.088 49.4294 0 203264
21.3504 66.088 49.4294 0 203776
21.3901 70.774 46.484 0 204288
21.4341 66.808 49.2434 0 204800
21.4896 66.568 49.421 0 205312
21.5472 66.929 49.5006 0 205824
21.5798 66.929 49.5006 0 206336
21.629 66.808 49.5902 0 206848
21.6867 67.169 49.6686 0 207360
21.862 56.595 40.5271 0 142336
21.882 56.595 40.5271 0 142848
21.9313 56.715 40.8499 0 143360
21.9715 47.943 48.3241 0 143872
21.9985 47.943 48.3241 0 144384
22.0338 48.304 48.4425 0 144896
22.074 48.424 48.3225 0 145408
22.1145 48.304 48.4425 0 145920
22.141 51.068 46.2743 0 146432
22.1776 48.784 48.4408 0 146944
22.2161 48.664 48.5602 0 147456
22.2589 49.145 48.5564 0 147968
22.2787 48.905 48.7947 0 148480
22.3193 49.145 48.5564 0 148992
22.3604 49.505 48.6713 0 149504
22.4031 49.385 48.7896 0 150016
22.4253 49.505 48.6713 0 150528
22.4674 49.626 49.0195 0 151040
22.51 49.866 48.7835 0 151552
22.5539 50.106 49.0123 0 152064
22.5754 50.106 49.0123 0 152576
22.6172 50.106 49.0123 0 153088
22.6607 50.587 49.0042 0 153600
22.7045 50.707 48.8882 0 154112
22.8161 42.776 39.5377 0 104448
22.8441 42.776 39.5377 0 104960
22.8824 42.897 39.4262 0 105472
22.9213 43.017 39.8548 0 105984
22.9311 39.172 43.7668 0 106496
22.9652 36.528 46.9347 0 107008
22.9984 37.009 46.9507 0 107520
23.0306 37.009 46.9507 0 108032
23.0409 37.129 46.799 0 108544
23.0755 37.009 47.5768 0 109056
23.1078 37.249 47.2702 0 109568
23.1406 37.73 47.2816 0 110080
23.1517 37.61 47.4325 0 110592
23.1869 37.73 47.2816 0 111104
23.2199 37.85 47.7438 0 111616
23.2533 52.269 34.5732 0 112128
23.2648 37.85 47.7438 0 112640
23.3004 38.331 47.7491 0 113152
23.3336 38.571 47.452 0 113664
23.3527 38.331 47.7491 0 114176
23.3793 38.571 48.0527 0 114688
23.4135 38.691 47.9036 0 115200
23.4476 38.931 47.6083 0 115712
23.4581 38.931 48.2034 0 116224
23.4947 39.172 47.9069 0 116736
23.5292 39.052 48.0541 0 117248
23.5646 39.532 48.0567 0 117760
23.5755 39.292 48.3502 0 118272
23.6125 39.532 48.6427 0 118784
23.6475 39.893 48.2025 0 119296
23.6824 39.893 48.2025 0 119808
23.694 40.013 48.637 0 120320
23.7915 34.485 40.3097 0 85504
23.7989 34.365 40.4505 0 86016
23.8313 34.606 40.1688 0 86528
23.8629 35.086 40.2795 0 87040
23.8767 34.966 40.4178 0 87552
23.9022 34.726 40.6971 0 88064
23.933 32.443 44.2751 0 88576
23.9621 32.803 43.7892 0 89088
23.9761 32.803 43.7892 0 89600
23.9998 33.044 44.1709 0 90112
24.0305 32.923 44.3333 0 90624
24.0591 33.044 44.1709 0 91136
24.0734 39.532 37.5076 0 91648
24.0983 33.404 44.3885 0 92160
24.1298 33.644 44.0718 0 92672
24.1594 33.524 44.9207 0 93184
24.167 33.524 44.9207 0 93696
24.199 33.885 45.1258 0 94208
24.2301 34.365 44.4955 0 94720
24.2444 34.125 44.8084 0 95232
24.2685 34.245 45.328 0 95744
24.3009 34.485 45.0125 0 96256
24.3315 34.365 45.1697 0 96768
24.3472 34.726 45.3673 0 97280
24.3713 34.606 45.5246 0 97792
24.4038 34.846 45.211 0 98304
24.4355 35.327 45.2513 0 98816
24.4504 35.206 45.4068 0 99328
24.4751 34.966 45.7185 0 99840
24.5085 35.447 45.7517 0 100352
24.5395 35.567 45.5973 0 100864
24.5549 35.927 45.7853 0 101376
24.5818 35.927 45.7853 0 101888
24.6146 35.807 45.9387 0 102400
24.6467 36.288 45.9683 0 102912
24.655 36.168 46.1208 0 103424
24.6888 36.288 45.9683 0 103936
24.7842 32.082 38.9961 0 76800
24.789 32.082 38.9961 0 77312
24.8196 32.323 38.7053 0 77824
24.8503 32.443 39.2763 0 78336
24.8619 32.563 39.1315 0 78848
24.8857 32.443 39.2763 0 79360
24.9166 32.803 39.5515 0 79872
24.945 30.28 42.847 0 80384
24.9565 30.4 42.6779 0 80896
24.9787 30.52 43.2692 0 81408
25.0071 30.4 43.44 0 81920
25.0357 30.64 43.0997 0 82432
25.0478 31.001 43.3452 0 82944
25.0698 30.76 43.6848 0 83456
25.0986 31.001 43.3452 0 83968
25.128 31.241 43.7538 0 84480
25.1395 31.361 43.5864 0 84992
25.1628 31.481 44.1562 0 85504
25.1924 31.481 44.1562 0 86016
25.2213 31.842 43.6555 0 86528
25.2275 31.962 44.2165 0 87040
25.257 31.842 44.3831 0 87552
25.2871 32.082 44.0511 0 88064
25.3161 48.424 29.6633 0 88576
25.3231 32.323 44.4394 0 89088
25.3531 32.443 44.2751 0 89600
25.3837 32.563 44.8234 0 90112
25.3965 32.803 44.4954 0 90624
25.4197 32.803 44.4954 0 91136
25.4507 32.923 45.037 0 91648
25.4816 33.284 44.5485 0 92160
25.4946 33.164 44.7097 0 92672
25.5187 33.284 45.2446 0 93184
25.5498 33.404 45.082 0 93696
25.581 33.764 45.2875 0 94208
25.5937 35.807 42.7036 0 94720
25.6186 33.764 45.2875 0 95232
25.6504 33.885 45.8095 0 95744
25.6815 34.245 45.328 0 96256
25.693 34.245 45.328 0 96768
25.7763 30.16 38.4085 0 71680
25.783 30.28 38.2563 0 72192
25.8094 30.52 38.7145 0 72704
25.8386 30.76 38.4125 0 73216
25.8493 30.881 38.262 0 73728
25.8745 33.044 36.4585 0 74240
25.9011 30.881 39.0122 0 74752
25.927 27.636 43.593 0 75264
25.9383 27.877 44.0472 0 75776
25.958 27.756 44.2392 0 76288
25.9842 28.117 44.4952 0 76800
26.0104 28.117 44.4952 0 77312
26.0211 28.237 44.3061 0 77824
26.0421 28.477 44.7463 0 78336
26.0683 28.357 44.9356 0 78848
26.0949 28.598 44.557 0 79360
26.1063 29.198 44.4348 0 79872
26.127 28.958 44.8031 0 80384
26.154 28.958 44.8031 0 80896
26.1813 29.319 45.0416 0 81408
26.1915 29.198 45.2283 0 81920
26.2136 29.319 45.0416 0 82432
26.2416 29.679 45.2759 0 82944
26.2534 29.559 45.4597 0 83456
26.2748 29.799 45.0936 0 83968
26.3022 29.799 45.8711 0 84480
26.3302 30.04 45.5031 0 84992
26.343 30.28 45.9075 0 85504
26.3644 30.4 45.7263 0 86016
26.392 30.28 45.9075 0 86528
26.4209 30.64 46.1243 0 87040
26.433 30.881 45.7643 0 87552
26.4553 30.64 46.1243 0 88064
26.4838 31.001 46.3345 0 88576
26.5127 31.001 46.3345 0 89088
26.5248 31.241 45.9786 0 89600
26.5479 31.481 46.364 0 90112
26.5766 31.361 46.5414 0 90624
26.6051 31.722 46.0117 0 91136
26.6172 34.245 43.2984 0 91648
26.6416 31.842 46.5659 0 92160
26.6713 31.962 46.3911 0 92672
26.7004 32.323 46.5897 0 93184
26.7608 28.838 40.9726 0 72704
26.7704 28.958 40.8028 0 73216
26.7924 29.078 40.6344 0 73728
26.8199 29.198 41.2609 0 74240
26.8309 29.198 41.2609 0 74752
26.8529 29.198 41.2609 0 75264
26.8795 29.439 41.7101 0 75776
26.9074 29.679 41.3728 0 76288
26.9188 29.919 41.8153 0 76800
26.9399 29.559 42.3246 0 77312
26.9652 28.357 44.1186 0 77824
26.9924 28.718 44.3708 0 78336
27.0039 28.838 44.1861 0 78848
27.0241 28.718 44.3708 0 79360
27.0512 29.078 44.6182 0 79872
27.0784 29.198 44.4348 0 80384
27.0897 29.319 44.2514 0 80896
27.1108 29.439 44.858 0 81408
27.1385 29.439 44.858 0 81920
27.1649 29.799 44.3161 0 82432
27.1779 30.28 44.3773 0 82944
27.199 29.799 45.0936 0 83456
27.2272 30.04 44.7318 0 83968
27.2397 30.28 45.1424 0 84480
27.2665 30.16 45.322 0 84992
27.2893 30.4 45.7263 0 85504
27.3178 30.64 45.3681 0 86016
27.3303 30.52 45.5465 0 86528
27.3531 31.001 45.5872 0 87040
27.3805 30.881 45.7643 0 87552
27.4093 30.881 45.7643 0 88064
27.4224 31.121 46.1558 0 88576
27.4439 31.241 45.9786 0 89088
27.4732 31.241 45.9786 0 89600
27.5028 31.602 46.1864 0 90112
27.5152 31.722 46.0117 0 90624
27.5374 31.602 46.1864 0 91136
27.5677 31.962 46.3911 0 91648
27.5973 31.962 46.3911 0 92160
27.6096 32.202 46.0453 0 92672
27.6333 32.323 46.5897 0 93184
27.6636 32.323 46.5897 0 93696
27.6922 47.343 32.2981 0 94208
27.765 29.078 39.8377 0 71168
27.7859 28.958 40.0028 0 71680
27.8134 29.198 39.674 0 72192
27.8414 29.559 39.9732 0 72704
27.8457 29.559 39.9732 0 73216
27.8735 29.559 39.9732 0 73728
27.9017 29.679 40.5922 0 74240
27.9275 28.117 42.8472 0 74752
27.9324 27.997 43.0309 0 75264
27.9592 28.357 43.3016 0 75776
27.9857 28.357 43.3016 0 76288
28.012 30.4 41.1537 0 76800
28.0171 28.477 43.9327 0 77312
28.0439 28.718 43.564 0 77824
28.0714 29.078 43.8214 0 78336
28.0828 29.319 43.4612 0 78848
28.1032 29.078 43.8214 0 79360
28.1308 29.198 44.4348 0 79872
28.158 29.439 44.0711 0 80384
28.1631 29.559 43.8921 0 80896
28.191 29.679 44.4953 0 81408
28.2188 29.919 44.1384 0 81920
28.2467 29.679 44.4953 0 82432
28.252 30.04 44.7318 0 82944
28.2799 30.04 44.7318 0 83456
28.308 30.28 44.3773 0 83968
28.337 30.76 44.438 0 84480
28.3421 30.64 44.612 0 84992
28.3707 30.52 45.5465 0 85504
28.3996 30.76 45.1912 0 86016
28.4258 31.001 44.8398 0 86528
28.4337 31.121 45.4114 0 87040
28.463 31.361 45.0639 0 87552
28.4921 31.121 45.4114 0 88064
28.519 31.842 45.1107 0 88576
28.5272 31.481 45.628 0 89088
28.5567 31.722 45.2814 0 89600
28.5866 31.962 45.6662 0 90112
28.5989 31.962 45.6662 0 90624
28.6219 31.962 45.6662 0 91136
28.652 32.082 46.2176 0 91648
28.6822 32.323 45.873 0 92160
28.6882 32.323 45.873 0 92672
28.7712 28.958 39.2027 0 70144
28.7753 28.838 39.3658 0 70656
28.8031 29.198 39.674 0 71168
28.8306 29.439 39.3492 0 71680
28.8399 29.439 39.3492 0 72192
28.8629 29.559 39.9732 0 72704
28.8909 29.559 39.9732 0 73216
28.9166 27.516 42.9411 0 73728
28.9263 32.443 37.1339 0 74240
28.947 27.756 43.4045 0 74752
28.9731 27.756 43.4045 0 75264
28.9996 28.117 43.6712 0 75776
29.0044 28.117 43.6712 0 76288
29.0309 28.357 44.1186 0 76800
29.0576 28.598 43.7468 0 77312
29.084 28.477 43.9327 0 77824
29.0893 28.477 44.7463 0 78336
29.116 28.718 44.3708 0 78848
29.1429 28.958 44.003 0 79360
29.1704 29.559 43.8921 0 79872
29.1756 29.319 44.2514 0 80384
29.2025 29.078 44.6182 0 80896
29.2301 29.439 44.858 0 81408
29.242 29.559 44.6759 0 81920
29.2628 29.679 44.4953 0 82432
29.2911 30.04 44.7318 0 82944
29.3188 29.799 45.0936 0 83456
29.3242 29.919 44.9127 0 83968
29.3521 30.04 45.5031 0 84480
29.3803 30.28 45.1424 0 84992
29.4093 30.64 45.3681 0 85504
29.4147 30.76 45.1912 0 86016
29.4428 30.64 45.3681 0 86528
29.4717 30.76 45.9443 0 87040
29.5005 31.121 45.4114 0 87552
29.5062 31.001 45.5872 0 88064
29.5354 31.361 45.8026 0 88576
29.5646 31.361 45.8026 0 89088
29.593 31.361 45.8026 0 89600
29.5997 31.361 46.5414 0 90112
29.6288 31.602 46.1864 0 90624
29.6584 31.842 45.8383 0 91136
29.6717 33.404 44.3885 0 91648
29.6946 32.202 46.0453 0 92160
29.7776 28.838 39.3658 0 70656
29.7819 28.958 40.0028 0 71168
29.8094 29.198 39.674 0 71680
29.8367 29.198 39.674 0 72192
29.8416 29.439 40.1361 0 72704
29.869 29.319 40.3004 0 73216
29.8968 29.559 39.9732 0 73728
29.9191 24.036 50.1222 0 74240
29.9237 24.036 50.1222 0 74752
29.9424 20.369 59.1456 0 75264
29.961 20.489 59.9299 0 75776
29.9796 20.369 60.283 0 76288
29.9844 20.489 61.0607 0 76800
30.003 20.489 61.0607 0 77312
30.0217 20.369 61.4204 0 77824
30.0404 20.489 62.1914 0 78336
30.0452 20.489 62.1914 0 78848
30.0637 20.369 62.5578 0 79360
30.0823 20.489 63.3222 0 79872
30.1009 33.889 38.284 0 80384
30.1057 20.489 63.3222 0 80896
30.1246 20.489 64.4529 0 81408
30.143 20.489 64.4529 0 81920
30.1485 20.489 64.4529 0 82432
30.1667 20.489 65.5837 0 82944
30.185 20.489 65.5837 0 83456
30.2034 20.369 65.9701 0 83968
30.2087 20.489 66.7144 0 84480
30.2274 20.489 66.7144 0 84992
30.246 20.489 67.8452 0 85504
30.2643 20.489 67.8452 0 86016
30.2696 20.489 67.8452 0 86528
30.288 20.489 68.9759 0 87040
30.3065 20.489 68.9759 0 87552
30.3248 20.369 69.3823 0 88064
30.3303 20.489 70.1067 0 88576
30.3489 20.489 70.1067 0 89088
30.3671 20.369 70.5197 0 89600
30.3856 20.489 71.2374 0 90112
30.3908 20.489 71.2374 0 90624
30.4092 20.369 71.6571 0 91136
30.4277 20.489 72.3682 0 91648
30.4336 20.489 72.3682 0 92160
30.4515 20.369 72.7945 0 92672
30.4702 20.489 73.499 0 93184
30.4882 20.369 73.932 0 93696
30.4941 20.609 74.1952 0 94208
30.5121 20.489 74.6297 0 94720
30.5303 20.369 75.0694 0 95232
30.5487 20.489 75.7605 0 95744
30.5545 20.489 75.7605 0 96256
30.5728 20.369 76.2068 0 96768
30.5912 20.489 76.8912 0 97280
30.6093 20.489 76.8912 0 97792
30.6153 20.489 76.8912 0 98304
30.6335 20.489 78.022 0 98816
30.6517 20.489 78.022 0 99328
30.6695 20.369 78.4816 0 99840
30.6758 20.489 79.1527 0 100352
30.7327 22.469 92.7999 0 129536
30.7403 22.469 92.7999 0 130048
30.7596 22.469 93.831 0 130560
30.7792 22.59 93.3284 0 131072
30.7908 22.71 92.8352 0 131584
30.8078 22.95 92.8739 0 132096
30.8277 22.95 92.8739 0 132608
30.8476 22.83 93.3621 0 133120
30.8599 23.19 92.9118 0 133632
30.8763 23.311 92.4295 0 134144
30.8963 23.19 92.9118 0 134656
30.9171 23.431 92.9449 0 135168
30.9285 23.431 92.9449 0 135680
30.9457 23.431 93.9337 0 136192
30.9658 23.431 93.9337 0 136704
30.9861 23.551 93.4551 0 137216
30.9966 24.152 92.0888 0 137728
31.015 23.791 93.4861 0 138240
31.0358 23.911 93.0169 0 138752
31.0564 23.911 93.9859 0 139264
31.0649 23.911 93.9859 0 139776
31.0856 24.032 93.5126 0 140288
31.1073 24.272 93.5425 0 140800
31.1285 24.392 93.0823 0 141312
31.1378 24.392 93.0823 0 141824
31.1591 24.392 94.0321 0 142336
31.1803 24.512 93.5718 0 142848
31.2022 24.752 93.6005 0 143360
31.2114 24.873 93.1452 0 143872
31.2326 24.873 93.1452 0 144384
31.2542 24.873 94.0766 0 144896
31.276 24.993 93.6249 0 145408
31.2851 24.993 93.6249 0 145920
31.3067 25.233 93.6526 0 146432
31.3287 25.353 93.2093 0 146944
31.3411 25.353 93.2093 0 147456
31.3597 25.353 94.1231 0 147968
31.3812 25.473 93.6797 0 148480
31.4033 25.594 93.2369 0 148992
31.4145 26.074 92.409 0 149504
31.4349 25.834 93.2675 0 150016
31.4575 25.714 93.7027 0 150528
31.4805 25.954 93.7289 0 151040
31.4929 26.074 93.2975 0 151552
31.5134 26.315 93.3235 0 152064
31.536 26.194 93.7546 0 152576
31.5592 26.315 93.3235 0 153088
31.572 26.555 93.3525 0 153600
31.5921 26.315 94.2039 0 154112
31.6148 26.435 93.7763 0 154624
31.6381 26.675 93.8011 0 155136
31.6509 27.036 92.5486 0 155648
31.6709 26.795 93.381 0 156160
31.6945 26.795 94.2456 0 156672
31.7585 32.563 100.319 0 203776
31.7867 32.683 100.66 0 204288
31.8032 32.803 100.291 0 204800
31.8279 32.803 100.291 0 205312
31.855 32.803 100.998 0 205824
31.8735 33.044 100.261 0 206336
31.8986 32.923 100.629 0 206848
31.9239 33.164 100.597 0 207360
31.952 33.164 100.597 0 207872
31.9692 33.284 100.234 0 208384
31.9946 33.404 100.568 0 208896
32.0211 33.284 100.93 0 209408
32.05 33.404 100.568 0 209920
32.0688 33.764 100.181 0 210432
32.0957 33.644 100.539 0 210944
32.1237 33.885 100.507 0 211456
32.1535 33.764 100.868 0 211968
32.1823 34.005 100.153 0 212480
32.2013 34.245 100.127 0 212992
32.229 34.365 99.7778 0 213504
32.2576 34.245 100.127 0 214016
32.2878 34.245 100.804 0 214528
32.3065 34.365 100.452 0 215040
32.3339 34.485 100.102 0 215552
32.362 34.606 100.422 0 216064
32.3924 34.726 100.075 0 216576
32.4118 34.726 100.075 0 217088
32.44 34.966 100.051 0 217600
32.4671 34.726 100.742 0 218112
32.4973 34.846 100.395 0 218624
32.528 35.206 100.027 0 219136
32.5455 35.206 100.027 0 219648
32.573 35.447 100 0 220160
32.6029 35.206 100.685 0 220672
32.6335 35.327 100.34 0 221184
32.6518 35.687 99.9768 0 221696
32.6791 35.687 99.9768 0 222208
32.7684 32.202 100.005 0 201216
32.7852 32.563 99.6075 0 201728
32.8098 32.443 99.976 0 202240
32.837 32.683 99.9507 0 202752
32.8543 32.683 99.9507 0 203264
32.8805 32.563 100.319 0 203776
32.9059 32.923 99.9258 0 204288
32.9337 32.923 99.9258 0 204800
32.951 32.923 99.9258 0 205312
32.9771 33.284 99.538 0 205824
33.0026 33.164 99.8982 0 206336
33.0309 33.044 100.261 0 206848
33.0485 33.404 99.874 0 207360
33.073 33.404 99.874 0 207872
33.1 33.404 99.874 0 208384
33.1175 33.524 100.208 0 208896
33.1442 33.644 99.8502 0 209408
33.1705 33.524 100.208 0 209920
33.2002 33.764 100.181 0 210432
33.2285 33.885 99.8238 0 210944
33.2488 34.125 99.8006 0 211456
33.2765 34.245 99.4509 0 211968
33.3044 34.005 100.153 0 212480
33.3348 34.245 100.127 0 212992
33.3535 34.245 100.127 0 213504
33.3821 34.365 99.7778 0 214016
33.41 34.726 99.4077 0 214528
33.4395 34.606 99.7524 0 215040
33.4694 34.606 99.7524 0 215552
33.4884 34.966 99.388 0 216064
33.516 34.846 99.7302 0 216576
33.5446 34.846 99.7302 0 217088
33.5755 35.086 99.7084 0 217600
33.5945 34.966 100.051 0 218112
33.6223 35.086 99.7084 0 218624
33.6506 35.206 100.027 0 219136
33.6811 35.327 99.684 0 219648
33.7007 35.567 99.6627 0 220160
33.7778 31.842 99.6802 0 197632
33.7932 31.962 99.3059 0 198144
33.819 32.082 99.6566 0 198656
33.846 32.202 99.2853 0 199168
33.8737 32.202 99.2853 0 199680
33.8896 32.563 98.896 0 200192
33.9155 32.323 99.6304 0 200704
33.9426 32.443 99.2618 0 201216
33.9707 43.978 73.7532 0 201728
33.9858 32.683 99.2418 0 202240
34.0126 32.923 99.2221 0 202752
34.04 32.803 99.585 0 203264
34.0561 32.803 99.585 0 203776
34.0831 33.404 98.4869 0 204288
34.1097 33.404 98.4869 0 204800
34.1376 33.284 98.842 0 205312
34.1542 33.404 99.1805 0 205824
34.1799 33.404 99.1805 0 206336
34.207 33.284 99.538 0 206848
34.2358 33.524 99.5165 0 207360
34.2511 33.644 99.1616 0 207872
34.2778 33.644 99.1616 0 208384
34.3058 33.885 99.14 0 208896
34.3221 33.885 99.14 0 209408
34.3492 33.885 99.14 0 209920
34.3787 34.005 99.4715 0 210432
34.4081 34.125 99.1217 0 210944
34.4387 34.365 99.1036 0 211456
34.4565 34.365 99.1036 0 211968
34.4836 34.245 99.4509 0 212480
34.5133 34.485 99.4306 0 212992
34.5436 34.606 99.0829 0 213504
34.5614 34.606 99.0829 0 214016
34.5908 34.846 99.0654 0 214528
34.6197 34.726 99.4077 0 215040
34.6493 34.846 99.0654 0 215552
34.6803 35.086 99.0481 0 216064
34.6976 35.086 99.0481 0 216576
34.7783 31.722 99.3269 0 195584
34.7927 32.082 98.2123 0 196096
34.8192 31.842 98.9526 0 196608
34.8466 32.082 98.9345 0 197120
34.8743 32.082 98.9345 0 197632
34.8891 32.202 98.5658 0 198144
34.916 32.202 99.2853 0 198656
34.9431 32.202 99.2853 0 199168
34.9709 32.323 98.9136 0 199680
34.986 32.563 98.896 0 200192
35.0125 32.563 98.896 0 200704
35.0402 32.683 98.5329 0 201216
35.0683 32.683 99.2418 0 201728
35.083 32.803 98.8788 0 202240
35.11 32.923 99.2221 0 202752
35.1377 33.044 98.8587 0 203264
35.1658 33.164 98.501 0 203776
35.1801 33.404 98.4869 0 204288
35.208 33.164 99.1996 0 204800
35.2355 33.284 98.842 0 205312
35.2506 33.404 99.1805 0 205824
35.2778 33.524 98.8254 0 206336
35.3064 33.644 98.473 0 206848
35.3344 33.644 99.1616 0 207360
35.3493 33.764 98.8091 0 207872
35.3762 33.644 99.1616 0 208384
35.4047 33.885 99.14 0 208896
35.4196 34.005 98.7902 0 209408
35.4474 34.005 98.7902 0 209920
35.4778 34.245 98.7744 0 210432
35.5074 34.125 99.1217 0 210944
35.5376 34.365 99.1036 0 211456
35.5541 34.365 99.1036 0 211968
35.5827 34.485 98.7588 0 212480
35.6136 34.726 98.7405 0 212992
35.6432 34.606 99.0829 0 213504
35.66 34.726 98.7405 0 214016
35.6897 35.086 98.3877 0 214528
35.7716 31.481 98.6154 0 193024
35.7856 31.481 98.6154 0 193536
35.8129 31.722 98.5966 0 194048
35.8405 31.602 98.971 0 194560
35.8673 31.722 98.5966 0 195072
35.8815 31.842 98.9526 0 195584
35.9089 31.962 98.5811 0 196096
35.9369 32.082 98.2123 0 196608
35.964 32.082 98.9345 0 197120
35.978 32.082 98.9345 0 197632
36.0053 32.323 98.1968 0 198144
36.0338 32.443 98.5477 0 198656
36.0611 32.563 98.1846 0 199168
36.075 32.563 98.1846 0 199680
36.1029 32.683 98.5329 0 200192
36.1309 32.683 98.5329 0 200704
36.1583 32.683 98.5329 0 201216
36.1727 32.923 98.5184 0 201728
36.2004 32.923 98.5184 0 202240
36.2291 33.164 98.501 0 202752
36.2562 33.044 98.8587 0 203264
36.2707 33.044 98.8587 0 203776
36.2987 33.284 98.842 0 204288
36.3273 33.524 98.1344 0 204800
36.3548 33.524 98.1344 0 205312
36.3692 33.644 98.473 0 205824
36.3973 33.524 98.8254 0 206336
36.4251 33.644 98.473 0 206848
36.4392 33.764 98.8091 0 207360
36.4676 33.885 98.4563 0 207872
36.4963 34.005 98.1089 0 208384
36.5244 34.005 98.7902 0 208896
36.5386 34.005 98.7902 0 209408
36.5676 34.125 98.4428 0 209920
36.5983 34.365 98.4294 0 210432
36.6278 34.485 98.0869 0 210944
36.6434 34.606 98.4135 0 211456
36.6734 34.485 98.7588 0 211968
36.7654 31.361 98.254 0 191488
36.7922 31.481 97.8795 0 192000
36.8196 31.361 98.254 0 192512
36.834 31.481 98.6154 0 193024
36.861 31.602 98.2378 0 193536
36.8891 31.842 98.225 0 194048
36.9162 31.962 97.8562 0 194560
36.9303 31.962 97.8562 0 195072
36.958 31.962 98.5811 0 195584
36.9857 32.082 98.2123 0 196096
37.0129 32.202 97.8463 0 196608
37.0273 32.323 98.1968 0 197120
37.0553 32.443 97.8336 0 197632
37.0829 32.323 98.1968 0 198144
37.1105 32.563 98.1846 0 198656
37.1244 32.563 98.1846 0 199168
37.1529 32.683 97.8241 0 199680
37.1809 32.803 98.1725 0 200192
37.2084 32.923 97.8147 0 200704
37.2223 32.923 97.8147 0 201216
37.2507 33.044 98.1576 0 201728
37.2789 33.044 98.1576 0 202240
37.3068 33.284 98.1459 0 202752
37.3207 33.284 98.1459 0 203264
37.349 33.404 97.7933 0 203776
37.3776 33.404 98.4869 0 204288
37.4053 33.524 98.1344 0 204800
37.4195 33.524 98.1344 0 205312
37.4479 33.764 98.123 0 205824
37.4761 33.885 97.7726 0 206336
37.503 33.885 97.7726 0 206848
37.5191 33.885 98.4563 0 207360
37.5474 34.005 98.1089 0 207872
37.5755 34.125 97.7639 0 208384
37.5897 34.245 98.0978 0 208896
37.6183 34.365 97.7553 0 209408
37.6479 34.245 98.0978 0 209920
37.6777 34.606 97.744 0 210432
37.6932 34.485 98.0869 0 210944
37.7721 31.361 98.254 0 191488
37.786 31.361 98.254 0 192000
37.8133 31.481 97.8795 0 192512
37.8412 31.481 98.6154 0 193024
37.8679 31.602 98.2378 0 193536
37.8819 31.722 98.5966 0 194048
37.91 31.842 98.225 0 194560
37.9375 31.962 97.8562 0 195072
37.9647 31.962 98.5811 0 195584
37.9784 31.962 98.5811 0 196096
38.0064 32.082 98.2123 0 196608
38.0345 32.323 98.1968 0 197120
38.0622 32.563 97.4731 0 197632
38.0755 32.443 97.8336 0 198144
38.1038 32.443 98.5477 0 198656
38.1316 32.563 98.1846 0 199168
38.1599 32.683 97.8241 0 199680
38.1734 32.923 97.8147 0 200192
38.2015 32.803 98.1725 0 200704
38.2295 32.923 97.8147 0 201216
38.2575 33.044 98.1576 0 201728
38.2711 32.923 98.5184 0 202240
38.2998 33.164 98.501 0 202752
38.3279 33.284 98.1459 0 203264
38.3554 33.404 97.7933 0 203776
38.3696 33.524 98.1344 0 204288
38.3983 33.524 98.1344 0 204800
38.4267 33.524 98.1344 0 205312
38.4546 33.764 98.123 0 205824
38.4685 33.764 98.123 0 206336
38.497 33.885 97.7726 0 206848
38.5263 34.125 97.7639 0 207360
38.5392 34.005 98.1089 0 207872
38.568 34.005 98.1089 0 208384
38.5968 34.245 98.0978 0 208896
38.6248 34.365 97.7553 0 209408
38.6395 34.365 97.7553 0 209920
38.6703 34.365 98.4294 0 210432
38.7004 34.485 98.0869 0 210944
38.7655 31.241 97.8898 0 190976
38.7929 31.361 98.254 0 191488
38.8196 31.361 98.254 0 192000
38.8336 31.481 97.8795 0 192512
38.8613 31.481 98.6154 0 193024
38.8885 31.481 98.6154 0 193536
38.9167 31.722 98.5966 0 194048
38.9434 31.842 98.225 0 194560
38.9576 31.842 98.225 0 195072
38.9853 32.082 98.2123 0 195584
39.013 31.962 98.5811 0 196096
39.04 32.082 98.2123 0 196608
39.0544 32.202 98.5658 0 197120
39.0824 32.443 97.8336 0 197632
39.11 32.443 97.8336 0 198144
39.1372 32.443 98.5477 0 198656
39.1516 32.443 98.5477 0 199168
39.1799 32.563 98.1846 0 199680
39.2077 32.803 98.1725 0 200192
39.235 32.923 97.8147 0 200704
39.2492 32.923 97.8147 0 201216
39.278 33.164 97.8024 0 201728
39.3058 33.044 98.1576 0 202240
39.3334 33.284 98.1459 0 202752
39.3476 33.284 98.1459 0 203264
39.3757 33.284 98.1459 0 203776
39.4047 33.524 98.1344 0 204288
39.432 33.524 98.1344 0 204800
39.4463 33.404 98.4869 0 205312
39.4745 33.644 98.473 0 205824
39.5027 33.885 97.7726 0 206336
39.5169 33.764 98.123 0 206848
39.5457 34.005 98.1089 0 207360
39.5739 33.885 98.4563 0 207872
39.6016 34.005 98.1089 0 208384
39.616 34.125 98.4428 0 208896
39.6446 34.245 98.0978 0 209408
39.6746 34.365 97.7553 0 209920
39.7644 30.881 98.2808 0 189440
39.7777 31.001 98.6477 0 189952
39.8035 31.121 98.2673 0 190464
39.8306 31.241 97.8898 0 190976
39.8574 31.481 97.8795 0 191488
39.8719 31.481 97.8795 0 192000
39.899 31.361 98.254 0 192512
39.9258 30.645 101.306 0 193024
39.9423 20.369 152.414 0 193536
39.9551 20.489 152.652 0 194048
39.9716 20.489 152.652 0 194560
39.988 20.369 153.551 0 195072
40.0046 20.489 153.782 0 195584
40.0197 23.31 135.172 0 196096
40.0335 20.489 153.782 0 196608
40.0501 20.489 154.913 0 197120
40.0664 20.489 154.913 0 197632
40.0822 20.369 155.826 0 198144
40.095 20.489 156.044 0 198656
40.1114 20.489 156.044 0 199168
40.1275 20.369 156.963 0 199680
40.1434 20.489 157.175 0 200192
40.156 20.489 157.175 0 200704
40.1719 20.369 158.101 0 201216
40.1883 20.489 158.305 0 201728
40.2038 20.369 159.238 0 202240
40.2166 20.489 159.436 0 202752
40.2324 20.489 159.436 0 203264
40.2481 20.369 160.375 0 203776
40.2609 20.489 160.567 0 204288
40.2765 20.489 160.567 0 204800
40.2921 20.369 161.513 0 205312
40.3079 20.489 161.698 0 205824
40.3202 20.489 161.698 0 206336
40.3358 20.369 162.65 0 206848
40.3515 20.489 162.828 0 207360
40.3665 20.369 163.788 0 207872
40.3791 20.369 163.788 0 208384
40.3947 20.489 163.959 0 208896
40.4101 20.369 164.925 0 209408
40.4228 20.369 164.925 0 209920
40.4397 20.489 165.09 0 210432
40.4564 20.489 165.09 0 210944
40.4731 20.489 166.221 0 211456
40.4895 20.489 166.221 0 211968
40.5034 20.489 166.221 0 212480
40.52 20.489 167.351 0 212992
40.5364 20.489 167.351 0 213504
40.5527 20.369 168.337 0 214016
40.5664 20.489 168.482 0 214528
40.5827 20.489 168.482 0 215040
40.5988 20.369 169.475 0 215552
40.6152 20.489 169.613 0 216064
40.6309 20.369 170.612 0 216576
40.645 20.369 170.612 0 217088
40.6613 20.489 170.744 0 217600
40.6773 20.489 170.744 0 218112
40.7355 20.369 136.49 0 173568
40.7459 20.489 136.821 0 174080
40.7621 20.489 136.821 0 174592
40.7788 20.369 137.627 0 175104
40.7903 20.489 137.952 0 175616
40.8072 20.489 137.952 0 176128
40.8242 20.369 138.765 0 176640
40.8412 20.489 139.083 0 177152
40.8581 20.369 139.902 0 177664
40.8696 20.489 140.213 0 178176
40.8863 20.489 140.213 0 178688
40.9031 20.369 141.039 0 179200
40.9198 20.489 141.344 0 179712
40.9311 20.489 141.344 0 180224
40.9475 20.369 142.177 0 180736
40.9644 20.489 142.475 0 181248
40.9808 20.489 142.475 0 181760
40.9921 20.489 142.475 0 182272
41.0086 20.489 143.606 0 182784
41.0251 20.489 143.606 0 183296
41.0415 20.369 144.452 0 183808
41.0528 20.489 144.736 0 184320
41.0692 20.489 144.736 0 184832
41.0853 20.369 145.589 0 185344
41.1018 20.489 145.867 0 185856
41.1129 20.489 145.867 0 186368
41.1293 20.489 146.998 0 186880
41.1452 20.489 146.998 0 187392
41.1565 20.489 146.998 0 187904
41.1725 20.489 148.129 0 188416
41.1886 20.489 148.129 0 188928
41.2045 20.369 149.001 0 189440
41.2158 20.489 149.259 0 189952
41.2317 20.489 149.259 0 190464
41.248 20.369 150.139 0 190976
41.2652 20.489 150.39 0 191488
41.2775 20.489 150.39 0 192000
41.2941 20.369 151.276 0 192512
41.311 20.489 151.521 0 193024
41.3276 20.369 152.414 0 193536
41.3403 20.489 152.652 0 194048
41.3568 20.489 152.652 0 194560
41.3733 20.489 152.652 0 195072
41.39 20.489 153.782 0 195584
41.4064 20.489 153.782 0 196096
41.4189 20.489 153.782 0 196608
41.4354 20.489 154.913 0 197120
41.4517 20.489 154.913 0 197632
41.4679 20.369 155.826 0 198144
41.4804 20.489 156.044 0 198656
41.4968 20.489 156.044 0 199168
41.5128 20.369 156.963 0 199680
41.5291 20.489 157.175 0 200192
41.5413 20.489 157.175 0 200704
41.5573 20.369 158.101 0 201216
41.5737 20.489 158.305 0 201728
41.5895 20.369 159.238 0 202240
41.602 20.489 159.436 0 202752
41.6178 20.489 159.436 0 203264
41.6335 20.369 160.375 0 203776
41.6496 20.489 160.567 0 204288
41.6619 20.489 160.567 0 204800
41.6774 20.369 161.513 0 205312
41.7319 20.489 151.521 0 193024
41.7442 20.489 151.521 0 193536
41.761 20.489 152.652 0 194048
41.7775 20.489 152.652 0 194560
41.7939 20.369 153.551 0 195072
41.8064 20.489 153.782 0 195584
41.823 20.489 153.782 0 196096
41.8393 20.369 154.688 0 196608
41.8558 20.489 154.913 0 197120
41.8681 20.489 154.913 0 197632
41.8843 20.369 155.826 0 198144
41.9009 20.489 156.044 0 198656
41.9171 20.489 156.044 0 199168
41.9293 20.489 156.044 0 199680
41.9456 20.489 157.175 0 200192
41.9616 20.489 157.175 0 200704
41.9778 20.369 158.101 0 201216
41.9903 20.489 158.305 0 201728
42.0062 20.489 158.305 0 202240
42.0223 20.489 159.436 0 202752
42.0381 20.489 159.436 0 203264
42.0506 20.489 159.436 0 203776
42.0665 20.489 160.567 0 204288
42.0822 20.489 160.567 0 204800
42.0977 20.369 161.513 0 205312
42.1102 20.489 161.698 0 205824
42.126 20.489 161.698 0 206336
42.1415 20.369 162.65 0 206848
42.154 20.489 162.828 0 207360
42.1694 20.489 162.828 0 207872
42.1847 20.369 163.788 0 208384
42.2005 20.489 163.959 0 208896
42.2128 20.489 163.959 0 209408
42.2287 20.369 164.925 0 209920
42.2456 20.489 165.09 0 210432
42.2621 20.369 166.063 0 210944
42.2758 20.489 166.221 0 211456
42.2924 20.489 166.221 0 211968
42.3089 20.489 166.221 0 212480
42.3255 20.489 167.351 0 212992
42.3419 20.489 167.351 0 213504
42.3556 20.489 167.351 0 214016
42.3722 20.489 168.482 0 214528
42.3884 20.489 168.482 0 215040
42.4046 20.369 169.475 0 215552
42.4183 20.489 169.613 0 216064
42.4345 20.489 169.613 0 216576
42.4505 20.369 170.612 0 217088
42.4668 20.489 170.744 0 217600
42.4805 20.489 170.744 0 218112
42.4964 20.369 171.75 0 218624
42.5126 20.489 171.874 0 219136
42.5284 20.369 172.887 0 219648
42.5444 20.489 173.005 0 220160
42.5579 20.489 173.005 0 220672
42.5737 20.489 173.005 0 221184
42.5896 20.489 174.136 0 221696
42.6053 20.489 174.136 0 222208
42.619 20.489 174.136 0 222720
42.6348 20.489 175.267 0 223232
42.6503 20.489 175.267 0 223744
42.664 20.489 175.267 0 224256
42.6797 20.489 176.397 0 224768
42.7301 20.489 168.482 0 214528
42.7437 20.489 168.482 0 215040
42.7599 20.369 169.475 0 215552
42.7763 20.489 169.613 0 216064
42.7923 20.369 170.612 0 216576
42.806 20.369 170.612 0 217088
42.8223 20.489 170.744 0 217600
42.8384 20.489 170.744 0 218112
42.8543 20.369 171.75 0 218624
42.8695 20.489 171.874 0 219136
42.8839 20.489 171.874 0 219648
42.8999 20.489 173.005 0 220160
42.9157 20.489 173.005 0 220672
42.9307 20.369 174.024 0 221184
42.9454 20.489 174.136 0 221696
42.9611 20.489 174.136 0 222208
42.9766 20.369 175.162 0 222720
42.9917 20.489 175.267 0 223232
43.0059 20.489 175.267 0 223744
43.0213 20.369 176.299 0 224256
43.037 20.489 176.397 0 224768
43.0507 20.489 176.397 0 225280
43.066 20.369 177.437 0 225792
43.0816 20.489 177.528 0 226304
43.0968 20.369 178.574 0 226816
43.1105 20.369 178.574 0 227328
43.1259 20.489 178.659 0 227840
43.1408 20.369 179.712 0 228352
43.1554 20.489 179.79 0 228864
43.1698 20.489 179.79 0 229376
43.1848 20.369 180.849 0 229888
43.2 20.489 180.92 0 230400
43.2143 21.152 175.25 0 230912
43.2285 20.369 181.986 0 231424
43.2436 20.489 182.051 0 231936
43.2583 20.369 183.124 0 232448
43.2718 20.369 183.124 0 232960
43.2884 20.489 183.182 0 233472
43.3048 20.489 183.182 0 233984
43.3211 20.369 184.261 0 234496
43.3373 20.489 184.313 0 235008
43.353 20.489 184.313 0 235520
43.3694 20.489 185.444 0 236032
43.3856 20.489 185.444 0 236544
43.4016 20.369 186.536 0 237056
43.4175 20.489 186.574 0 237568
43.4333 20.489 186.574 0 238080
43.4492 20.369 187.673 0 238592
43.4654 20.489 187.705 0 239104
43.4813 20.729 185.532 0 239616
43.4967 20.489 187.705 0 240128
43.5127 20.489 188.836 0 240640
43.5285 20.489 188.836 0 241152
43.5442 20.369 189.948 0 241664
43.5599 20.489 189.967 0 242176
43.5755 20.489 189.967 0 242688
43.5911 20.369 191.086 0 243200
43.6069 20.489 191.097 0 243712
43.6222 20.489 191.097 0 244224
43.6379 20.489 192.228 0 244736
43.6534 20.489 192.228 0 245248
43.6687 20.427 192.811 0 245760
43.6844 20.547 192.813 0 246272
43.7331 20.489 160.567 0 204288
43.7454 20.489 160.567 0 204800
43.7609 20.369 161.513 0 205312
43.7767 20.489 161.698 0 205824
43.789 20.489 161.698 0 206336
43.8044 20.369 162.65 0 206848
43.8203 20.489 162.828 0 207360
43.8357 20.369 163.788 0 207872
43.8479 20.369 163.788 0 208384
43.8635 20.489 163.959 0 208896
43.8788 20.489 163.959 0 209408
43.8918 20.489 163.959 0 209920
43.9087 20.489 165.09 0 210432
43.9253 20.489 165.09 0 210944
43.9421 20.489 166.221 0 211456
43.9586 20.489 166.221 0 211968
43.9723 20.489 166.221 0 212480
43.9889 20.489 167.351 0 212992
44.0053 20.489 167.351 0 213504
44.0214 20.369 168.337 0 214016
44.0379 20.489 168.482 0 214528
44.0516 20.489 168.482 0 215040
44.0678 20.369 169.475 0 215552
44.0842 20.489 169.613 0 216064
44.1003 20.489 169.613 0 216576
44.114 20.489 169.613 0 217088
44.1303 20.489 170.744 0 217600
44.1464 20.489 170.744 0 218112
44.162 20.369 171.75 0 218624
44.176 20.489 171.874 0 219136
44.1919 20.489 171.874 0 219648
44.208 20.489 173.005 0 220160
44.2238 20.489 173.005 0 220672
44.2375 20.489 173.005 0 221184
44.2534 20.489 174.136 0 221696
44.2691 20.489 174.136 0 222208
44.2846 20.369 175.162 0 222720
44.2983 20.489 175.267 0 223232
44.3139 20.489 175.267 0 223744
44.3293 20.369 176.299 0 224256
44.345 20.489 176.397 0 224768
44.3587 20.489 176.397 0 225280
44.374 20.369 177.437 0 225792
44.3896 20.489 177.528 0 226304
44.4048 20.369 178.574 0 226816
44.4185 20.369 178.574 0 227328
44.4337 20.489 178.659 0 227840
44.4488 20.369 179.712 0 228352
44.4641 20.489 179.79 0 228864
44.4778 20.489 179.79 0 229376
44.4928 20.369 180.849 0 229888
44.508 20.489 180.92 0 230400
44.5217 20.489 180.92 0 230912
44.5365 20.369 181.986 0 231424
44.5516 20.489 182.051 0 231936
44.5662 20.489 182.051 0 232448
44.5799 20.489 182.051 0 232960
44.5965 20.489 183.182 0 233472
44.6129 20.489 183.182 0 233984
44.6292 20.369 184.261 0 234496
44.6448 20.489 184.313 0 235008
44.6611 20.489 184.313 0 235520
44.6775 20.489 185.444 0 236032
44.7303 20.489 175.267 0 223232
44.7439 20.489 175.267 0 223744
44.7594 20.369 176.299 0 224256
44.775 20.489 176.397 0 224768
44.7893 20.369 177.437 0 225280
44.8041 20.369 177.437 0 225792
44.8196 20.489 177.528 0 226304
44.8348 20.369 178.574 0 226816
44.8485 20.369 178.574 0 227328
44.8637 20.489 178.659 0 227840
44.8788 20.369 179.712 0 228352
44.8941 20.489 179.79 0 228864
44.9078 20.489 179.79 0 229376
44.9228 20.369 180.849 0 229888
44.938 20.489 180.92 0 230400
44.9521 20.489 180.92 0 230912
44.9667 20.489 180.92 0 231424
44.9817 20.489 182.051 0 231936
44.9963 20.489 182.051 0 232448
45.01 20.489 182.051 0 232960
45.0267 20.489 183.182 0 233472
45.0431 20.489 183.182 0 233984
45.0594 20.369 184.261 0 234496
45.0759 20.489 184.313 0 235008
45.0913 20.489 184.313 0 235520
45.1077 20.489 185.444 0 236032
45.1238 20.489 185.444 0 236544
45.1399 20.369 186.536 0 237056
45.1555 20.489 186.574 0 237568
45.1716 20.489 186.574 0 238080
45.1876 20.489 186.574 0 238592
45.2038 20.489 187.705 0 239104
45.2197 20.489 187.705 0 239616
45.2351 20.489 187.705 0 240128
45.2511 20.489 188.836 0 240640
45.2669 20.489 188.836 0 241152
45.2826 20.369 189.948 0 241664
45.2982 20.489 189.967 0 242176
45.3139 20.489 189.967 0 242688
45.3295 20.369 191.086 0 243200
45.3453 20.489 191.097 0 243712
45.3607 20.369 192.223 0 244224
45.3763 20.489 192.228 0 244736
45.3918 20.489 192.228 0 245248
45.4071 20.427 192.811 0 245760
45.4228 20.547 192.813 0 246272
45.4381 20.547 192.813 0 246784
45.4535 20.547 192.813 0 247296
45.4691 20.667 192.814 0 247808
45.4845 20.667 192.814 0 248320
45.4999 20.667 192.814 0 248832
45.5155 20.787 192.816 0 249344
45.5309 20.787 192.816 0 249856
45.5463 20.787 192.816 0 250368
45.5619 20.907 192.817 0 250880
45.5773 20.907 192.817 0 251392
45.5927 20.907 192.817 0 251904
45.6083 21.028 192.81 0 252416
45.6237 21.028 192.81 0 252928
45.6393 21.148 192.811 0 253440
45.6547 21.148 192.811 0 253952
45.6701 21.148 192.811 0 254464
45.6857 21.268 192.812 0 254976
45.734 20.369 156.963 0 199168
45.7463 20.369 156.963 0 199680
45.7626 20.489 157.175 0 200192
45.7786 20.489 157.175 0 200704
45.7909 20.489 157.175 0 201216
45.8071 20.489 158.305 0 201728
45.8232 20.489 158.305 0 202240
45.8393 20.489 159.436 0 202752
45.8515 20.489 159.436 0 203264
45.8673 20.489 159.436 0 203776
45.8832 20.489 160.567 0 204288
45.8992 20.489 160.567 0 204800
45.9114 20.489 160.567 0 205312
45.9272 20.489 161.698 0 205824
45.9428 20.489 161.698 0 206336
45.9582 20.369 162.65 0 206848
45.971 20.489 162.828 0 207360
45.9864 20.489 162.828 0 207872
46.0017 20.369 163.788 0 208384
46.0142 20.489 163.959 0 208896
46.0295 20.489 163.959 0 209408
46.0455 20.369 164.925 0 209920
46.0624 20.489 165.09 0 210432
46.0761 20.489 165.09 0 210944
46.0928 20.489 166.221 0 211456
46.1093 20.489 166.221 0 211968
46.1257 20.369 167.2 0 212480
46.1424 20.489 167.351 0 212992
46.1561 20.489 167.351 0 213504
46.1723 20.489 167.351 0 214016
46.1888 20.489 168.482 0 214528
46.2051 20.489 168.482 0 215040
46.2188 20.489 168.482 0 215552
46.2352 20.489 169.613 0 216064
46.2513 20.489 169.613 0 216576
46.2674 20.369 170.612 0 217088
46.2837 20.489 170.744 0 217600
46.2974 20.489 170.744 0 218112
46.313 20.369 171.75 0 218624
46.3292 20.489 171.874 0 219136
46.345 20.369 172.887 0 219648
46.3589 20.489 173.005 0 220160
46.3747 20.489 173.005 0 220672
46.3904 20.369 174.024 0 221184
46.4063 20.489 174.136 0 221696
46.42 20.489 174.136 0 222208
46.4357 20.489 174.136 0 222720
46.4513 20.489 175.267 0 223232
46.4669 20.489 175.267 0 223744
46.4806 20.489 175.267 0 224256
46.4962 20.489 176.397 0 224768
46.5117 20.489 176.397 0 225280
46.527 20.369 177.437 0 225792
46.5409 20.489 177.528 0 226304
46.5563 20.489 177.528 0 226816
46.5715 20.369 178.574 0 227328
46.5852 20.489 178.659 0 227840
46.6004 20.489 178.659 0 228352
46.6157 20.489 179.79 0 228864
46.6308 20.489 179.79 0 229376
46.6445 20.489 179.79 0 229888
46.6597 20.489 180.92 0 230400
46.6746 20.489 180.92 0 230912
46.7305 20.489 173.005 0 220672
46.7439 20.489 173.005 0 221184
46.7598 20.489 174.136 0 221696
46.7755 20.489 174.136 0 222208
46.7901 20.369 175.162 0 222720
46.805 20.489 175.267 0 223232
46.8206 20.489 175.267 0 223744
46.836 20.369 176.299 0 224256
46.85 20.489 176.397 0 224768
46.8652 20.489 176.397 0 225280
46.8805 20.369 177.437 0 225792
46.896 20.489 177.528 0 226304
46.9097 20.489 177.528 0 226816
46.9249 20.369 178.574 0 227328
46.9404 20.489 178.659 0 227840
46.9555 20.369 179.712 0 228352
46.9694 20.489 179.79 0 228864
46.9845 20.489 179.79 0 229376
46.9992 20.369 180.849 0 229888
47.0135 20.791 178.293 0 230400
47.0281 20.489 180.92 0 230912
47.043 20.369 181.986 0 231424
47.058 20.489 182.051 0 231936
47.0717 20.489 182.051 0 232448
47.0865 20.369 183.124 0 232960
47.1031 20.489 183.182 0 233472
47.1195 20.489 183.182 0 233984
47.1349 20.489 183.182 0 234496
47.1514 20.489 184.313 0 235008
47.1677 20.489 184.313 0 235520
47.1841 20.489 185.444 0 236032
47.2003 20.489 185.444 0 236544
47.2156 20.489 185.444 0 237056
47.2319 20.489 186.574 0 237568
47.248 20.489 186.574 0 238080
47.2639 20.369 187.673 0 238592
47.2801 20.489 187.705 0 239104
47.2954 20.489 187.705 0 239616
47.3112 20.369 188.811 0 240128
47.3273 20.489 188.836 0 240640
47.3431 20.489 188.836 0 241152
47.3585 20.489 188.836 0 241664
47.3744 20.489 189.967 0 242176
47.3901 20.489 189.967 0 242688
47.4056 20.369 191.086 0 243200
47.4214 20.489 191.097 0 243712
47.4368 20.489 191.097 0 244224
47.4525 20.489 192.228 0 244736
47.4679 20.489 192.228 0 245248
47.4833 20.427 192.811 0 245760
47.4989 20.547 192.813 0 246272
47.5143 20.547 192.813 0 246784
47.5297 20.547 192.813 0 247296
47.5453 20.667 192.814 0 247808
47.5607 20.667 192.814 0 248320
47.5761 20.667 192.814 0 248832
47.5917 20.787 192.816 0 249344
47.6071 20.787 192.816 0 249856
47.6225 20.787 192.816 0 250368
47.6381 20.907 192.817 0 250880
47.6535 20.907 192.817 0 251392
47.6689 20.907 192.817 0 251904
47.6845 21.028 192.81 0 252416
47.7334 20.369 160.375 0 203776
47.7459 20.489 160.567 0 204288
47.7616 20.489 160.567 0 204800
47.7772 20.369 161.513 0 205312
47.7897 20.489 161.698 0 205824
47.8052 20.489 161.698 0 206336
47.8209 20.369 162.65 0 206848
47.8366 20.489 162.828 0 207360
47.8489 20.489 162.828 0 207872
47.8642 20.369 163.788 0 208384
47.8798 20.489 163.959 0 208896
47.8923 20.489 163.959 0 209408
47.9082 20.369 164.925 0 209920
47.9248 20.489 165.09 0 210432
47.9415 20.489 165.09 0 210944
47.9582 20.489 166.221 0 211456
47.9719 20.489 166.221 0 211968
47.9884 20.489 166.221 0 212480
48.0051 20.489 167.351 0 212992
48.0215 20.489 167.351 0 213504
48.0352 20.489 167.351 0 214016
48.0517 20.489 168.482 0 214528
48.0678 20.489 168.482 0 215040
48.0839 20.369 169.475 0 215552
48.1003 20.489 169.613 0 216064
48.114 20.489 169.613 0 216576
48.1301 20.369 170.612 0 217088
48.1464 20.489 170.744 0 217600
48.1623 20.369 171.75 0 218112
48.176 20.369 171.75 0 218624
48.1921 20.489 171.874 0 219136
48.2078 20.489 171.874 0 219648
48.2239 20.489 173.005 0 220160
48.2376 20.489 173.005 0 220672
48.2534 20.489 173.005 0 221184
48.2693 20.489 174.136 0 221696
48.285 20.489 174.136 0 222208
48.2987 20.489 174.136 0 222720
48.3145 20.489 175.267 0 223232
48.33 20.489 175.267 0 223744
48.3452 20.369 176.299 0 224256
48.3592 20.489 176.397 0 224768
48.3746 20.489 176.397 0 225280
48.3899 20.369 177.437 0 225792
48.4055 20.489 177.528 0 226304
48.4192 20.489 177.528 0 226816
48.4344 20.369 178.574 0 227328
48.4498 20.489 178.659 0 227840
48.4649 20.369 179.712 0 228352
48.4786 20.489 179.79 0 228864
48.4937 20.489 179.79 0 229376
48.5087 20.369 180.849 0 229888
48.5226 20.489 180.92 0 230400
48.5376 20.489 180.92 0 230912
48.5524 20.369 181.986 0 231424
48.5675 20.489 182.051 0 231936
48.5812 20.489 182.051 0 232448
48.5959 20.369 183.124 0 232960
48.6123 20.489 183.182 0 233472
48.6287 20.489 183.182 0 233984
48.6441 20.489 183.182 0 234496
48.6606 20.489 184.313 0 235008
48.6769 20.489 184.313 0 235520
48.7308 20.369 171.75 0 218112
48.7444 20.369 171.75 0 218624
48.7606 20.489 171.874 0 219136
48.7764 20.369 172.887 0 219648
48.7924 20.489 173.005 0 220160
48.8061 20.489 173.005 0 220672
48.8219 20.489 173.005 0 221184
48.8378 20.489 174.136 0 221696
48.8535 20.489 174.136 0 222208
48.867 20.489 174.136 0 222720
48.8828 20.489 175.267 0 223232
48.8983 20.489 175.267 0 223744
48.9137 20.369 176.299 0 224256
48.9277 20.489 176.397 0 224768
48.9432 20.489 176.397 0 225280
48.9585 20.369 177.437 0 225792
48.9725 20.489 177.528 0 226304
48.9877 20.489 177.528 0 226816
49.0027 20.369 178.574 0 227328
49.0181 20.489 178.659 0 227840
49.0318 20.489 178.659 0 228352
49.0472 20.489 179.79 0 228864
49.0622 20.489 179.79 0 229376
49.0772 20.369 180.849 0 229888
49.0911 20.489 180.92 0 230400
49.1061 20.489 180.92 0 230912
49.1209 20.369 181.986 0 231424
49.1346 20.489 182.051 0 231936
49.1495 20.489 182.051 0 232448
49.1642 20.369 183.124 0 232960
49.1809 20.489 183.182 0 233472
49.1962 20.489 183.182 0 233984
49.2125 20.369 184.261 0 234496
49.229 20.489 184.313 0 235008
49.2453 20.489 184.313 0 235520
49.2617 20.489 185.444 0 236032
49.2771 20.489 185.444 0 236544
49.2933 20.489 185.444 0 237056
49.3096 20.489 186.574 0 237568
49.3256 20.489 186.574 0 238080
49.3415 20.369 187.673 0 238592
49.3571 20.489 187.705 0 239104
49.3731 20.489 187.705 0 239616
49.3889 20.369 188.811 0 240128
49.4049 20.489 188.836 0 240640
49.4203 20.489 188.836 0 241152
49.436 20.369 189.948 0 241664
49.4519 20.489 189.967 0 242176
49.4676 20.489 189.967 0 242688
49.4831 20.369 191.086 0 243200
49.4988 20.489 191.097 0 243712
49.5143 20.489 191.097 0 244224
49.53 20.489 192.228 0 244736
49.5455 20.489 192.228 0 245248
49.5608 20.489 192.228 0 245760
49.5765 20.547 192.813 0 246272
49.5918 20.547 192.813 0 246784
49.6072 20.547 192.813 0 247296
49.6228 20.667 192.814 0 247808
49.6382 20.667 192.814 0 248320
49.6536 20.667 192.814 0 248832
49.6692 20.787 192.816 0 249344
49.6846 20.787 192.816 0 249856
49.7337 20.369 156.963 0 199680
49.7462 20.489 157.175 0 200192
49.7622 20.489 157.175 0 200704
49.7782 20.369 158.101 0 201216
49.7907 20.489 158.305 0 201728
49.8066 20.489 158.305 0 202240
49.8229 20.489 159.436 0 202752
49.8387 20.489 159.436 0 203264
49.8509 20.489 159.436 0 203776
49.8668 20.489 160.567 0 204288
49.8825 20.489 160.567 0 204800
49.8983 20.369 161.513 0 205312
