1.0
1.0
1.0
1.0
1.0
1.0
1.0
1.0
1.0
0.9955979375535062
0.9715107015959388
0.946691950361009
1.0
0.9375748210981961
0.9346302353333267
0.9340412068346717
1.0
0.921969841599499
1.0
1.0
1.0
1.0
1.0
1.0
0.9825637685377738
0.9595260252224982
0.6589749990223243
0.6526250659152539
0.6801351815061708
0.6759328067110961
0.6790068285848768
0.9463405578662109
0.8396780251249751
0.8018202106186167
0.9029074520623825
0.9113846654667621
0.9122658275426054
0.9868983994212498
0.9920106244929637
0.9881016624446031
1.0
1.0
0.999582502391503
0.9998304702201227
0.9998203901927412
0.9983612999823638
0.9989068174940229
1.0
0.949507055682681
0.9982133873153971
0.9992117957026674
0.9994037947327176
1.0
0.9999973355406816
1.0
0.9878157877461552
1.0
0.9681490921445934
1.0
0.9526192646087909
1.0
0.9480213071362514
1.0
0.9454036919349547
1.0
1.0
1.0
1.0
1.0
1.0
1.0
1.0
1.0
1.0
