20.8639 67.439 47.7521 0 402432
20.8643 67.469 47.9025 0 403968
20.8797 67.523 48.0358 0 404992
20.9069 64.983 50.0916 0 406528
20.9385 65.685 49.7326 0 408064
20.9548 66.276 49.4639 0 409600
20.9905 66.839 49.2206 0 411136
21.0102 67.35 49.0192 0 412672
21.0246 67.788 48.8733 0 413696
21.0459 65.465 50.7845 0 415232
21.0766 66.371 50.2658 0 416768
21.0916 67.125 49.8738 0 418304
21.1117 67.729 49.6 0 419840
21.1436 68.332 49.3319 0 420864
21.1596 68.874 49.1118 0 422400
21.1765 69.278 48.9926 0 423936
21.2113 69.752 48.8258 0 425472
21.2284 70.19 48.6861 0 427008
21.2395 70.571 48.5874 0 428544
21.2615 68.143 50.4886 0 429568
21.2938 68.963 50.0563 0 431104
21.3056 69.74 49.6647 0 432640
21.3234 70.361 49.391 0 434176
21.3608 70.888 49.1872 0 435712
21.3759 71.43 48.9762 0 437248
21.3912 71.894 48.8212 0 438272
21.4291 72.294 48.7113 0 439808
21.447 72.735 48.5752 0 441344
21.4623 73.118 48.4792 0 442880
21.4854 70.691 50.3075 0 444416
21.5183 71.542 49.871 0 445952
21.5341 72.284 49.5193 0 446976
21.5575 72.937 49.2348 0 448512
21.5949 73.55 48.982 0 450048
21.6069 74.07 48.7945 0 451584
21.6269 74.486 48.6775 0 453120
21.6673 74.909 48.5573 0 454656
21.6841 75.278 48.4731 0 455680
21.7043 75.573 48.4372 0 457216
21.7439 75.929 48.3627 0 458752
21.758 76.243 48.3154 0 460288
21.7756 76.585 48.2509 0 461824
21.8187 76.889 48.2108 0 463360
21.837 77.222 48.1529 0 464384
21.8552 77.518 48.1185 0 465920
21.8983 77.846 48.0645 0 467456
21.9171 78.168 48.0147 0 468992
21.9357 78.455 47.9867 0 470528
21.9791 78.745 47.9571 0 471552
21.9978 79.038 47.9259 0 473088
22.0167 79.301 47.913 0 474624
22.0605 79.602 47.8774 0 476160
22.0795 79.964 47.8055 0 477696
22.099 80.252 47.7783 0 479232
22.1427 80.544 47.7489 0 480256
22.1625 80.957 47.6484 0 481792
22.1855 81.227 47.6326 0 483328
22.2265 81.594 47.5604 0 484864
22.2468 82.007 47.4621 0 486400
22.2771 82.368 47.3947 0 487936
22.3117 82.777 47.3005 0 488960
22.3408 83.314 47.1346 0 490496
22.3689 83.774 47.0141 0 492032
22.4108 84.292 46.8626 0 493568
22.4374 84.646 46.6666 19 495104
22.4569 82.166 48.0752 90 496640
22.5036 82.976 47.7455 244 497664
22.6625 78.667 35.7826 0 351744
22.6684 75.28 37.5464 0 353280
22.7061 68.935 41.1704 0 354304
22.7534 67.615 42.1454 0 355840
22.7935 66.588 42.9694 0 357376
22.8258 65.827 43.6422 0 358912
22.8617 65.249 44.2063 0 360448
22.9137 64.846 44.6597 0 361984
22.9352 64.583 45.0209 0 363008
22.9774 64.403 45.3266 0 364544
23.008 64.32 45.5652 0 366080
23.0501 64.313 45.7503 0 367616
23.0873 60.642 48.7108 0 369152
23.13 61.491 48.2266 0 370688
23.1525 58.475 50.9122 0 371712
23.2033 59.817 49.9636 0 373248
23.2546 60.801 49.3455 0 374784
23.3025 61.768 48.7605 0 376320
23.3354 62.602 48.296 0 377856
23.3868 63.359 47.9018 0 378880
23.4162 60.24 50.5742 0 380416
23.4691 61.53 49.7022 0 381952
23.5253 62.231 49.3285 0 383488
23.5747 62.852 49.0254 0 385024
23.6002 63.379 48.8005 0 386560
23.6663 63.861 48.6136 0 387584
23.727 64.336 48.4347 0 389120
23.7785 64.897 48.1945 0 390656
23.84 65.645 47.8218 0 392192
23.8694 66.305 47.5205 0 393728
23.9398 67.102 47.1287 0 395264
24.0127 68.191 46.546 0 396288
24.0881 69.573 45.7879 0 397824
24.1614 71.579 44.6665 0 399360
24.2318 74.446 43.102 0 400896
24.3158 76.83 41.9153 0 402432
24.3431 78.827 40.8534 0 403968
24.4289 79.704 40.8399 280 404992
24.4301 64.394 0.539678 1 403968
24.5609 64.762 35.2375 0 285184
24.5636 65.298 35.1256 0 286208
24.5967 65.756 35.0571 0 287744
24.6378 66.183 35.006 0 289280
24.6859 66.584 34.9691 0 290816
24.7542 66.936 34.9583 0 292352
24.8068 67.277 34.9533 0 293888
24.8437 67.58 34.968 0 294912
24.8875 67.822 35.014 0 296448
24.9382 68.046 35.069 0 297984
24.9618 68.255 35.1313 0 299520
25.0243 68.482 35.184 0 301056
25.0521 63.738 37.9845 0 302592
25.1016 64.959 37.4489 0 303616
25.1712 65.965 37.0533 0 305152
25.2227 66.801 36.763 0 306688
25.2427 67.529 36.5383 0 308224
25.3134 68.112 36.3956 0 309760
25.3804 67.857 36.7031 0 311296
25.4267 66.242 37.7728 0 312320
25.4785 64.949 38.7031 0 313856
25.5007 63.945 39.4919 0 315392
25.5616 63.292 40.0824 0 316928
25.6231 62.95 40.4842 0 318464
25.6862 62.947 40.6702 0 320000
25.752 63.455 40.5271 0 321024
25.8226 64.852 39.8327 0 322560
25.9043 67.443 38.4742 0 324096
25.9977 71.317 36.5467 0 325632
26.0861 74.357 35.0525 219 327168
26.26 72.553 25.3864 0 229888
26.2685 71.169 26.0428 0 231424
26.3345 70.093 26.6078 0 232960
26.3952 69.232 27.1061 0 234496
26.413 68.603 27.5235 0 235520
26.4793 68.13 27.8846 0 237056
26.5401 67.781 28.1991 0 238592
26.5915 67.503 28.4868 0 240128
26.613 67.34 28.7278 0 241664
26.6801 67.24 28.9428 0 243200
26.7472 67.189 29.1372 0 244224
26.8105 67.179 29.3139 0 245760
26.8692 67.201 29.4767 0 247296
26.8824 67.249 29.6279 0 248832
26.9502 67.317 29.7701 0 250368
27.0179 67.402 29.9044 0 251904
27.0859 67.499 30.033 0 252928
27.1544 67.637 30.143 0 254464
27.2086 64.924 31.581 0 256000
27.2627 62.754 32.8577 0 257536
27.3171 61.047 33.9662 0 259072
27.3989 59.712 34.9196 0 260608
27.4811 58.734 35.6983 0 261632
27.5708 58.042 36.3235 0 263168
27.6758 57.879 36.6259 0 264704
27.7997 59.22 35.9922 0 266240
27.923 64.168 33.3973 0 267776
28.0534 68.668 31.3774 0 269312
28.1792 72.267 29.9751 0 270336
28.3096 72.894 29.8761 0 271872
28.4759 73.395 29.83 0 273408
28.6731 73.856 29.8007 0 274944
28.9212 74.315 29.7725 0 276480
29.2526 70.867 31.3845 0 278016
