0.1 5.328640
0.120000 27.801600
0.140000 31.856000
0.160000 53.865600
0.180000 77.612800
0.200000 77.033600
0.220000 77.033600
0.240000 77.033600
0.260000 77.033600
0.280000 77.033600
0.300000 77.612800
0.320000 15.059200
0.340000 0.000000
0.360000 216.041600
0.380000 77.033600
0.400000 77.033600
0.420000 77.033600
0.440000 77.612800
0.460000 77.033600
0.480000 77.033600
0.500000 77.033600
0.520000 77.033600
0.540000 77.033600
0.560000 77.612800
0.580000 77.033600
0.600000 77.033600
0.620000 77.033600
0.640000 77.033600
0.660000 77.033600
0.680000 77.612800
0.700000 77.033600
0.720000 12.163200
0.740000 0.000000
0.760000 218.937600
0.780000 77.033600
0.800000 77.033600
0.820000 77.612800
0.840000 77.033600
0.860000 77.033600
0.880000 77.033600
0.900000 77.033600
0.920000 77.033600
0.940000 77.612800
0.960000 77.033600
0.980000 77.033600
1.000000 77.033600
1.020000 77.033600
1.040000 77.033600
1.060000 77.033600
1.080000 77.612800
1.100000 77.033600
1.120000 77.033600
1.140000 77.033600
1.160000 77.033600
1.180000 77.033600
1.200000 77.612800
1.220000 77.033600
1.240000 77.033600
1.260000 77.033600
1.280000 77.033600
1.300000 77.033600
1.320000 77.033600
1.340000 77.612800
1.360000 77.033600
1.380000 77.033600
1.400000 77.033600
1.420000 77.033600
1.440000 77.033600
1.460000 77.612800
1.480000 77.033600
1.500000 77.033600
1.520000 77.033600
1.540000 77.033600
1.560000 77.033600
1.580000 77.612800
1.600000 77.033600
1.620000 77.033600
1.640000 77.033600
1.660000 77.033600
1.680000 77.033600
1.700000 77.033600
1.720000 77.612800
1.740000 77.033600
1.760000 77.033600
1.780000 77.033600
1.800000 77.033600
1.820000 77.033600
1.840000 77.612800
1.860000 77.033600
1.880000 77.033600
1.900000 77.033600
1.920000 77.033600
1.940000 77.033600
1.960000 77.033600
1.980000 77.612800
2.000000 77.033600
2.020000 77.033600
2.040000 77.033600
2.060000 77.033600
2.080000 77.033600
2.100000 77.612800
2.120000 77.033600
2.140000 77.033600
2.160000 77.033600
2.180000 77.033600
2.200000 77.033600
2.220000 77.612800
2.240000 77.033600
2.260000 77.033600
2.280000 77.033600
2.300000 77.033600
2.320000 77.033600
2.340000 77.033600
2.360000 77.612800
2.380000 77.033600
2.400000 77.033600
2.420000 77.033600
2.440000 77.033600
2.460000 77.033600
2.480000 77.612800
2.500000 77.033600
2.520000 77.033600
2.540000 77.033600
2.560000 77.033600
2.580000 77.033600
2.600000 77.033600
2.620000 77.612800
2.640000 77.033600
2.660000 77.033600
2.680000 77.033600
2.700000 77.033600
2.720000 77.033600
2.740000 77.612800
2.760000 77.033600
2.780000 77.033600
2.800000 77.033600
2.820000 77.033600
2.840000 77.033600
2.860000 77.033600
2.880000 77.612800
2.900000 77.033600
2.920000 77.033600
2.940000 77.033600
2.960000 77.033600
2.980000 77.033600
3.000000 77.612800
3.020000 77.033600
3.040000 77.033600
3.060000 77.033600
3.080000 77.033600
3.100000 77.033600
3.120000 77.612800
3.140000 77.033600
3.160000 77.033600
3.180000 77.033600
3.200000 77.033600
3.220000 77.033600
3.240000 77.033600
3.260000 77.612800
3.280000 77.033600
3.300000 77.033600
3.320000 77.033600
3.340000 77.033600
3.360000 77.033600
3.380000 77.612800
3.400000 77.033600
3.420000 77.033600
3.440000 77.033600
3.460000 77.033600
3.480000 77.033600
3.500000 77.033600
3.520000 77.612800
3.540000 77.033600
3.560000 77.033600
3.580000 77.033600
3.600000 77.033600
3.620000 77.033600
3.640000 77.612800
3.660000 77.033600
3.680000 77.033600
3.700000 77.033600
3.720000 77.033600
3.740000 77.033600
3.760000 77.033600
3.780000 77.612800
3.800000 77.033600
3.820000 77.033600
3.840000 77.033600
3.860000 77.033600
3.880000 77.033600
3.900000 77.612800
3.920000 77.033600
3.940000 77.033600
3.960000 77.033600
3.980000 77.033600
4.000000 77.033600
4.020000 77.612800
4.040000 77.033600
4.060000 77.033600
4.080000 77.033600
4.100000 77.033600
4.120000 77.033600
4.140000 77.033600
4.160000 77.612800
4.180000 77.033600
4.200000 77.033600
4.220000 77.033600
4.240000 77.033600
4.260000 77.033600
4.280000 77.612800
4.300000 77.033600
4.320000 77.033600
4.340000 77.033600
4.360000 77.033600
4.380000 77.033600
4.400000 77.033600
4.420000 77.612800
4.440000 77.033600
4.460000 77.033600
4.480000 77.033600
4.500000 77.033600
4.520000 77.033600
4.540000 77.612800
4.560000 77.033600
4.580000 77.033600
4.600000 77.033600
4.620000 77.033600
4.640000 77.033600
4.660000 77.612800
4.680000 77.033600
4.700000 77.033600
4.720000 77.033600
4.740000 77.033600
4.760000 77.033600
4.780000 77.033600
4.800000 77.612800
4.820000 77.033600
4.840000 77.033600
4.860000 77.033600
4.880000 77.033600
4.900000 77.033600
4.920000 77.612800
4.940000 77.033600
4.960000 77.033600
4.980000 77.033600
5.000000 77.033600
5.020000 77.033600
5.040000 77.033600
5.060000 77.612800
5.080000 77.033600
5.100000 77.033600
5.120000 77.033600
5.140000 77.033600
5.160000 77.033600
5.180000 77.612800
5.200000 77.033600
5.220000 77.033600
5.240000 77.033600
5.260000 77.033600
5.280000 77.033600
5.300000 77.033600
5.320000 77.612800
5.340000 77.033600
5.360000 77.033600
5.380000 77.033600
5.400000 77.033600
5.420000 77.033600
5.440000 77.612800
5.460000 77.033600
5.480000 77.033600
5.500000 77.033600
5.520000 77.033600
5.540000 77.033600
5.560000 77.612800
5.580000 77.033600
5.600000 77.033600
5.620000 77.033600
5.640000 77.033600
5.660000 77.033600
5.680000 77.033600
5.700000 77.612800
5.720000 77.033600
5.740000 77.033600
5.760000 77.033600
5.780000 77.033600
5.800000 77.033600
5.820000 77.612800
5.840000 77.033600
5.860000 77.033600
5.880000 77.033600
5.900000 77.033600
5.920000 77.033600
5.940000 77.033600
5.960000 77.612800
5.980000 77.033600
6.000000 77.033600
6.020000 77.033600
6.040000 77.033600
6.060000 77.033600
6.080000 77.612800
6.100000 77.033600
6.120000 77.033600
6.140000 77.033600
6.160000 77.033600
6.180000 77.033600
6.200000 77.612800
6.220000 77.033600
6.240000 77.033600
6.260000 77.033600
6.280000 77.033600
6.300000 77.033600
6.320000 77.033600
6.340000 77.612800
6.360000 77.033600
6.380000 77.033600
6.400000 77.033600
6.420000 77.033600
6.440000 77.033600
6.460000 77.612800
6.480000 77.033600
6.500000 77.033600
6.520000 77.033600
6.540000 77.033600
6.560000 77.033600
6.580000 77.033600
6.600000 77.612800
6.620000 77.033600
6.640000 77.033600
6.660000 77.033600
6.680000 77.033600
6.700000 77.033600
6.720000 77.612800
6.740000 77.033600
6.760000 77.033600
6.780000 77.033600
6.800000 77.033600
6.820000 77.033600
6.840000 77.033600
6.860000 77.612800
6.880000 77.033600
6.900000 77.033600
6.920000 77.033600
6.940000 77.033600
6.960000 77.033600
6.980000 77.612800
7.000000 77.033600
7.020000 77.033600
7.040000 77.033600
7.060000 77.033600
7.080000 77.033600
7.100000 77.612800
7.120000 77.033600
7.140000 77.033600
7.160000 77.033600
7.180000 77.033600
7.200000 77.033600
7.220000 77.033600
7.240000 77.612800
7.260000 77.033600
7.280000 77.033600
7.300000 77.033600
7.320000 77.033600
7.340000 77.033600
7.360000 77.612800
7.380000 77.033600
7.400000 77.033600
7.420000 77.033600
7.440000 77.033600
7.460000 77.033600
7.480000 77.033600
7.500000 77.612800
7.520000 77.033600
7.540000 77.033600
7.560000 77.033600
7.580000 77.033600
7.600000 77.033600
7.620000 77.612800
7.640000 77.033600
7.660000 77.033600
7.680000 77.033600
7.700000 77.033600
7.720000 77.033600
7.740000 77.612800
7.760000 77.033600
7.780000 77.033600
7.800000 77.033600
7.820000 77.033600
7.840000 77.033600
7.860000 77.033600
7.880000 77.612800
7.900000 77.033600
7.920000 77.033600
7.940000 77.033600
7.960000 77.033600
7.980000 77.033600
8.000000 77.612800
8.020000 77.033600
8.040000 77.033600
8.060000 77.033600
8.080000 77.033600
8.100000 77.033600
8.120000 77.033600
8.140000 77.612800
8.160000 77.033600
8.180000 77.033600
8.200000 77.033600
8.220000 77.033600
8.240000 77.033600
8.260000 77.612800
8.280000 77.033600
8.300000 77.033600
8.320000 77.033600
8.340000 77.033600
8.360000 77.033600
8.380000 77.033600
8.400000 77.612800
8.420000 77.033600
8.440000 77.033600
8.460000 77.033600
8.480000 77.033600
8.500000 77.033600
8.520000 77.612800
8.540000 77.033600
8.560000 77.033600
8.580000 77.033600
8.600000 77.033600
8.620000 77.033600
8.640000 77.612800
8.660000 77.033600
8.680000 77.033600
8.700000 77.033600
8.720000 77.033600
8.740000 77.033600
8.760000 77.033600
8.780000 77.612800
8.800000 77.033600
8.820000 77.033600
8.840000 77.033600
8.860000 77.033600
8.880000 77.033600
8.900000 77.612800
8.920000 77.033600
8.940000 77.033600
8.960000 77.033600
8.980000 77.033600
9.000000 77.033600
9.020000 77.033600
9.040000 77.612800
9.060000 77.033600
9.080000 77.033600
9.100000 77.033600
9.120000 77.033600
9.140000 77.033600
9.160000 77.612800
9.180000 77.033600
9.200000 77.033600
9.220000 77.033600
9.240000 77.033600
9.260000 77.033600
9.280000 77.033600
9.300000 77.612800
9.320000 77.033600
9.340000 77.033600
9.360000 77.033600
9.380000 77.033600
9.400000 77.033600
9.420000 77.612800
9.440000 77.033600
9.460000 77.033600
9.480000 77.033600
9.500000 77.033600
9.520000 77.033600
9.540000 77.612800
9.560000 77.033600
9.580000 77.033600
9.600000 77.033600
9.620000 77.033600
9.640000 77.033600
9.660000 77.033600
9.680000 77.612800
9.700000 77.033600
9.720000 77.033600
9.740000 77.033600
9.760000 77.033600
9.780000 77.033600
9.800000 77.612800
9.820000 77.033600
9.840000 77.033600
9.860000 77.033600
9.880000 77.033600
9.900000 77.033600
9.920000 77.033600
9.940000 77.612800
9.960000 77.033600
9.980000 77.033600
10.000000 77.033600
10.020000 77.033600
10.040000 28.380800
10.060000 3.475200
10.080000 199.824000
10.100000 77.033600
10.120000 77.033600
10.140000 77.033600
10.160000 77.033600
10.180000 77.033600
10.200000 77.612800
10.220000 77.033600
10.240000 77.033600
10.260000 77.033600
10.280000 77.033600
10.300000 77.033600
10.320000 77.612800
10.340000 77.033600
10.360000 77.033600
10.380000 77.033600
10.400000 77.033600
10.420000 77.033600
10.440000 77.033600
10.460000 77.612800
10.480000 77.033600
10.500000 77.033600
10.520000 77.033600
10.540000 77.033600
10.560000 77.033600
10.580000 77.612800
10.600000 77.033600
10.620000 77.033600
10.640000 77.033600
10.660000 77.033600
10.680000 77.033600
10.700000 77.033600
10.720000 77.612800
10.740000 77.033600
10.760000 77.033600
10.780000 77.033600
10.800000 77.033600
10.820000 77.033600
10.840000 77.612800
10.860000 77.033600
10.880000 77.033600
10.900000 77.033600
10.920000 77.033600
10.940000 77.033600
10.960000 77.612800
10.980000 77.033600
11.000000 77.033600
11.020000 77.033600
11.040000 77.033600
11.060000 77.033600
11.080000 77.033600
11.100000 77.612800
11.120000 77.033600
11.140000 77.033600
11.160000 77.033600
11.180000 77.033600
11.200000 77.033600
11.220000 77.612800
11.240000 77.033600
11.260000 58.499200
11.280000 4.054400
11.300000 0.000000
11.320000 0.000000
11.340000 0.000000
11.360000 144.220800
11.380000 72.979200
11.400000 200.403200
11.420000 213.724800
11.440000 77.033600
11.460000 77.033600
11.480000 77.612800
11.500000 77.033600
11.520000 77.033600
11.540000 77.033600
11.560000 77.033600
11.580000 77.033600
11.600000 77.033600
11.620000 77.612800
11.640000 77.033600
11.660000 77.033600
11.680000 77.033600
11.700000 77.033600
11.720000 77.033600
11.740000 77.612800
11.760000 77.033600
11.780000 77.033600
11.800000 77.033600
11.820000 77.033600
11.840000 77.033600
11.860000 77.612800
11.880000 77.033600
11.900000 77.033600
11.920000 77.033600
11.940000 77.033600
11.960000 77.033600
11.980000 77.033600
12.000000 77.612800
12.020000 77.033600
12.040000 77.033600
12.060000 77.033600
12.080000 77.033600
12.100000 77.033600
12.120000 77.612800
12.140000 77.033600
12.160000 77.033600
12.180000 77.033600
12.200000 77.033600
12.220000 77.033600
12.240000 77.033600
12.260000 77.612800
12.280000 77.033600
12.300000 77.033600
12.320000 77.033600
12.340000 77.033600
12.360000 77.033600
12.380000 77.612800
12.400000 77.033600
12.420000 77.033600
12.440000 77.033600
12.460000 77.033600
12.480000 77.033600
12.500000 77.612800
12.520000 77.033600
12.540000 77.033600
12.560000 77.033600
12.580000 77.033600
12.600000 77.033600
12.620000 77.033600
12.640000 77.612800
12.660000 77.033600
12.680000 77.033600
12.700000 77.033600
12.720000 77.033600
12.740000 77.033600
12.760000 77.612800
12.780000 77.033600
12.800000 77.033600
12.820000 77.033600
12.840000 77.033600
12.860000 77.033600
12.880000 77.033600
12.900000 77.612800
12.920000 77.033600
12.940000 77.033600
12.960000 77.033600
12.980000 77.033600
13.000000 77.033600
13.020000 77.612800
13.040000 77.033600
13.060000 77.033600
13.080000 77.033600
13.100000 77.033600
13.120000 77.033600
13.140000 77.033600
13.160000 77.612800
13.180000 77.033600
13.200000 77.033600
13.220000 77.033600
13.240000 77.033600
13.260000 77.033600
13.280000 77.612800
13.300000 77.033600
13.320000 77.033600
13.340000 77.033600
13.360000 77.033600
13.380000 77.033600
13.400000 77.612800
13.420000 77.033600
13.440000 77.033600
13.460000 77.033600
13.480000 77.033600
13.500000 77.033600
13.520000 77.033600
13.540000 77.612800
13.560000 77.033600
13.580000 77.033600
13.600000 77.033600
13.620000 77.033600
13.640000 77.033600
13.660000 77.612800
13.680000 77.033600
13.700000 77.033600
13.720000 77.033600
13.740000 77.033600
13.760000 77.033600
13.780000 77.033600
13.800000 77.612800
13.820000 77.033600
13.840000 77.033600
13.860000 77.033600
13.880000 77.033600
13.900000 77.033600
13.920000 77.612800
13.940000 77.033600
13.960000 77.033600
13.980000 77.033600
14.000000 77.033600
14.020000 77.033600
14.040000 77.612800
14.060000 77.033600
14.080000 77.033600
14.100000 77.033600
14.120000 77.033600
14.140000 77.033600
14.160000 77.033600
14.180000 77.612800
14.200000 77.033600
14.220000 77.033600
14.240000 77.033600
14.260000 77.033600
14.280000 77.033600
14.300000 77.612800
14.320000 77.033600
14.340000 77.033600
14.360000 77.033600
14.380000 77.033600
14.400000 77.033600
14.420000 77.033600
14.440000 77.612800
14.460000 77.033600
14.480000 77.033600
14.500000 77.033600
14.520000 77.033600
14.540000 77.033600
14.560000 77.612800
14.580000 77.033600
14.600000 77.033600
14.620000 77.033600
14.640000 77.033600
14.660000 77.033600
14.680000 77.033600
14.700000 77.612800
14.720000 77.033600
14.740000 77.033600
14.760000 77.033600
14.780000 77.033600
14.800000 77.033600
14.820000 77.612800
14.840000 77.033600
14.860000 77.033600
14.880000 77.033600
14.900000 77.033600
14.920000 77.033600
14.940000 77.612800
14.960000 77.033600
14.980000 77.033600
15.000000 77.033600
15.020000 77.033600
15.040000 77.033600
15.060000 77.033600
15.080000 77.612800
15.100000 77.033600
15.120000 77.033600
15.140000 77.033600
15.160000 77.033600
15.180000 77.033600
15.200000 77.612800
15.220000 77.033600
15.240000 77.033600
15.260000 77.033600
15.280000 77.033600
15.300000 77.033600
15.320000 77.033600
15.340000 77.612800
15.360000 77.033600
15.380000 77.033600
15.400000 77.033600
15.420000 77.033600
15.440000 77.033600
15.460000 77.612800
15.480000 77.033600
15.500000 77.033600
15.520000 77.033600
15.540000 77.033600
15.560000 77.033600
15.580000 77.033600
15.600000 77.612800
15.620000 77.033600
15.640000 77.033600
15.660000 77.033600
15.680000 77.033600
15.700000 77.033600
15.720000 77.612800
15.740000 77.033600
15.760000 77.033600
15.780000 77.033600
15.800000 77.033600
15.820000 77.033600
15.840000 77.612800
15.860000 77.033600
15.880000 77.033600
15.900000 77.033600
15.920000 77.033600
15.940000 77.033600
15.960000 77.033600
15.980000 77.612800
16.000000 77.033600
16.020000 77.033600
16.040000 77.033600
16.060000 77.033600
16.080000 77.033600
16.100000 77.612800
16.120000 77.033600
16.140000 77.033600
16.160000 77.033600
16.180000 77.033600
16.200000 77.033600
16.220000 77.033600
16.240000 77.612800
16.260000 77.033600
16.280000 77.033600
16.300000 77.033600
16.320000 77.033600
16.340000 77.033600
16.360000 77.612800
16.380000 77.033600
16.400000 77.033600
16.420000 77.033600
16.440000 77.033600
16.460000 77.033600
16.480000 77.612800
16.500000 77.033600
16.520000 77.033600
16.540000 77.033600
16.560000 77.033600
16.580000 77.033600
16.600000 77.033600
16.620000 77.612800
16.640000 77.033600
16.660000 77.033600
16.680000 77.033600
16.700000 77.033600
16.720000 77.033600
16.740000 77.612800
16.760000 77.033600
16.780000 77.033600
16.800000 77.033600
16.820000 77.033600
16.840000 77.033600
16.860000 77.033600
16.880000 77.612800
16.900000 77.033600
16.920000 77.033600
16.940000 77.033600
16.960000 77.033600
16.980000 77.033600
17.000000 77.612800
17.020000 77.033600
17.040000 77.033600
17.060000 77.033600
17.080000 77.033600
17.100000 77.033600
17.120000 77.033600
17.140000 77.612800
17.160000 77.033600
17.180000 77.033600
17.200000 77.033600
17.220000 77.033600
17.240000 77.033600
17.260000 77.612800
17.280000 77.033600
17.300000 77.033600
17.320000 77.033600
17.340000 77.033600
17.360000 77.033600
17.380000 77.612800
17.400000 77.033600
17.420000 77.033600
17.440000 77.033600
17.460000 77.033600
17.480000 77.033600
17.500000 77.033600
17.520000 77.612800
17.540000 77.033600
17.560000 77.033600
17.580000 77.033600
17.600000 77.033600
17.620000 77.033600
17.640000 77.612800
17.660000 77.033600
17.680000 77.033600
17.700000 77.033600
17.720000 77.033600
17.740000 77.033600
17.760000 77.033600
17.780000 77.612800
17.800000 77.033600
17.820000 77.033600
17.840000 77.033600
17.860000 77.033600
17.880000 77.033600
17.900000 77.612800
17.920000 77.033600
17.940000 77.033600
17.960000 77.033600
17.980000 77.033600
18.000000 77.033600
18.020000 77.612800
18.040000 77.033600
18.060000 77.033600
18.080000 77.033600
18.100000 77.033600
18.120000 77.033600
18.140000 77.033600
18.160000 77.612800
18.180000 77.033600
18.200000 77.033600
18.220000 77.033600
18.240000 77.033600
18.260000 77.033600
18.280000 77.612800
18.300000 77.033600
18.320000 77.033600
18.340000 77.033600
18.360000 77.033600
18.380000 77.033600
18.400000 77.033600
18.420000 77.612800
18.440000 77.033600
18.460000 77.033600
18.480000 77.033600
18.500000 77.033600
18.520000 77.033600
18.540000 77.612800
18.560000 77.033600
18.580000 77.033600
18.600000 77.033600
18.620000 77.033600
18.640000 77.033600
18.660000 77.033600
18.680000 77.612800
18.700000 77.033600
18.720000 77.033600
18.740000 77.033600
18.760000 77.033600
18.780000 77.033600
18.800000 77.612800
18.820000 77.033600
18.840000 77.033600
18.860000 77.033600
18.880000 77.033600
18.900000 77.033600
18.920000 77.612800
18.940000 77.033600
18.960000 77.033600
18.980000 77.033600
19.000000 77.033600
19.020000 77.033600
19.040000 77.033600
19.060000 77.612800
19.080000 77.033600
19.100000 77.033600
19.120000 77.033600
19.140000 77.033600
19.160000 77.033600
19.180000 17.376000
19.200000 0.000000
19.220000 16.217600
19.240000 75.875200
19.260000 30.118400
19.280000 4.633600
19.300000 49.811200
19.320000 61.974400
19.340000 5.792000
19.360000 16.217600
19.380000 76.454400
19.400000 30.697600
19.420000 4.633600
19.440000 49.232000
19.460000 61.974400
19.480000 7.529600
19.500000 15.059200
19.520000 75.875200
19.540000 33.593600
19.560000 2.896000
19.580000 47.494400
19.600000 61.974400
19.620000 12.163200
19.640000 13.321600
19.660000 72.979200
19.680000 39.385600
19.700000 0.000000
19.720000 44.598400
19.740000 64.870400
19.760000 16.796800
19.780000 9.846400
19.800000 68.924800
19.820000 48.073600
19.840000 0.000000
19.860000 35.910400
19.880000 69.504000
19.900000 22.588800
19.920000 8.688000
19.940000 59.657600
19.960000 60.236800
19.980000 0.000000
20.000000 23.747200
20.020000 75.875200
20.040000 29.539200
20.060000 7.529600
20.080000 48.073600
20.100000 61.974400
20.120000 13.321600
20.140000 14.480000
20.160000 70.662400
20.180000 48.652800
20.200000 0.000000
20.220000 35.331200
20.240000 2342.864000
20.260000 77.033600
20.280000 77.033600
20.300000 77.033600
20.320000 77.033600
20.340000 77.612800
20.360000 77.033600
20.380000 77.033600
20.400000 77.033600
20.420000 77.033600
20.440000 77.033600
20.460000 77.033600
20.480000 77.612800
20.500000 77.033600
20.520000 77.033600
20.540000 77.033600
20.560000 77.033600
20.580000 30.697600
20.600000 2.896000
20.620000 0.000000
20.640000 0.000000
20.660000 16.796800
20.680000 235.734400
20.700000 48.073600
20.720000 148.275200
20.740000 211.987200
20.760000 77.033600
20.780000 77.033600
20.800000 77.033600
20.820000 77.033600
20.840000 77.033600
20.860000 77.612800
20.880000 77.033600
20.900000 77.033600
20.920000 77.033600
20.940000 77.033600
20.960000 77.033600
20.980000 77.033600
21.000000 77.612800
21.020000 77.033600
21.040000 77.033600
21.060000 77.033600
21.080000 77.033600
21.100000 77.033600
21.120000 77.612800
21.140000 77.033600
21.160000 77.033600
21.180000 77.033600
21.200000 77.033600
21.220000 77.033600
21.240000 77.612800
21.260000 77.033600
21.280000 77.033600
21.300000 77.033600
21.320000 77.033600
21.340000 77.033600
21.360000 77.033600
21.380000 77.612800
21.400000 77.033600
21.420000 77.033600
21.440000 77.033600
21.460000 77.033600
21.480000 77.033600
21.500000 77.612800
21.520000 77.033600
21.540000 77.033600
21.560000 77.033600
21.580000 77.033600
21.600000 77.033600
21.620000 77.033600
21.640000 77.612800
21.660000 77.033600
21.680000 77.033600
21.700000 77.033600
21.720000 77.033600
21.740000 77.033600
21.760000 77.612800
21.780000 77.033600
21.800000 77.033600
21.820000 77.033600
21.840000 77.033600
21.860000 77.033600
21.880000 77.033600
21.900000 77.612800
21.920000 77.033600
21.940000 77.033600
21.960000 77.033600
21.980000 77.033600
22.000000 77.033600
22.020000 77.612800
22.040000 77.033600
22.060000 77.033600
22.080000 77.033600
22.100000 77.033600
22.120000 77.033600
22.140000 77.612800
22.160000 77.033600
22.180000 77.033600
22.200000 77.033600
22.220000 77.033600
22.240000 77.033600
22.260000 77.033600
22.280000 77.612800
22.300000 77.033600
22.320000 77.033600
22.340000 77.033600
22.360000 77.033600
22.380000 77.033600
22.400000 77.612800
22.420000 70.083200
22.440000 46.336000
22.460000 0.000000
22.480000 0.000000
22.500000 29.539200
22.520000 20.272000
22.540000 280.332800
22.560000 141.904000
22.580000 77.033600
22.600000 77.033600
22.620000 68.345600
22.640000 77.033600
22.660000 77.612800
22.680000 68.345600
22.700000 77.033600
22.720000 77.033600
22.740000 68.345600
22.760000 77.033600
22.780000 77.612800
22.800000 74.716800
22.820000 70.662400
22.840000 77.033600
22.860000 77.033600
22.880000 68.345600
22.900000 77.033600
22.920000 77.612800
22.940000 68.345600
22.960000 77.033600
22.980000 77.033600
23.000000 68.345600
23.020000 77.033600
23.040000 77.612800
23.060000 68.345600
23.080000 77.033600
23.100000 77.033600
23.120000 75.296000
23.140000 70.083200
23.160000 77.033600
23.180000 77.612800
23.200000 68.345600
23.220000 77.033600
23.240000 77.033600
23.260000 68.345600
23.280000 77.033600
23.300000 77.612800
23.320000 68.345600
23.340000 77.033600
23.360000 77.033600
23.380000 77.033600
23.400000 68.345600
23.420000 77.033600
23.440000 77.612800
23.460000 68.345600
23.480000 77.033600
23.500000 77.033600
23.520000 77.033600
23.540000 227.046400
23.560000 77.612800
23.580000 77.033600
23.600000 77.033600
23.620000 77.033600
23.640000 77.033600
23.660000 77.033600
23.680000 77.612800
23.700000 77.033600
23.720000 77.033600
23.740000 77.033600
23.760000 77.033600
23.780000 77.033600
23.800000 77.033600
23.820000 77.612800
23.840000 77.033600
23.860000 77.033600
23.880000 77.033600
23.900000 77.033600
23.920000 77.033600
23.940000 77.612800
23.960000 77.033600
23.980000 77.033600
24.000000 77.033600
24.020000 77.033600
24.040000 77.033600
24.060000 77.033600
24.080000 77.612800
24.100000 77.033600
24.120000 77.033600
24.140000 77.033600
24.160000 77.033600
24.180000 77.033600
24.200000 77.612800
24.220000 77.033600
24.240000 77.033600
24.260000 74.716800
24.280000 25.484800
24.300000 77.033600
24.320000 77.612800
24.340000 77.033600
24.360000 1.737600
24.380000 59.657600
24.400000 37.068800
24.420000 4.633600
24.440000 181.289600
24.460000 77.612800
24.480000 77.033600
24.500000 46.915200
24.520000 63.712000
24.540000 77.033600
24.560000 70.662400
24.580000 40.544000
24.600000 77.033600
24.620000 77.033600
24.640000 33.593600
24.660000 77.033600
24.680000 77.033600
24.700000 59.078400
24.720000 52.128000
24.740000 77.033600
24.760000 77.033600
24.780000 33.593600
24.800000 77.033600
24.820000 77.033600
24.840000 50.969600
24.860000 60.236800
24.880000 77.033600
24.900000 77.033600
24.920000 33.593600
24.940000 77.033600
24.960000 77.033600
24.980000 43.440000
25.000000 67.766400
25.020000 77.033600
25.040000 74.716800
25.060000 35.910400
25.080000 77.033600
25.100000 77.612800
25.120000 41.702400
25.140000 68.924800
25.160000 77.033600
25.180000 75.296000
25.200000 35.331200
25.220000 77.612800
25.240000 77.033600
25.260000 44.019200
25.280000 66.608000
25.300000 77.033600
25.320000 76.454400
25.340000 49.232000
25.360000 77.612800
25.380000 77.033600
25.400000 781.340800
25.420000 77.033600
25.440000 77.033600
25.460000 77.033600
25.480000 77.612800
25.500000 77.033600
25.520000 77.033600
25.540000 77.033600
25.560000 77.033600
25.580000 77.033600
25.600000 77.033600
25.620000 77.612800
25.640000 77.033600
25.660000 77.033600
25.680000 77.033600
25.700000 77.033600
25.720000 77.033600
25.740000 77.612800
25.760000 77.033600
25.780000 77.033600
25.800000 77.033600
25.820000 77.033600
25.840000 77.033600
25.860000 77.033600
25.880000 77.612800
25.900000 77.033600
25.920000 77.033600
25.940000 77.033600
25.960000 77.033600
25.980000 77.033600
26.000000 71.241600
26.020000 16.217600
26.040000 57.340800
26.060000 31.276800
26.080000 2.316800
26.100000 19.113600
26.120000 62.553600
26.140000 207.353600
26.160000 45.756800
26.180000 31.856000
26.200000 77.033600
26.220000 77.033600
26.240000 26.064000
26.260000 73.558400
26.280000 77.033600
26.300000 40.544000
26.320000 58.499200
26.340000 77.033600
26.360000 59.078400
26.380000 40.544000
26.400000 77.033600
26.420000 74.137600
26.440000 24.905600
26.460000 77.033600
26.480000 77.033600
26.500000 36.489600
26.520000 63.132800
26.540000 77.033600
26.560000 55.603200
26.580000 43.440000
26.600000 77.033600
26.620000 73.558400
26.640000 26.064000
26.660000 77.033600
26.680000 77.033600
26.700000 37.068800
26.720000 61.974400
26.740000 77.033600
26.760000 58.499200
26.780000 41.123200
26.800000 77.033600
26.820000 75.875200
26.840000 24.905600
26.860000 75.296000
26.880000 77.033600
26.900000 42.860800
26.920000 56.761600
26.940000 77.033600
26.960000 66.028800
26.980000 33.014400
27.000000 77.033600
27.020000 77.612800
27.040000 29.539200
27.060000 69.504000
27.080000 77.033600
27.100000 53.286400
27.120000 45.756800
27.140000 77.033600
27.160000 1074.416000
27.180000 77.033600
27.200000 77.033600
27.220000 77.033600
27.240000 77.033600
27.260000 77.033600
27.280000 77.612800
27.300000 77.033600
27.320000 77.033600
27.340000 77.033600
27.360000 77.033600
27.380000 77.033600
27.400000 77.033600
27.420000 77.612800
27.440000 77.033600
27.460000 77.033600
27.480000 77.033600
27.500000 77.033600
27.520000 77.033600
27.540000 77.612800
27.560000 77.033600
27.580000 77.033600
27.600000 77.033600
27.620000 77.033600
27.640000 77.033600
27.660000 77.612800
27.680000 77.033600
27.700000 77.033600
27.720000 77.033600
27.740000 77.033600
27.760000 77.033600
27.780000 77.033600
27.800000 77.612800
27.820000 77.033600
27.840000 77.033600
27.860000 77.033600
27.880000 77.033600
27.900000 77.033600
27.920000 77.612800
27.940000 77.033600
27.960000 77.033600
27.980000 77.033600
28.000000 39.964800
28.020000 53.286400
28.040000 77.033600
28.060000 59.657600
28.080000 22.009600
28.100000 61.395200
28.120000 77.033600
28.140000 58.499200
28.160000 15.638400
28.180000 37.068800
28.200000 77.033600
28.220000 77.033600
28.240000 31.856000
28.260000 46.336000
28.280000 77.033600
28.300000 69.504000
28.320000 27.222400
28.340000 59.078400
28.360000 77.033600
28.380000 55.603200
28.400000 27.801600
28.420000 71.820800
28.440000 77.612800
28.460000 42.281600
28.480000 35.910400
28.500000 77.033600
28.520000 77.033600
28.540000 34.172800
28.560000 44.598400
28.580000 77.033600
28.600000 72.979200
28.620000 26.643200
28.640000 55.603200
28.660000 77.033600
28.680000 60.236800
28.700000 27.801600
28.720000 67.766400
28.740000 77.033600
28.760000 48.652800
28.780000 30.118400
28.800000 76.454400
28.820000 77.612800
28.840000 39.385600
28.860000 38.806400
28.880000 77.033600
28.900000 77.033600
28.920000 31.856000
28.940000 46.336000
28.960000 77.612800
28.980000 71.820800
29.000000 26.643200
29.020000 56.761600
29.040000 77.033600
29.060000 59.078400
29.080000 27.222400
29.100000 69.504000
29.120000 77.033600
29.140000 48.652800
29.160000 1285.824000
29.180000 77.033600
29.200000 77.612800
29.220000 77.033600
29.240000 77.033600
29.260000 77.033600
29.280000 77.033600
29.300000 77.033600
29.320000 77.033600
29.340000 77.612800
29.360000 77.033600
29.380000 77.033600
29.400000 77.033600
29.420000 77.033600
29.440000 77.033600
29.460000 77.612800
29.480000 77.033600
29.500000 77.033600
29.520000 77.033600
29.540000 77.033600
29.560000 77.033600
29.580000 77.033600
29.600000 77.612800
29.620000 77.033600
29.640000 77.033600
29.660000 77.033600
29.680000 77.033600
29.700000 77.033600
29.720000 77.612800
29.740000 77.033600
29.760000 77.033600
29.780000 77.033600
29.800000 77.033600
29.820000 77.033600
29.840000 77.612800
29.860000 77.033600
29.880000 77.033600
29.900000 77.033600
29.920000 77.033600
29.940000 77.033600
29.960000 61.395200
29.980000 63.712000
30.000000 0.000000
30.020000 0.000000
30.040000 0.579200
30.060000 90.355200
30.080000 143.641600
30.100000 37.068800
30.120000 52.128000
30.140000 59.657600
30.160000 34.752000
30.180000 59.657600
30.200000 45.756800
30.220000 45.756800
30.240000 63.132800
30.260000 32.435200
30.280000 58.499200
30.300000 55.024000
30.320000 38.806400
30.340000 63.712000
30.360000 35.331200
30.380000 52.707200
30.400000 60.816000
30.420000 35.910400
30.440000 59.657600
30.460000 51.548800
30.480000 41.702400
30.500000 64.291200
30.520000 33.014400
30.540000 55.603200
30.560000 59.657600
30.580000 37.648000
30.600000 59.657600
30.620000 53.865600
30.640000 40.544000
30.660000 64.291200
30.680000 37.648000
30.700000 51.548800
30.720000 61.395200
30.740000 36.489600
30.760000 59.078400
30.780000 55.024000
30.800000 41.123200
30.820000 61.395200
30.840000 50.969600
30.860000 42.281600
30.880000 64.870400
30.900000 39.385600
30.920000 51.548800
30.940000 60.816000
30.960000 38.227200
30.980000 57.340800
31.000000 57.340800
31.020000 75.296000
31.040000 77.033600
31.060000 1487.964800
31.080000 77.033600
31.100000 77.033600
31.120000 77.033600
31.140000 77.033600
31.160000 77.612800
31.180000 77.033600
31.200000 77.033600
31.220000 77.033600
31.240000 77.033600
31.260000 77.033600
31.280000 77.612800
31.300000 77.033600
31.320000 77.033600
31.340000 77.033600
31.360000 77.033600
31.380000 77.033600
31.400000 77.612800
31.420000 77.033600
31.440000 77.033600
31.460000 77.033600
31.480000 77.033600
31.500000 23.747200
31.520000 13.900800
31.540000 22.588800
31.560000 67.187200
31.580000 98.464000
31.600000 162.755200
31.620000 96.726400
31.640000 77.033600
31.660000 27.222400
31.680000 52.707200
31.700000 206.195200
31.720000 77.033600
31.740000 46.915200
31.760000 14.480000
31.780000 17.955200
31.800000 51.548800
31.820000 152.329600
31.840000 66.608000
31.860000 94.409600
31.880000 80.508800
31.900000 50.969600
31.920000 195.769600
31.940000 77.033600
31.960000 77.033600
31.980000 77.033600
32.000000 77.033600
32.020000 77.033600
32.040000 77.612800
32.060000 77.033600
32.080000 77.033600
32.100000 77.033600
32.120000 77.033600
32.140000 77.033600
32.160000 77.033600
32.180000 77.612800
32.200000 77.033600
32.220000 77.033600
32.240000 77.033600
32.260000 77.033600
32.280000 77.033600
32.300000 77.612800
32.320000 77.033600
32.340000 77.033600
32.360000 77.033600
32.380000 77.033600
32.400000 77.033600
32.420000 77.033600
32.440000 77.612800
32.460000 77.033600
32.480000 77.033600
32.500000 77.033600
32.520000 77.033600
32.540000 77.033600
32.560000 77.612800
32.580000 77.033600
32.600000 77.033600
32.620000 77.033600
32.640000 77.033600
32.660000 77.033600
32.680000 77.033600
32.700000 77.612800
32.720000 77.033600
32.740000 77.033600
32.760000 77.033600
32.780000 77.033600
32.800000 77.033600
32.820000 77.612800
32.840000 77.033600
32.860000 77.033600
32.880000 77.033600
32.900000 77.033600
32.920000 77.033600
32.940000 77.612800
32.960000 77.033600
32.980000 77.033600
33.000000 77.033600
33.020000 77.033600
33.040000 77.033600
33.060000 77.033600
33.080000 77.612800
33.100000 77.033600
33.120000 77.033600
33.140000 77.033600
33.160000 77.033600
33.180000 77.033600
33.200000 77.612800
33.220000 77.033600
33.240000 77.033600
33.260000 77.033600
33.280000 77.033600
33.300000 64.870400
33.320000 27.801600
33.340000 4.633600
33.360000 0.000000
33.380000 0.000000
33.400000 0.000000
33.420000 176.076800
33.440000 67.766400
33.460000 48.073600
33.480000 4.633600
33.500000 64.870400
33.520000 51.548800
33.540000 4.633600
33.560000 60.816000
33.580000 55.024000
33.600000 6.950400
33.620000 55.603200
33.640000 58.499200
33.660000 9.267200
33.680000 49.232000
33.700000 64.291200
33.720000 10.425600
33.740000 42.860800
33.760000 68.924800
33.780000 12.742400
33.800000 35.331200
33.820000 70.662400
33.840000 20.272000
33.860000 26.643200
33.880000 70.662400
33.900000 29.539200
33.920000 16.796800
33.940000 71.241600
33.960000 38.227200
33.980000 8.108800
34.000000 75.875200
34.020000 41.702400
34.040000 3.475200
34.060000 72.979200
34.080000 52.128000
34.100000 4.633600
34.120000 60.816000
34.140000 60.236800
34.160000 9.267200
34.180000 47.494400
34.200000 70.083200
34.220000 12.742400
34.240000 34.752000
34.260000 70.662400
34.280000 26.064000
34.300000 20.272000
34.320000 71.241600
34.340000 38.227200
34.360000 1995.344000
34.380000 77.033600
34.400000 77.033600
34.420000 77.033600
34.440000 77.033600
34.460000 77.033600
34.480000 77.612800
34.500000 77.033600
34.520000 77.033600
34.540000 77.033600
34.560000 77.033600
34.580000 77.033600
34.600000 77.033600
34.620000 77.612800
34.640000 77.033600
34.660000 77.033600
34.680000 77.033600
34.700000 77.033600
34.720000 77.033600
34.740000 77.612800
34.760000 77.033600
34.780000 77.033600
34.800000 77.033600
34.820000 77.033600
34.840000 77.033600
34.860000 77.033600
34.880000 77.612800
34.900000 77.033600
34.920000 77.033600
34.940000 77.033600
34.960000 77.033600
34.980000 77.033600
35.000000 77.612800
35.020000 77.033600
35.040000 77.033600
35.060000 77.033600
35.080000 77.033600
35.100000 76.454400
35.120000 4.054400
35.140000 0.000000
35.160000 0.000000
35.180000 0.000000
35.200000 200.403200
35.220000 34.172800
35.240000 82.825600
35.260000 296.550400
35.280000 77.033600
35.300000 77.033600
35.320000 77.033600
35.340000 77.033600
35.360000 77.033600
35.380000 77.612800
35.400000 77.033600
35.420000 77.033600
35.440000 77.033600
35.460000 77.033600
35.480000 77.033600
35.500000 77.033600
35.520000 77.612800
35.540000 77.033600
35.560000 77.033600
35.580000 77.033600
35.600000 77.033600
35.620000 77.033600
35.640000 77.612800
35.660000 77.033600
35.680000 77.033600
35.700000 77.033600
35.720000 77.033600
35.740000 77.033600
35.760000 77.033600
35.780000 77.612800
35.800000 77.033600
35.820000 77.033600
35.840000 77.033600
35.860000 77.033600
35.880000 77.033600
35.900000 77.612800
35.920000 77.033600
35.940000 77.033600
35.960000 77.033600
35.980000 77.033600
36.000000 77.033600
36.020000 77.612800
36.040000 77.033600
36.060000 77.033600
36.080000 77.033600
36.100000 77.033600
36.120000 77.033600
36.140000 77.033600
36.160000 77.612800
36.180000 77.033600
36.200000 77.033600
36.220000 77.033600
36.240000 77.033600
36.260000 77.033600
36.280000 77.612800
36.300000 77.033600
36.320000 77.033600
36.340000 77.033600
36.360000 77.033600
36.380000 77.033600
36.400000 77.033600
36.420000 77.612800
36.440000 77.033600
36.460000 77.033600
36.480000 77.033600
36.500000 77.033600
36.520000 77.033600
36.540000 77.612800
36.560000 77.033600
36.580000 77.033600
36.600000 77.033600
36.620000 77.033600
36.640000 77.033600
36.660000 77.033600
36.680000 77.612800
36.700000 77.033600
36.720000 77.033600
36.740000 77.033600
36.760000 77.033600
36.780000 77.033600
36.800000 77.612800
36.820000 77.033600
36.840000 77.033600
36.860000 77.033600
36.880000 77.033600
36.900000 77.033600
36.920000 77.612800
36.940000 77.033600
36.960000 77.033600
36.980000 77.033600
37.000000 77.033600
37.020000 77.033600
37.040000 77.033600
37.060000 77.612800
37.080000 77.033600
37.100000 77.033600
37.120000 77.033600
37.140000 77.033600
37.160000 77.033600
37.180000 77.612800
37.200000 77.033600
37.220000 77.033600
37.240000 77.033600
37.260000 77.033600
37.280000 77.033600
37.300000 77.033600
37.320000 77.612800
37.340000 77.033600
37.360000 77.033600
37.380000 77.033600
37.400000 77.033600
37.420000 77.033600
37.440000 77.612800
37.460000 77.033600
37.480000 77.033600
37.500000 77.033600
37.520000 77.033600
37.540000 77.033600
37.560000 77.612800
37.580000 77.033600
37.600000 77.033600
37.620000 77.033600
37.640000 77.033600
37.660000 77.033600
37.680000 77.033600
37.700000 77.612800
37.720000 77.033600
37.740000 77.033600
37.760000 77.033600
37.780000 77.033600
37.800000 77.033600
37.820000 77.612800
37.840000 77.033600
37.860000 77.033600
37.880000 77.033600
37.900000 77.033600
37.920000 77.033600
37.940000 77.033600
37.960000 77.612800
37.980000 77.033600
38.000000 77.033600
38.020000 77.033600
38.040000 77.033600
38.060000 77.033600
38.080000 77.612800
38.100000 77.033600
38.120000 77.033600
38.140000 77.033600
38.160000 77.033600
38.180000 77.033600
38.200000 77.033600
38.220000 77.612800
38.240000 77.033600
38.260000 77.033600
38.280000 77.033600
38.300000 77.033600
38.320000 77.033600
38.340000 77.612800
38.360000 77.033600
38.380000 77.033600
38.400000 77.033600
38.420000 77.033600
38.440000 77.033600
38.460000 77.612800
38.480000 77.033600
38.500000 77.033600
38.520000 77.033600
38.540000 77.033600
38.560000 77.033600
38.580000 77.033600
38.600000 77.612800
38.620000 77.033600
38.640000 77.033600
38.660000 77.033600
38.680000 77.033600
38.700000 77.033600
38.720000 77.612800
38.740000 77.033600
38.760000 77.033600
38.780000 77.033600
38.800000 77.033600
38.820000 77.033600
38.840000 77.033600
38.860000 77.612800
38.880000 77.033600
38.900000 77.033600
38.920000 77.033600
38.940000 77.033600
38.960000 77.033600
38.980000 77.612800
39.000000 77.033600
39.020000 77.033600
39.040000 77.033600
39.060000 77.033600
39.080000 77.033600
39.100000 77.033600
39.120000 77.612800
39.140000 77.033600
39.160000 77.033600
39.180000 77.033600
39.200000 77.033600
39.220000 77.033600
39.240000 77.612800
39.260000 77.033600
39.280000 77.033600
39.300000 77.033600
39.320000 77.033600
39.340000 77.033600
39.360000 77.612800
39.380000 77.033600
39.400000 77.033600
39.420000 77.033600
39.440000 77.033600
39.460000 77.033600
39.480000 77.033600
39.500000 77.612800
39.520000 77.033600
39.540000 77.033600
39.560000 77.033600
39.580000 77.033600
39.600000 77.033600
39.620000 77.612800
39.640000 77.033600
39.660000 77.033600
39.680000 77.033600
39.700000 77.033600
39.720000 77.033600
39.740000 77.033600
39.760000 77.612800
39.780000 77.033600
39.800000 77.033600
39.820000 77.033600
39.840000 77.033600
39.860000 77.033600
39.880000 77.612800
39.900000 77.033600
39.920000 77.033600
39.940000 77.033600
39.960000 77.033600
39.980000 77.033600
40.000000 77.033600
40.020000 77.612800
40.040000 77.033600
40.060000 77.033600
40.080000 77.033600
40.100000 77.033600
40.120000 77.033600
40.140000 77.033600
40.160000 77.612800
40.180000 77.033600
40.200000 77.033600
40.220000 77.033600
40.240000 77.033600
40.260000 77.033600
40.280000 77.612800
40.300000 77.033600
40.320000 77.033600
40.340000 77.033600
40.360000 77.033600
40.380000 77.033600
40.400000 77.033600
40.420000 77.612800
40.440000 77.033600
40.460000 77.033600
40.480000 77.033600
40.500000 77.033600
40.520000 77.033600
40.540000 77.612800
40.560000 77.033600
40.580000 77.033600
40.600000 77.033600
40.620000 77.033600
40.640000 77.033600
40.660000 77.612800
40.680000 77.033600
40.700000 77.033600
40.720000 77.033600
40.740000 77.033600
40.760000 77.033600
40.780000 77.033600
40.800000 77.612800
40.820000 77.033600
40.840000 77.033600
40.860000 77.033600
40.880000 77.033600
40.900000 77.033600
40.920000 77.612800
40.940000 77.033600
40.960000 77.033600
40.980000 77.033600
41.000000 77.033600
41.020000 77.033600
41.040000 77.033600
41.060000 77.612800
41.080000 77.033600
41.100000 77.033600
41.120000 77.033600
41.140000 77.033600
41.160000 77.033600
41.180000 77.612800
41.200000 77.033600
41.220000 77.033600
41.240000 77.033600
41.260000 77.033600
41.280000 77.033600
41.300000 77.033600
41.320000 77.612800
41.340000 77.033600
41.360000 77.033600
41.380000 77.033600
41.400000 77.033600
41.420000 77.033600
41.440000 77.612800
41.460000 77.033600
41.480000 77.033600
41.500000 77.033600
41.520000 77.033600
41.540000 77.033600
41.560000 77.612800
41.580000 77.033600
41.600000 77.033600
41.620000 77.033600
41.640000 77.033600
41.660000 77.033600
41.680000 77.033600
41.700000 77.612800
41.720000 77.033600
41.740000 77.033600
41.760000 77.033600
41.780000 77.033600
41.800000 77.033600
41.820000 77.612800
41.840000 77.033600
41.860000 77.033600
41.880000 77.033600
41.900000 77.033600
41.920000 77.033600
41.940000 77.033600
41.960000 77.612800
41.980000 77.033600
42.000000 77.033600
42.020000 77.033600
42.040000 77.033600
42.060000 77.033600
42.080000 77.612800
42.100000 77.033600
42.120000 77.033600
42.140000 77.033600
42.160000 77.033600
42.180000 77.033600
42.200000 77.612800
42.220000 77.033600
42.240000 77.033600
42.260000 77.033600
42.280000 77.033600
42.300000 77.033600
42.320000 77.033600
42.340000 77.612800
42.360000 77.033600
42.380000 77.033600
42.400000 77.033600
42.420000 77.033600
42.440000 77.033600
42.460000 77.612800
42.480000 77.033600
42.500000 77.033600
42.520000 77.033600
42.540000 77.033600
42.560000 77.033600
42.580000 77.033600
42.600000 77.612800
42.620000 77.033600
42.640000 77.033600
42.660000 77.033600
42.680000 77.033600
42.700000 77.033600
42.720000 77.612800
42.740000 77.033600
42.760000 77.033600
42.780000 77.033600
42.800000 77.033600
42.820000 77.033600
42.840000 77.033600
42.860000 77.612800
42.880000 77.033600
42.900000 77.033600
42.920000 77.033600
42.940000 77.033600
42.960000 77.033600
42.980000 77.612800
43.000000 77.033600
43.020000 77.033600
43.040000 77.033600
43.060000 77.033600
43.080000 77.033600
43.100000 77.612800
43.120000 77.033600
43.140000 77.033600
43.160000 77.033600
43.180000 77.033600
43.200000 77.033600
43.220000 77.033600
43.240000 77.612800
43.260000 77.033600
43.280000 77.033600
43.300000 77.033600
43.320000 77.033600
43.340000 77.033600
43.360000 77.612800
43.380000 77.033600
43.400000 77.033600
43.420000 77.033600
43.440000 77.033600
43.460000 77.033600
43.480000 77.033600
43.500000 77.612800
43.520000 77.033600
43.540000 77.033600
43.560000 77.033600
43.580000 77.033600
43.600000 77.033600
43.620000 77.612800
43.640000 77.033600
43.660000 77.033600
43.680000 77.033600
43.700000 77.033600
43.720000 77.033600
43.740000 77.612800
43.760000 77.033600
43.780000 77.033600
43.800000 77.033600
43.820000 77.033600
43.840000 77.033600
43.860000 77.033600
43.880000 77.612800
43.900000 77.033600
43.920000 77.033600
43.940000 77.033600
43.960000 77.033600
43.980000 77.033600
44.000000 77.612800
44.020000 77.033600
44.040000 77.033600
44.060000 77.033600
44.080000 77.033600
44.100000 77.033600
44.120000 77.033600
44.140000 77.612800
44.160000 77.033600
44.180000 77.033600
44.200000 77.033600
44.220000 77.033600
44.240000 77.033600
44.260000 77.612800
44.280000 77.033600
44.300000 77.033600
44.320000 77.033600
44.340000 77.033600
44.360000 77.033600
44.380000 77.033600
44.400000 77.612800
44.420000 77.033600
44.440000 77.033600
44.460000 77.033600
44.480000 77.033600
44.500000 77.033600
44.520000 77.612800
44.540000 77.033600
44.560000 77.033600
44.580000 77.033600
44.600000 77.033600
44.620000 77.033600
44.640000 77.612800
44.660000 77.033600
44.680000 77.033600
44.700000 77.033600
44.720000 77.033600
44.740000 77.033600
44.760000 77.033600
44.780000 77.612800
44.800000 77.033600
44.820000 77.033600
44.840000 77.033600
44.860000 77.033600
44.880000 77.033600
44.900000 77.612800
44.920000 77.033600
44.940000 77.033600
44.960000 77.033600
44.980000 77.033600
45.000000 77.033600
45.020000 77.033600
45.040000 77.612800
45.060000 77.033600
45.080000 77.033600
45.100000 77.033600
45.120000 77.033600
45.140000 77.033600
45.160000 77.612800
45.180000 77.033600
45.200000 77.033600
45.220000 77.033600
45.240000 77.033600
45.260000 77.033600
45.280000 77.612800
45.300000 77.033600
45.320000 77.033600
45.340000 77.033600
45.360000 77.033600
45.380000 77.033600
45.400000 77.033600
45.420000 77.612800
45.440000 77.033600
45.460000 77.033600
45.480000 77.033600
45.500000 77.033600
45.520000 77.033600
45.540000 77.612800
45.560000 77.033600
45.580000 77.033600
45.600000 77.033600
45.620000 77.033600
45.640000 77.033600
45.660000 77.033600
45.680000 77.612800
45.700000 77.033600
45.720000 77.033600
45.740000 77.033600
45.760000 77.033600
45.780000 77.033600
45.800000 77.612800
45.820000 77.033600
45.840000 77.033600
45.860000 77.033600
45.880000 77.033600
45.900000 77.033600
45.920000 77.033600
45.940000 77.612800
45.960000 77.033600
45.980000 77.033600
46.000000 77.033600
46.020000 77.033600
46.040000 77.033600
46.060000 77.612800
46.080000 77.033600
46.100000 77.033600
46.120000 77.033600
46.140000 77.033600
46.160000 77.033600
46.180000 77.612800
46.200000 77.033600
46.220000 77.033600
46.240000 77.033600
46.260000 77.033600
46.280000 77.033600
46.300000 77.033600
46.320000 77.612800
46.340000 77.033600
46.360000 77.033600
46.380000 77.033600
46.400000 77.033600
46.420000 77.033600
46.440000 77.612800
46.460000 77.033600
46.480000 77.033600
46.500000 77.033600
46.520000 77.033600
46.540000 77.033600
46.560000 77.033600
46.580000 77.612800
46.600000 77.033600
46.620000 77.033600
46.640000 77.033600
46.660000 77.033600
46.680000 77.033600
46.700000 77.612800
46.720000 77.033600
46.740000 77.033600
46.760000 77.033600
46.780000 77.033600
46.800000 77.033600
46.820000 77.033600
46.840000 77.612800
46.860000 77.033600
46.880000 77.033600
46.900000 77.033600
46.920000 77.033600
46.940000 77.033600
46.960000 77.612800
46.980000 77.033600
47.000000 77.033600
47.020000 77.033600
47.040000 77.033600
47.060000 77.033600
47.080000 77.612800
47.100000 77.033600
47.120000 77.033600
47.140000 77.033600
47.160000 77.033600
47.180000 77.033600
47.200000 77.033600
47.220000 77.612800
47.240000 77.033600
47.260000 77.033600
47.280000 77.033600
47.300000 77.033600
47.320000 77.033600
47.340000 77.612800
47.360000 77.033600
47.380000 77.033600
47.400000 77.033600
47.420000 77.033600
47.440000 77.033600
47.460000 77.033600
47.480000 77.612800
47.500000 77.033600
47.520000 77.033600
47.540000 77.033600
47.560000 77.033600
47.580000 77.033600
47.600000 77.612800
47.620000 77.033600
47.640000 77.033600
47.660000 77.033600
47.680000 77.033600
47.700000 77.033600
47.720000 77.612800
47.740000 77.033600
47.760000 77.033600
47.780000 77.033600
47.800000 77.033600
47.820000 77.033600
47.840000 77.033600
47.860000 77.612800
47.880000 77.033600
47.900000 77.033600
47.920000 77.033600
47.940000 77.033600
47.960000 77.033600
47.980000 77.612800
48.000000 77.033600
48.020000 77.033600
48.040000 77.033600
48.060000 77.033600
48.080000 77.033600
48.100000 77.033600
48.120000 77.612800
48.140000 77.033600
48.160000 77.033600
48.180000 77.033600
48.200000 77.033600
48.220000 77.033600
48.240000 77.612800
48.260000 77.033600
48.280000 77.033600
48.300000 77.033600
48.320000 77.033600
48.340000 77.033600
48.360000 77.033600
48.380000 77.612800
48.400000 77.033600
48.420000 77.033600
48.440000 77.033600
48.460000 77.033600
48.480000 77.033600
48.500000 77.612800
48.520000 77.033600
48.540000 77.033600
48.560000 77.033600
48.580000 77.033600
48.600000 77.033600
48.620000 77.612800
48.640000 77.033600
48.660000 77.033600
48.680000 77.033600
48.700000 77.033600
48.720000 77.033600
48.740000 77.033600
48.760000 38.806400
48.780000 0.000000
48.800000 0.000000
48.820000 0.000000
48.840000 346.940800
48.860000 77.033600
48.880000 77.612800
48.900000 77.033600
48.920000 77.033600
48.940000 77.033600
48.960000 77.033600
48.980000 77.033600
49.000000 77.033600
49.020000 77.612800
49.040000 77.033600
49.060000 77.033600
49.080000 77.033600
49.100000 77.033600
49.120000 77.033600
49.140000 77.612800
49.160000 77.033600
49.180000 77.033600
49.200000 77.033600
49.220000 77.033600
49.240000 77.033600
49.260000 77.612800
49.280000 77.033600
49.300000 77.033600
49.320000 77.033600
49.340000 77.033600
49.360000 77.033600
49.380000 77.033600
49.400000 77.612800
49.420000 77.033600
49.440000 77.033600
49.460000 77.033600
49.480000 77.033600
49.500000 77.033600
49.520000 77.612800
49.540000 77.033600
49.560000 77.033600
49.580000 77.033600
49.600000 77.033600
49.620000 77.033600
49.640000 77.033600
49.660000 77.612800
49.680000 77.033600
49.700000 77.033600
49.720000 77.033600
49.740000 77.033600
49.760000 77.033600
49.780000 77.612800
49.800000 77.033600
49.820000 77.033600
49.840000 77.033600
49.860000 77.033600
49.880000 77.033600
49.900000 77.033600
49.920000 77.612800
49.940000 77.033600
49.960000 42.281600
49.980000 0.000000
