0.0 36200
0.101273 39096
0.101574 41992
0.101874 44888
0.102175 47784
0.102475 50680
0.102775 53576
0.103076 56472
0.103376 59368
0.103677 62264
0.103977 65160
0.104277 68056
0.104578 70952
0.121585 73848
0.121885 76744
0.122185 79640
0.122486 82536
0.122786 85432
0.123087 88328
0.123387 91224
0.123687 94120
0.123988 97016
0.124288 99912
0.124589 102808
0.124889 105704
0.125189 108600
0.12549 111496
0.12579 114392
0.126091 117288
0.126391 120184
0.126691 123080
0.126992 125976
0.127292 128872
0.127593 131768
0.127893 134664
0.128193 137560
0.128494 140456
0.141896 143352
0.142196 146248
0.142497 149144
0.142797 152040
0.143097 154936
0.143398 157832
0.143698 160728
0.143999 163624
0.144299 166520
0.144599 169416
0.1449 172312
0.1452 175208
0.145501 178104
0.145801 181000
0.146101 183896
0.146402 186792
0.146702 189688
0.147003 192584
0.147303 195480
0.147603 198376
0.147904 201272
0.148204 204168
0.148505 207064
0.148805 209960
0.149105 212856
0.149406 215752
0.149706 218648
0.150007 221544
0.150307 224440
0.150607 227336
0.150908 230232
0.151208 233128
0.151509 236024
0.151809 238920
0.152109 241816
0.15241 244712
0.15271 247608
0.153011 250504
0.153311 253400
0.153611 256296
0.153912 259192
0.154212 262088
0.154513 264984
0.154813 267880
0.155113 270776
0.155414 273672
0.155714 276568
0.156015 279464
0.162207 282360
0.162507 285256
0.162808 288152
0.163108 291048
0.163409 293944
0.163709 296840
0.164009 299736
0.16431 302632
0.16461 305528
0.164911 308424
0.165211 311320
0.165511 314216
0.165812 317112
0.166112 320008
0.166413 322904
0.166713 325800
0.167013 328696
0.167314 331592
0.167614 334488
0.167915 337384
0.168215 340280
0.168515 343176
0.168816 346072
0.169116 348968
0.169417 351864
0.169717 354760
0.170017 357656
0.170318 360552
0.170618 363448
0.170919 366344
0.171219 369240
0.171519 372136
0.17182 375032
0.17212 377928
0.172421 380824
0.172721 383720
0.173021 386616
0.173322 389512
0.173622 392408
0.173923 395304
0.174223 398200
0.174523 401096
0.174824 403992
0.175124 406888
0.175425 409784
0.175725 412680
0.176025 415576
0.176326 418472
0.176626 421368
0.176927 424264
0.177227 427160
0.177527 430056
0.177828 432952
0.178128 435848
0.178429 438744
0.178729 441640
0.179029 444536
0.17933 447432
0.17963 450328
0.179931 453224
0.180231 456120
0.180531 459016
0.180832 461912
0.181132 464808
0.181433 467704
0.181733 470600
0.182033 473496
0.185037 474944
0.188041 476392
0.191045 477840
0.194049 479288
0.197053 480736
0.200057 482184
0.203061 483632
0.206065 485080
0.209069 486528
0.212073 487976
0.215077 489424
0.218081 490872
0.221085 492320
0.224089 493768
0.227093 495216
0.230097 496664
0.233101 498112
0.236105 499560
0.239109 501008
0.242113 502456
0.245117 503904
0.248121 505352
0.251125 506800
0.254129 508248
0.257133 509696
0.260137 511144
0.263141 512592
0.266145 514040
0.269149 515488
0.272153 516936
0.275157 518384
0.278161 519832
0.281165 521280
0.284169 522728
0.287173 524176
0.290177 525624
0.293181 527072
0.296185 528520
0.299189 529968
0.302193 531416
0.305197 532864
0.308201 534312
0.311205 535760
0.314361 534312
0.314511 533433
0.314662 532993
0.314812 532553
0.314962 532113
0.315112 531673
0.315262 531234
0.315413 528520
0.315563 527072
0.315713 525624
0.315863 524176
0.316013 522728
0.316164 521280
0.316314 520181
0.316464 519741
0.316614 516936
0.316764 515488
0.316915 514040
0.317065 512592
0.317215 511144
0.317365 509696
0.317515 508689
0.317666 508249
0.317816 506800
0.317966 505352
0.318116 503904
0.318266 502456
0.318417 501008
0.318567 499560
0.318717 498112
0.318867 496757
0.319017 495216
0.319168 493768
0.319318 492320
0.319468 490872
0.319618 489424
0.319768 487976
0.319919 486528
0.320069 485264
0.320219 483632
0.320369 482184
0.320519 480736
0.32067 479288
0.32082 477840
0.32097 476392
0.32112 474944
0.32127 473772
0.321421 472048
0.321571 470600
0.321721 469152
0.321871 467704
0.322021 466256
0.322172 464808
0.322322 463360
0.322472 462280
0.322622 460464
0.322772 459016
0.322923 457568
0.323073 456120
0.323223 454672
0.323373 453224
0.323523 451776
0.323674 450788
0.323824 448880
0.323974 447432
0.324124 445984
0.324274 444536
0.324425 443088
0.324575 441640
0.324725 440192
0.324875 439295
0.325025 437296
0.325176 435848
0.325326 434400
0.325476 432952
0.325626 431504
0.325776 430056
0.325927 428608
0.326077 427803
0.326227 425712
0.326377 424264
0.326527 422816
0.326678 421368
0.326828 419920
0.326978 418472
0.327128 417024
0.327278 415576
0.327429 414128
0.327579 412680
0.327729 411232
0.327879 409784
0.328029 408336
0.32818 406888
0.32833 405440
0.32848 403992
0.32863 402544
0.32878 401096
0.328931 399648
0.329081 398200
0.329231 396752
0.329381 395304
0.329531 393856
0.329682 392408
0.329832 390960
0.329982 389512
0.330132 388064
0.330282 386616
0.330433 385168
0.330583 383720
0.330733 382274
0.330883 380824
0.331033 379376
0.331184 377928
0.331334 376480
0.331484 375032
0.369783 376480
0.370084 377928
0.408835 379376
0.429263 380824
0.449389 382272
0.469516 383720
0.489943 385168
0.510671 386616
0.531098 388064
0.552126 389512
0.572854 390960
0.593882 392408
0.61521 393856
0.636539 395304
0.658167 396752
0.679796 398200
0.701425 399648
0.713593 398200
0.713743 397315
0.713893 396872
0.714043 396430
0.714194 395987
0.714344 395544
0.714494 395101
0.714644 394659
0.714794 394216
0.714945 393773
0.715095 390960
0.715245 389512
0.715395 388064
0.715545 386616
0.715696 385168
0.715846 383720
0.715996 382272
0.716146 380824
0.716296 379376
0.716447 378676
0.716597 378234
0.716747 376480
0.716897 375032
0.717047 373584
0.717198 372136
0.717348 370688
0.717498 369240
0.717648 367792
0.717798 366344
0.717949 364896
0.718099 363448
0.718249 362000
0.718399 360552
0.718549 359104
0.7187 357656
0.71885 356208
0.719 354760
0.71915 353312
0.7193 351864
0.719451 350416
0.719601 348968
0.719751 347597
0.719901 346072
0.720051 344624
0.720202 343176
0.720352 341728
0.720502 340280
0.720652 338832
0.720802 337384
0.720953 335936
0.721103 334488
0.721253 333040
0.721403 332057
0.721553 330144
0.721704 328696
0.721854 327248
0.722004 325800
0.722154 324352
0.722304 322904
0.722455 321456
0.722605 320008
0.722755 318560
0.722905 317112
0.723055 315664
0.723206 314216
0.723356 312768
0.723506 311320
0.723656 309872
0.723806 308424
0.723957 306976
0.724107 305528
0.724257 304080
0.724407 302632
0.724557 301421
0.724708 299736
0.724858 298288
0.725008 296840
0.725158 295392
0.725308 293944
0.725459 292496
0.725609 291048
0.725759 289600
0.725909 288152
0.726059 286704
0.72621 285256
0.72636 283808
0.72651 282360
0.72666 280912
0.72681 279464
0.754896 280912
0.773521 282360
0.812273 283808
0.852226 285256
0.892479 286704
0.933634 288152
0.97539 289600
1.01805 291048
1.0616 292496
1.10606 293944
1.15142 295392
1.19769 296840
1.24515 298288
1.29381 299736
1.34338 301184
1.39415 302632
1.44642 304080
1.50019 305528
1.55516 306976
1.61194 308424
1.67052 309872
1.7309 311320
1.79338 312768
1.85797 314216
1.92525 315664
1.99495 317112
2.06794 318560
2.14395 320008
2.22385 321456
2.30766 322904
2.39658 324352
2.49091 325800
2.59184 327248
2.70059 328696
2.81864 330144
2.94872 331592
3.09411 333040
3.26053 334488
3.45759 335936
3.70512 337384
4.05779 338832
5.51714 340280
7.12488 341728
7.37241 343176
7.56947 344624
7.73589 346072
7.88129 347520
8.01136 348968
8.12942 350416
8.23816 351864
8.3391 353312
8.43342 354760
8.52234 356208
8.60615 357656
8.68606 359104
8.76206 360552
8.83506 362000
8.90475 363448
8.97204 364896
9.03662 366344
9.09911 367792
9.15949 369240
9.21807 370688
9.27484 372136
9.32981 373584
9.38359 375032
9.43586 376480
9.48662 377928
9.53619 379376
9.58485 380824
9.63202 382272
9.67858 383720
9.72394 385168
9.7684 386616
9.81196 388064
9.85461 389512
9.89637 390960
9.93752 392408
9.97778 393856
10.0174 395304
10.0371 393856
10.0373 392972
10.0374 392530
10.0376 392087
10.0377 391645
10.0379 391203
10.038 390760
10.0382 390318
10.0383 389876
10.0385 389434
10.0386 386616
10.0388 385168
10.0389 383720
10.0391 382272
10.0392 380824
10.0394 379376
10.0395 377928
10.0397 376480
10.0398 375032
10.04 374225
10.0401 373782
10.0403 372136
10.0404 370688
10.0407 369240
10.041 367792
10.0413 366344
10.0416 364896
10.0418 363448
10.0419 362000
10.0421 360552
10.0422 359104
10.0424 358131
10.0425 356208
10.0427 354760
10.0428 353312
10.043 351864
10.0431 350416
10.0433 348968
10.0434 347520
10.0436 346072
10.0437 344624
10.0439 343176
10.044 341728
10.0442 340280
10.0443 338832
10.0445 337384
10.0446 335936
10.0448 334488
10.0449 333040
10.0451 331592
10.0452 330144
10.0454 328696
10.0455 327271
10.0457 325800
10.0458 324352
10.046 322904
10.0461 321456
10.0463 320008
10.0464 318560
10.0466 317112
10.0467 315664
10.0469 314216
10.047 312768
10.0472 311620
10.0473 309872
10.0475 308424
10.0476 306976
10.0478 305528
10.0479 304080
10.0481 302632
10.0482 301184
10.0484 299736
10.0485 298288
10.0487 296840
10.0488 295968
10.049 293944
10.0491 292496
10.0493 291048
10.0494 289600
10.0496 288152
10.0497 286704
10.0499 285256
10.05 283808
10.0502 282360
10.0503 280912
10.0505 279464
10.0506 278016
10.0508 276568
10.0795 278016
10.0798 279464
10.1083 280912
10.1323 282360
10.157 283808
10.1827 285256
10.2071 286704
10.2325 288152
10.2579 289600
10.2846 291048
10.3097 292496
10.3368 293944
10.3628 295392
10.3899 296840
10.4174 298288
10.4436 299736
10.4991 301184
10.5275 302632
10.5555 304080
10.5844 305528
10.6137 306976
10.643 308424
10.674 309872
10.7037 311320
10.7449 312768
10.775 314216
10.818 315664
10.8491 317112
10.8916 318560
10.9195 320008
10.9467 321456
10.9927 322904
11.0095 324352
11.0594 325800
11.0851 327248
11.1297 328696
11.1635 330144
11.1941 331592
11.2446 333040
11.2617 334488
11.2785 333040
11.2788 332146
11.2794 331698
11.2796 331251
11.2805 330803
11.2808 330356
11.2818 329908
11.2821 329461
11.2835 327565
11.2853 327118
11.2856 326671
11.2868 324775
11.2883 322904
11.2886 321456
11.2899 318560
11.2902 317112
11.2919 315664
11.2943 314216
11.2961 312768
11.2964 309872
11.2982 306976
11.2997 305528
11.3 304080
11.3018 301184
11.3038 300436
11.3041 298288
11.3044 295392
11.3045 293944
11.3048 292496
11.3051 291048
11.3056 289600
11.3059 288152
11.3065 286704
11.3068 285256
11.3078 283808
11.3081 282360
11.3101 280912
11.3104 280441
11.312 278016
11.3123 276568
11.3126 275120
11.3129 273672
11.3149 272224
11.3152 270776
11.3164 269328
11.3167 267880
11.317 266432
11.3173 264984
11.3191 263536
11.3194 262341
11.3213 260640
11.3216 259192
11.3224 257744
11.3227 256296
11.323 254848
11.3233 253400
11.3243 251952
11.3246 250504
11.3251 249056
11.3254 247608
11.3261 246160
11.3264 244712
11.3273 243794
11.3276 241816
11.3278 240368
11.3281 238920
11.3285 237472
11.3288 236024
11.3294 234576
11.3297 233128
11.3925 234576
11.4154 236024
11.4693 237472
11.5328 238920
11.5951 240368
11.6458 241816
11.6617 243264
11.727 244712
11.7915 246160
11.8439 247608
11.8598 249056
11.9272 250504
11.995 251952
12.0636 253400
12.1281 254848
12.1893 256296
12.2556 257744
12.273 259192
12.3437 260640
12.4154 262088
12.4875 263536
12.56 264984
12.6332 266432
12.7068 267880
12.7945 269328
12.9064 270776
12.9891 272224
13.1335 273672
13.2163 275120
13.3646 276568
13.5207 278016
13.678 279464
13.8549 280912
14.1023 282360
14.4836 283808
17.1694 285256
17.522 286704
17.7699 288152
17.9666 289600
18.1333 291048
18.2795 292496
18.4437 293944
18.5293 295392
18.6353 296840
18.7361 298288
18.8318 299736
18.9587 301184
19.0041 302632
19.0835 304080
19.1592 305528
19.2321 306976
19.3019 308424
19.3693 309872
19.4353 311320
19.4984 312768
19.5688 314216
19.6396 315664
19.6718 317112
19.727 318560
19.7813 320008
19.8527 321456
19.8838 322904
19.9336 324352
19.9957 325800
20.0296 327248
20.0759 328696
20.1399 330144
20.1656 331592
20.2127 333040
20.2518 334488
20.2937 335936
20.3366 337384
20.3751 338832
20.4147 340280
20.4544 341728
20.495 343176
20.5301 344624
20.5669 346072
20.5963 344624
20.5966 343735
20.5978 343291
20.5981 342846
20.5992 342401
20.5995 341957
20.6004 341512
20.6007 341068
20.6016 340623
20.6019 340178
20.6028 339734
20.6031 339289
20.604 337384
20.6043 335936
20.6052 334488
20.6055 333040
20.6064 331592
20.6067 330144
20.6076 328696
20.6079 327248
20.6088 325800
20.6091 324352
20.61 322904
20.6103 321646
20.6112 320008
20.6115 318560
20.6124 317112
20.6127 315664
20.613 314216
20.6133 312768
20.6138 311320
20.6141 309872
20.6147 308424
20.615 306976
20.6156 305528
20.6159 304080
20.6166 302632
20.6174 301184
20.6177 299736
20.6183 295392
20.6186 293944
20.6192 292496
20.6195 291048
20.6201 289600
20.6204 288152
20.6211 286704
20.6219 285256
20.6222 283808
20.6228 281572
20.6231 279464
20.6237 278016
20.624 276568
20.6246 275120
20.6249 273672
20.6256 272224
20.6264 270776
20.6267 269328
20.6273 266432
20.6276 264984
20.6282 263536
20.6285 262481
20.6291 260640
20.6294 259192
20.6301 257744
20.6309 256296
20.6312 254848
20.6318 251952
20.6321 250504
20.6327 249056
20.633 247608
20.6336 246160
20.6339 244712
20.6342 243390
20.6345 241816
20.636 240368
20.642 238920
20.648 237472
20.6714 241816
20.7132 243264
20.7195 244712
20.7668 246160
20.7733 247608
20.8014 249056
20.8338 250504
20.8548 251952
20.9018 253400
20.9107 254848
20.9397 256296
20.9708 257744
20.9969 259192
21.0405 260640
21.0561 262088
21.0875 263536
21.1165 264984
21.1483 266432
21.1823 267880
21.2096 269328
21.2547 270776
21.2739 272224
21.328 273672
21.34 275120
21.3739 276568
21.4073 278016
21.4417 279464
21.4767 280912
21.5121 282360
21.5519 283808
21.5848 285256
21.6282 286704
21.6598 288152
21.7051 289600
21.7371 291048
21.7828 292496
21.8172 293944
21.8615 295392
21.8999 296840
21.9429 298288
21.9861 299736
22.0307 301184
22.0787 302632
22.1228 304080
22.1858 305528
22.2182 306976
22.2699 308424
22.319 309872
22.3711 311320
22.4181 309872
22.4184 308978
22.4421 308531
22.4423 308084
22.4429 307637
22.4432 307190
22.4435 306743
22.4438 306296
22.4441 305849
22.4444 305402
22.4447 304955
22.445 304508
22.4452 304060
22.4455 301184
22.4458 299736
22.4461 298288
22.4464 296840
22.4467 295392
22.4476 293944
22.4479 292496
22.4483 291048
22.4486 289600
22.4497 288152
22.45 286704
22.4504 285256
22.4507 284580
22.451 284133
22.4513 282360
22.4516 280912
22.4519 279464
22.4522 278016
22.4525 276568
22.4527 275120
22.4528 273672
22.4533 272224
22.4536 270776
22.4539 269328
22.4542 267880
22.4546 266432
22.4549 264984
22.4552 263536
22.4555 262088
22.4558 260640
22.4561 259192
22.4564 257744
22.4567 256296
22.4575 254848
22.4578 253400
22.4581 251952
22.4584 250504
22.4587 247608
22.459 246160
22.4593 244712
22.4594 243276
22.4597 241816
22.46 240368
22.4603 238920
22.4606 237472
22.4609 236024
22.4612 234576
22.4615 233128
22.4618 231680
22.4621 230232
22.4624 228784
22.4627 227336
22.463 225888
22.4633 224440
22.4636 223348
22.4639 221544
22.4642 220096
22.4647 218648
22.465 217200
22.5045 215752
22.5046 217200
22.5662 218648
22.5917 220096
22.6524 221544
22.6892 222992
22.7338 224440
22.7836 225888
22.8396 227336
22.9028 228784
22.9405 230232
22.9955 231680
23.0541 233128
23.1108 234576
23.1711 236024
23.2336 237472
23.2983 238920
23.3656 240368
23.4354 241816
23.508 243264
23.5843 244712
23.6875 246160
23.7543 247608
23.8369 249056
23.9326 250504
24.0406 251952
24.1408 253400
24.292 254848
24.389 256296
24.5346 257744
24.718 259192
24.9244 260640
25.1453 262088
25.4984 263536
28.2125 264984
28.5745 266432
28.8126 267880
29.0293 269328
29.1785 270776
29.3216 272224
29.4628 273672
29.5777 275120
29.6956 276568
29.7794 278016
29.874 279464
29.9588 278016
29.9589 275677
29.9591 275232
29.9594 274786
29.9598 274341
29.9601 273895
29.9604 272002
29.9607 271556
29.961 271111
29.9613 270665
29.9616 268772
29.9619 268326
29.9622 267880
29.9624 267435
29.9627 266989
29.963 264984
29.9633 263536
29.9636 262088
29.964 260640
29.9643 259192
29.9646 257744
29.9649 256296
29.9866 254848
29.9867 253400
29.9869 251952
29.987 250504
29.9872 249056
29.9873 247608
29.9875 246160
29.9876 245095
29.9878 243264
29.9879 241816
29.9881 240368
29.9882 238920
29.9884 237472
29.9885 236024
29.9887 234576
29.9888 233128
29.989 231680
29.9891 230232
29.9893 228784
29.9894 227336
29.9896 225888
29.9897 224440
29.9899 223201
29.99 221544
29.9902 220096
29.9903 218648
29.9905 217200
29.9906 215752
29.9908 214304
29.9909 212856
29.9911 211408
29.9912 209960
29.9914 208512
29.9915 207064
29.9917 205616
29.9918 204168
29.992 202720
29.9921 201307
29.9923 199824
29.9924 198376
29.9926 196928
29.9927 195480
30.049 183896
30.0938 185344
30.0941 186792
30.0944 188240
30.0947 189688
30.095 191136
30.0953 192584
30.0956 194032
30.0959 195480
30.9568 1448
31.0126 4344
31.0503 13032
31.0506 20272
31.0887 23168
31.0892 26064
31.0896 28960
31.0902 31856
31.0908 34752
31.0914 37648
31.092 40544
31.1288 43440
31.1293 46336
31.1296 49232
31.13 52128
31.1305 55024
31.1309 57920
31.1314 60816
31.1318 63712
31.1323 66608
31.1327 69504
31.1332 72400
31.1336 75296
31.1342 78192
31.1348 81088
31.1712 83984
31.1715 86880
31.1718 89776
31.1722 92672
31.1727 95568
31.173 98464
31.1734 101360
31.1739 104256
31.1742 107152
31.1746 110048
31.1751 112944
31.1754 115840
31.1758 118736
31.1763 121632
31.1766 124528
31.177 127424
31.1776 130320
31.1781 133216
31.1785 136112
31.179 137560
31.1795 139008
31.1801 140456
31.1807 141904
31.1813 143352
31.1819 144800
31.1825 146248
31.1831 147696
31.1837 149144
31.2181 150592
31.2184 152040
31.2187 153488
31.219 154936
31.2196 156384
31.2199 157832
31.2202 159280
31.2205 160728
31.2211 162176
31.2214 163624
31.2217 165072
31.222 166520
31.2226 167968
31.2229 169416
31.2232 170864
31.2235 172312
31.2241 173760
31.2244 175208
31.2247 176656
31.225 178104
31.2256 179552
31.2259 181000
31.2263 182448
31.2268 183896
31.2271 185344
31.2275 186792
31.228 188240
31.2283 189688
31.2289 191136
31.2292 192584
31.2298 194032
31.2301 195480
31.2307 196928
31.231 198376
31.2316 199824
31.2319 201272
31.2325 202720
31.2328 204168
31.2334 205616
31.2337 207064
31.2343 208512
31.2346 209960
31.2352 211408
31.2358 212856
31.2364 214304
31.237 215752
31.2376 217200
31.2382 218648
31.2388 220096
31.2394 221544
31.24 222992
31.2718 224440
31.2723 225888
31.2726 227336
31.2729 228784
31.2732 230232
31.2738 231680
31.2741 233128
31.2744 234576
31.2747 236024
31.275 237472
31.2756 238920
31.2759 240368
31.2762 241816
31.2765 243264
31.2768 244712
31.2774 246160
31.2777 247608
31.278 249056
31.2783 250504
31.2786 251952
31.2792 253400
31.2795 254848
31.2798 256296
31.2801 257744
31.2804 259192
31.281 260640
31.2813 262088
31.2816 263536
31.282 264984
31.2825 266432
31.2828 267880
31.2831 269328
31.2835 270776
31.284 272224
31.2843 273672
31.2846 275120
31.2852 276568
31.2855 278016
31.2858 279464
31.2864 280912
31.2867 282360
31.287 283808
31.2876 285256
31.288 286704
31.2883 288152
31.2889 289600
31.2892 291048
31.2895 292496
31.2901 293944
31.2904 295392
31.2907 296840
31.2914 298288
31.2917 299736
31.292 301184
31.2926 302632
31.2929 304080
31.2932 305528
31.2938 306976
31.2941 308424
31.2947 309872
31.295 311320
31.2956 312768
31.2959 314216
31.2965 315664
31.2968 317112
31.2974 318560
31.2977 320008
31.2983 321456
31.2986 322904
31.2992 324352
31.2995 325800
31.3001 327248
31.3004 328696
31.301 330144
31.3013 331592
31.3019 333040
31.3025 334488
31.3337 335936
31.3342 337384
31.3345 338832
31.3348 340280
31.3351 341728
31.3357 343176
31.336 344624
31.3363 346072
31.3366 347520
31.3369 348968
31.3372 350416
31.3378 351864
31.3381 353312
31.3384 354760
31.3387 356208
31.339 357656
31.3393 359104
31.3399 360552
31.3402 362000
31.3405 363448
31.3408 364896
31.3411 366344
31.3414 367792
31.342 369240
31.3423 370688
31.3426 372136
31.3429 373584
31.3432 375032
31.3435 376480
31.3441 377928
31.3444 379376
31.3447 380824
31.345 382272
31.3454 383720
31.3459 385168
31.3462 386616
31.3465 388064
31.3468 389512
31.3472 390960
31.3477 392408
31.348 393856
31.3483 395304
31.3486 396752
31.3492 398200
31.3495 399648
31.3498 401096
31.3501 402544
31.3507 403992
31.351 405440
31.3513 406888
31.3516 408336
31.3522 409784
31.3525 411232
31.3531 412680
31.3534 414128
31.3537 415576
31.3541 417024
31.3546 418472
31.3549 419920
31.3552 421368
31.3556 422816
31.3561 424264
31.3564 425712
31.3567 427160
31.3571 428608
31.3576 430056
31.3579 431504
31.3582 432952
31.3586 434400
31.3591 435848
31.3594 437296
31.3597 438744
31.3601 440192
31.3606 441640
31.3609 443088
31.3613 444536
31.3618 445984
31.3621 447432
31.3625 448880
31.363 450328
31.3633 451776
31.3637 453224
31.3642 454672
31.3645 456120
31.3649 457568
31.3654 459016
31.3657 460464
31.3661 461912
31.3666 463360
31.3669 464808
31.3674 466256
31.3678 467704
31.3681 469152
31.3686 470600
31.369 472048
31.3693 473496
31.3698 474944
31.3702 476392
31.3705 477840
31.371 479288
31.3716 480736
31.372 482184
31.3725 483632
31.3731 485080
31.3737 486528
31.3743 487976
31.3749 489424
31.3755 490872
31.3761 492320
31.3767 493768
31.3773 495216
31.3779 496664
31.3785 498112
31.3791 499560
31.3797 501008
31.4072 502456
31.4076 503904
31.4079 505352
31.4082 506800
31.4085 508248
31.409 509696
31.4094 511144
31.4097 512592
31.41 514040
31.4103 515488
31.4106 516936
31.4109 518384
31.4114 519832
31.412 521280
31.4123 522728
31.4126 524176
31.4129 525624
31.4132 527072
31.4135 528520
31.4139 529968
31.4144 531416
31.4147 532864
31.415 534312
31.4153 535760
31.4156 537208
31.4159 538656
31.4163 540104
31.4168 541552
31.4171 543000
31.4174 544448
31.4177 545896
31.418 547344
31.4183 548792
31.4187 550240
31.4192 551688
31.4195 553136
31.4198 554584
31.4201 556032
31.4204 557480
31.421 558928
31.4213 560376
31.4216 561824
31.4219 563272
31.4222 564720
31.4225 566168
31.4231 567616
31.4234 569064
31.4237 570512
31.424 571960
31.4243 573408
31.4247 574856
31.4252 576304
31.4255 577752
31.4258 579200
31.4261 580648
31.4265 582096
31.427 583544
31.4273 584992
31.4276 586440
31.4279 587888
31.4283 589336
31.4288 590784
31.4291 592232
31.4295 593680
31.43 595128
31.4303 596576
31.4306 598024
31.4309 599472
31.4315 600920
31.4318 602368
31.4321 603816
31.4324 605264
31.4327 606712
31.4333 608160
31.4336 609608
31.4339 611056
31.4342 612504
31.4345 613952
31.4351 615400
31.4354 616848
31.4357 618296
31.436 619744
31.4363 621192
31.4369 622640
31.4372 624088
31.4375 625536
31.4378 626984
31.4381 628432
31.4387 629880
31.439 631328
31.4393 632776
31.4396 634224
31.4402 635672
31.4405 637120
31.4408 638568
31.4411 640016
31.4417 641464
31.442 642912
31.4423 644360
31.4426 645808
31.4432 647256
31.4435 648704
31.4438 650152
31.4441 651600
31.4447 653048
31.445 654496
31.4453 655944
31.4456 657392
31.4462 658840
31.4465 660288
31.4468 661736
31.4471 663184
31.4477 664632
31.448 666080
31.4483 667528
31.4486 668976
31.4492 670424
31.4495 671872
31.4498 673320
31.4501 674768
31.4507 676216
31.451 677664
31.4513 679112
31.4516 680560
31.4522 682008
31.4525 683456
31.4531 684904
31.4534 686352
31.4539 687800
31.4545 689248
31.4548 690696
31.4554 692144
31.4557 693592
31.4563 695040
31.4566 696488
31.4572 697936
31.4575 699384
31.4581 700832
31.4584 702280
31.459 703728
31.4593 705176
31.4599 706624
31.4602 708072
31.4608 709520
31.4611 710968
31.4617 712416
31.462 713864
31.4626 715312
31.4629 716760
31.4635 718208
31.4638 719656
31.4644 721104
31.4647 722552
31.4653 724000
31.4656 725448
31.4662 726896
31.4668 728344
31.4674 729792
31.4943 686352
31.4944 682575
31.4946 682134
31.4947 681694
31.4949 681253
31.495 679112
31.4952 677664
31.4953 676216
31.4955 674768
31.4961 673320
31.4962 672747
31.4964 666080
31.4965 664632
31.4967 663184
31.4968 661736
31.497 660338
31.4971 659897
31.4973 657392
31.4974 655944
31.4976 654496
31.4977 653048
31.4979 651831
31.4983 651391
31.4985 648704
31.4986 644360
31.4988 642912
31.4989 641464
31.4991 640429
31.4992 639989
31.4994 637120
31.4995 635672
31.4997 634224
31.4998 632776
31.5 631923
31.5001 629880
31.5006 628432
31.5007 626984
31.5009 622640
31.501 621192
31.5012 620521
31.5013 618296
31.5015 616848
31.5016 615400
31.5018 613952
31.5019 612504
31.5021 612015
31.5022 609608
31.5024 608160
31.5025 606712
31.503 605264
31.5031 603950
31.5033 600613
31.5034 598024
31.5036 596576
31.5037 595128
31.5039 593680
31.504 592547
31.5042 592107
31.5043 589336
31.5045 587888
31.5046 586440
31.5048 584992
31.5049 584041
31.5054 583601
31.5055 582096
31.5057 577752
31.5058 576304
31.506 574856
31.5061 573408
31.5063 571960
31.5064 570512
31.5066 569064
31.5067 567616
31.5069 566168
31.5073 564720
31.5075 563272
31.5076 558928
31.5078 557480
31.5079 556032
31.5081 554584
31.5082 553136
31.5084 551688
31.5085 550240
31.5087 548792
31.5088 547344
31.509 545896
31.5094 544448
31.5096 543000
31.5097 538656
31.5099 537208
31.51 535760
31.5102 534312
31.5103 532864
31.5105 531416
31.5106 529968
31.5108 528520
31.5109 527072
31.5114 525624
31.5115 524176
31.5117 519832
31.5118 518384
31.512 516936
31.5121 515488
31.5123 514040
31.5124 512592
31.5126 511144
31.5127 509696
31.5135 506800
31.5153 503904
31.5165 501008
31.5182 498112
31.52 495216
31.5218 492320
31.5236 489424
31.5254 486528
31.5269 483632
31.5284 480736
31.5299 477840
31.5315 473496
31.5329 470600
31.5344 467704
31.5359 464808
31.5374 461912
31.5389 459016
31.5398 456120
31.5411 453224
31.5414 450328
31.5423 447432
31.5432 444536
31.5441 441640
31.545 438744
31.5459 435848
31.5468 432952
31.5477 430056
31.5486 427160
31.5495 424264
31.5504 421368
31.5514 418472
31.5523 415576
31.5535 412680
31.5541 409784
31.5808 509696
31.5951 506800
31.5952 401096
31.5964 451776
31.5966 453224
31.5979 451776
31.5981 453224
31.5994 451776
31.5996 453224
31.6009 451776
31.6011 453224
31.6027 451776
31.6029 453224
31.603 451776
31.6041 453224
31.6042 451776
31.6056 453224
31.6057 451776
31.6071 453224
31.6072 451776
31.6086 453224
31.6087 451776
31.6101 453224
31.6102 451776
31.611 453224
31.6111 451776
31.6123 453224
31.6125 451776
31.6126 453224
31.6128 451776
31.6135 453224
31.6137 451776
31.6144 453224
31.6146 451776
31.6153 453224
31.6155 451776
31.6162 453224
31.6164 451776
31.6171 453224
31.6173 451776
31.618 453224
31.6182 451776
31.6189 453224
31.6191 451776
31.6198 453224
31.62 451776
31.6207 453224
31.6209 451776
31.6216 453224
31.6218 451776
31.6225 453224
31.6227 451776
31.6234 453224
31.6236 451776
31.6246 453224
31.6248 451776
31.6252 453224
31.652 451776
31.6781 453224
31.6783 451776
31.6784 453224
31.6786 451776
31.6787 453224
31.6789 451776
31.679 453224
31.6792 451776
31.6795 453224
31.6798 451776
31.6801 453224
31.6804 451776
31.6805 453224
31.6807 451776
31.6808 453224
31.681 451776
31.6811 453224
31.6813 451776
31.6814 453224
31.6817 451776
31.682 453224
31.6822 451776
31.6823 453224
31.6825 451776
31.6826 453224
31.6828 451776
31.6829 453224
31.6831 451776
31.6832 453224
31.6835 451776
31.6838 453224
31.684 451776
31.6841 453224
31.6843 451776
31.6844 453224
31.6846 451776
31.6847 453224
31.6849 451776
31.685 453224
31.6853 451776
31.6856 453224
31.6858 451776
31.6859 453224
31.6861 451776
31.6862 453224
31.6864 451776
31.6865 453224
31.6867 451776
31.6868 453224
31.6871 451776
31.6874 453224
31.6876 451776
31.6877 453224
31.6879 451776
31.688 453224
31.6882 451776
31.6883 453224
31.6885 451776
31.6886 453224
31.6889 451776
31.6892 453224
31.6894 451776
31.6895 453224
31.6897 451776
31.6898 453224
31.6901 451776
31.6904 453224
31.6906 451776
31.6907 453224
31.6909 451776
31.691 453224
31.6912 451776
31.6915 453224
31.6918 451776
31.6919 509696
31.6919 511144
31.6924 512592
31.6928 514040
31.6967 515488
31.7133 516936
31.7392 511144
31.7397 510257
31.7399 508365
31.7403 507922
31.7405 507478
31.7409 507034
31.7411 506591
31.7415 506147
31.7417 503904
31.7418 502456
31.7423 501008
31.7424 499560
31.7429 498112
31.743 496664
31.7435 495216
31.7436 494335
31.7441 492320
31.7442 490872
31.7444 489424
31.7445 487976
31.7447 486528
31.7448 485080
31.745 483632
31.7451 482524
31.7453 480736
31.7454 479288
31.7456 477840
31.7457 476392
31.7462 474944
31.7463 473496
31.7465 472048
31.7466 470712
31.7468 469152
31.7469 467704
31.7471 466256
31.7472 464808
31.7477 463360
31.7478 461912
31.748 460464
31.7481 459016
31.7483 458457
31.7484 456120
31.7486 454672
31.7487 453224
31.7489 451776
31.749 450328
31.7492 448880
31.7496 447432
31.7498 446645
31.7499 444536
31.7501 443088
31.7502 441640
31.7504 440192
31.7505 438744
31.7507 437296
31.7508 435848
31.751 434834
31.7511 432952
31.7513 431504
31.7517 430056
31.7519 428608
31.752 427160
31.7522 425712
31.7523 424264
31.7525 423022
31.7526 421368
31.7528 419920
31.7529 418472
31.7531 417024
31.7532 415576
31.7534 414128
31.7538 412680
31.754 411232
31.7544 410767
31.7546 408336
31.7547 406888
31.7549 405440
31.755 403992
31.7552 402544
31.7553 401096
31.7555 399648
31.7556 398955
31.7558 396752
31.7559 395304
31.7561 393856
31.7565 392408
31.7567 390960
31.7568 389512
31.757 388064
31.7571 387143
31.7573 385168
31.7574 383720
31.7576 382272
31.7577 380824
31.7579 379376
31.758 377928
31.7582 376480
31.7586 375332
31.7588 373584
31.7589 372136
31.7591 370688
31.7592 369240
31.7594 367792
31.7595 366344
31.7597 364896
31.7598 363520
31.76 362000
31.7604 360552
31.7651 359104
31.7797 356208
31.7809 353312
31.7821 350416
31.7833 347520
31.7845 344624
31.7857 341728
31.7869 338832
31.7881 335936
31.7893 333040
31.7905 330144
31.7917 327248
31.7929 324352
31.7941 321456
31.7953 318560
31.7962 315664
31.7971 312768
31.7981 309872
31.7987 306976
31.7993 304080
31.7999 301184
31.8253 298288
31.8258 360552
31.8322 357656
31.8324 356208
31.8364 360552
31.9105 362000
31.9109 363448
31.9317 364896
31.9757 366344
31.9973 367792
32.055 369240
32.0652 370688
32.0994 372136
32.1349 373584
32.1699 375032
32.2152 376480
32.2426 377928
32.296 379376
32.3174 380824
32.3773 382272
32.3947 383720
32.4592 385168
32.4748 386616
32.5415 388064
32.5577 389512
32.6244 390960
32.6442 392408
32.7077 393856
32.7339 395304
32.7915 396752
32.8274 398200
32.8764 399648
32.9257 401096
32.9767 402544
33.0458 403992
33.0825 405440
33.1375 406888
33.2181 408336
33.2531 409784
33.3057 408336
33.3058 407452
33.3061 407010
33.3064 406568
33.3066 406126
33.3067 405684
33.307 405242
33.3073 404800
33.3076 404358
33.3079 403916
33.3081 401096
33.3082 399648
33.3085 398200
33.3088 396752
33.309 395304
33.3091 393856
33.3093 392408
33.3096 390960
33.3099 389531
33.31 389089
33.3102 386616
33.3103 385168
33.3106 383720
33.3109 382272
33.3112 380824
33.3115 379376
33.3117 377928
33.3118 376480
33.3121 375032
33.3124 374261
33.3127 373819
33.313 372136
33.3133 370688
33.3136 369240
33.3139 367792
33.3142 366344
33.3145 364896
33.3148 363448
33.3151 362000
33.3154 360552
33.3157 359104
33.316 357656
33.3165 356208
33.3168 354760
33.3171 353312
33.3174 351864
33.3177 350416
33.318 348968
33.3183 347520
33.3186 346072
33.3189 344624
33.3192 343176
33.3195 341728
33.3197 340280
33.32 338832
33.3203 337384
33.3204 335936
33.3207 334488
33.321 333040
33.3212 331592
33.3213 330144
33.3215 328894
33.3216 327248
33.3218 325800
33.3219 324352
33.3221 322904
33.3222 321456
33.3224 320008
33.3225 318560
33.3228 317112
33.3231 315664
33.3233 314216
33.3234 312768
33.3236 311320
33.3237 309872
33.3239 308424
33.324 306976
33.3242 305528
33.3243 304080
33.3245 302632
33.3246 301184
33.3248 299736
33.3249 298288
33.3252 296840
33.3255 295392
33.3258 293944
33.3263 292496
33.3266 291048
33.3267 289600
33.3269 288152
33.327 286704
34.3045 1448
34.6029 2896
34.6378 5792
34.673 8688
34.6736 11584
34.7087 14480
34.7093 17376
34.7099 20272
34.7105 23168
34.7453 26064
34.7458 28960
34.7463 31856
34.7467 34752
34.7472 37648
34.7476 40544
34.7481 43440
34.7487 46336
34.7833 49232
34.7837 52128
34.7843 55024
34.7846 57920
34.7849 60816
34.7855 63712
34.7858 66608
34.7861 69504
34.7867 72400
34.787 75296
34.7874 78192
34.7879 81088
34.7885 83984
34.7891 86880
34.7897 89776
34.7903 92672
34.8236 95568
34.8241 98464
34.8245 101360
34.8248 104256
34.8251 107152
34.8256 110048
34.826 112944
34.8263 115840
34.8266 118736
34.8271 121632
34.8275 124528
34.8278 127424
34.8281 130320
34.8287 133216
34.829 136112
34.8295 139008
34.8299 141904
34.8304 144800
34.8308 147696
34.8313 150592
34.8317 153488
34.8322 156384
34.8328 159280
34.8332 162176
34.8338 165072
34.8344 167968
34.835 170864
34.8356 173760
34.8362 176656
34.8368 179552
34.8374 182448
34.838 185344
34.8688 188240
34.8694 191136
34.8697 194032
34.87 196928
34.8703 199824
34.8706 201272
34.8712 202720
34.8715 204168
34.8718 205616
34.8721 207064
34.8724 208512
34.873 209960
34.8733 211408
34.8736 212856
34.8739 214304
34.8744 215752
34.8748 217200
34.8751 218648
34.8754 220096
34.876 221544
34.8763 222992
34.8766 224440
34.8772 225888
34.8775 227336
34.8778 228784
34.8784 230232
34.8787 231680
34.879 233128
34.8796 234576
34.8799 236024
34.8805 237472
34.8808 238920
34.8813 240368
34.8817 241816
34.8822 243264
34.8826 244712
34.8831 246160
34.8835 247608
34.884 249056
34.8844 250504
34.8849 251952
34.8853 253400
34.8858 254848
34.8862 256296
34.8867 257744
34.8871 259192
34.8876 260640
34.888 262088
34.8885 263536
34.8891 264984
34.8897 266432
34.8903 267880
34.8909 269328
34.8915 270776
34.8921 272224
34.8927 273672
34.8933 275120
34.8939 276568
34.8945 278016
34.8951 279464
34.8957 280912
34.8963 282360
34.8969 283808
34.8975 285256
34.9239 286704
34.9244 288152
34.9248 289600
34.9251 291048
34.9254 292496
34.9257 293944
34.926 295392
34.9265 296840
34.9269 298288
34.9272 299736
34.9275 301184
34.9278 302632
34.9281 304080
34.9286 305528
34.929 306976
34.9293 308424
34.9296 309872
34.9299 311320
34.9302 312768
34.9308 314216
34.9311 315664
34.9314 317112
34.9317 318560
34.9322 320008
34.9326 321456
34.9329 322904
34.9332 324352
34.9337 325800
34.9342 327248
34.9345 328696
34.9348 330144
34.9352 331592
34.9357 333040
34.936 334488
34.9363 335936
34.9367 337384
34.9372 338832
34.9375 340280
34.9379 341728
34.9384 343176
34.9387 344624
34.939 346072
34.9396 347520
34.9399 348968
34.9402 350416
34.9408 351864
34.9411 353312
34.9414 354760
34.942 356208
34.9423 357656
34.9426 359104
34.9432 360552
34.9435 362000
34.9438 363448
34.9444 364896
34.9447 366344
34.945 367792
34.9456 369240
34.9459 370688
34.9462 372136
34.9468 373584
34.9471 375032
34.9474 376480
34.948 377928
34.9483 379376
34.9486 380824
34.9492 382272
34.9495 383720
34.9501 385168
34.9504 386616
34.951 388064
34.9513 389512
34.9519 390960
34.9522 392408
34.9528 393856
34.9531 395304
34.9537 396752
34.954 398200
34.9546 399648
34.9549 401096
34.9555 402544
34.9558 403992
34.9564 405440
34.9567 406888
34.9573 408336
34.9576 409784
34.9582 411232
34.9585 412680
34.9591 414128
34.9594 415576
34.96 417024
34.9603 418472
34.9609 419920
34.9612 421368
34.9618 422816
34.9621 424264
34.9627 425712
34.9633 427160
34.9891 428608
34.9896 430056
34.99 431504
34.9903 432952
34.9906 434400
34.9909 435848
34.9912 437296
34.9915 438744
34.992 440192
34.9924 441640
34.9927 443088
34.993 444536
34.9933 445984
34.9936 447432
34.9939 448880
34.9944 450328
34.9948 451776
34.9951 453224
34.9954 454672
34.9957 456120
34.996 457568
34.9963 459016
34.9969 460464
34.9972 461912
34.9975 463360
34.9978 464808
34.9981 466256
34.9986 467704
34.999 469152
34.9993 470600
34.9996 472048
34.9999 473496
35.0004 474944
35.0008 476392
35.0011 477840
35.0014 479288
35.0017 480736
35.0022 482184
35.0026 483632
35.0044 485080
35.0082 486528
35.0121 487976
35.0157 489424
35.0196 490872
35.0235 492320
35.0274 493768
35.0316 495216
35.0355 496664
35.0399 498112
35.0459 499560
35.0713 501008
35.0746 502456
35.0782 503904
35.0815 505352
35.0851 506800
35.0887 508248
35.0925 509696
35.0961 511144
35.0997 512592
35.1033 514040
35.1072 515488
35.1102 512592
35.1103 511711
35.1105 511270
35.1106 510829
35.1111 510388
35.1112 509947
35.1114 506610
35.1115 506170
35.1117 503904
35.112 502456
35.1123 501008
35.1124 499560
35.1126 498112
35.1127 496664
35.1129 495216
35.1132 494357
35.1135 492320
35.1136 490872
35.1138 489424
35.1139 487976
35.1141 486528
35.1142 485080
35.1145 483632
35.1147 482545
35.1148 480736
35.115 479288
35.1151 477840
35.1153 476392
35.1156 474944
35.1159 473496
35.116 472048
35.1162 470733
35.1163 469152
35.1165 467704
35.1168 466256
35.1171 464808
35.1172 463360
35.1174 461912
35.1175 460464
35.1177 459016
35.118 458480
35.1183 456120
35.1184 454672
35.1186 453224
35.1187 451776
35.1189 450328
35.1191 448880
35.1194 447432
35.1195 446667
35.1197 444536
35.1198 443088
35.12 441640
35.1201 440192
35.1204 438744
35.1207 437296
35.1209 435848
35.121 434855
35.1212 432952
35.1213 431504
35.1216 430056
35.1219 428608
35.1221 427160
35.1222 425712
35.1224 424264
35.1225 423043
35.1227 421368
35.123 419920
35.1231 418472
35.1233 417024
35.1234 415576
35.1236 414128
35.1237 412680
35.124 411232
35.1243 410790
35.1245 408336
35.1246 406888
35.1249 405440
35.1252 403992
35.1254 402544
35.1255 401096
35.1258 399648
35.1261 398977
35.1263 396752
35.1266 395304
35.1269 393856
35.1272 392408
35.1275 389512
35.1278 388064
35.1281 386616
35.1284 385717
35.1287 383720
35.129 382272
35.1293 380824
35.1296 379376
35.1299 377928
35.1302 376480
35.1305 375032
35.1308 373905
35.1311 372136
35.1314 370688
35.1317 369240
35.132 367792
35.1323 366344
35.1326 364896
35.1329 363448
35.1332 362093
35.1335 360552
35.1596 359104
35.1623 357656
35.1671 356208
35.1692 354760
35.1734 353312
35.1797 351864
35.1833 350416
35.1869 348968
35.1907 347520
35.1952 346072
35.1967 360552
35.2562 362000
35.2565 363448
35.291 364896
35.3134 366344
35.3472 367792
35.3619 369240
35.3804 370688
35.411 372136
35.4262 373584
35.4445 375032
35.4759 376480
35.4909 377928
35.5099 379376
35.5413 380824
35.5564 382272
35.5772 383720
35.607 385168
35.6227 386616
35.6452 388064
35.6736 389512
35.6918 390960
35.715 392408
35.741 393856
35.7625 395304
35.7831 396752
35.8167 398200
35.8354 399648
35.8706 401096
35.8857 402544
35.91 403992
35.9396 405440
35.9612 406888
35.9806 408336
36.0163 409784
36.0389 411232
36.062 412680
36.095 414128
36.1194 415576
36.1494 417024
36.1741 418472
36.1925 419920
36.2302 421368
36.2558 422816
36.2921 424264
36.3163 425712
36.3364 427160
36.3758 428608
36.4006 430056
36.4378 431504
36.4644 432952
36.5102 434400
36.5291 435848
36.5477 437296
36.5933 438744
36.6125 440192
36.6592 441640
36.678 443088
36.7058 444536
36.7532 445984
36.7813 447432
36.8288 448880
36.8569 450328
36.9043 451776
36.9239 453224
36.9712 454672
37.0003 456120
37.0481 457568
37.0774 459016
37.1253 460464
37.1546 461912
37.2031 463360
37.2325 464808
37.2809 466256
37.3103 467704
37.3594 469152
37.3955 470600
37.4417 472048
37.5018 473496
37.5377 474944
37.5873 476392
37.6265 477840
37.6908 479288
37.7441 480736
37.7866 482184
37.8561 483632
37.9144 485080
37.9478 486528
38.0286 487976
38.1023 489424
38.1603 490872
38.239 492320
38.2729 493768
38.3547 495216
38.4368 496664
38.5193 498112
38.6017 499560
38.684 501008
38.7667 502456
38.8499 503904
38.9448 505352
39.0628 506800
39.1929 508248
39.338 509696
39.5044 511144
39.7146 512592
39.9489 514040
40.3017 515488
43.0161 516936
43.3688 518384
43.6163 519832
43.8134 521280
43.9798 522728
44.1252 524176
44.2553 525624
44.3733 527072
44.4821 528520
44.583 529968
44.6773 531416
44.7663 532864
44.8501 534312
44.93 535760
45.006 537208
45.079 538656
45.1487 540104
45.216 541552
45.2805 543000
45.343 544448
45.4034 545896
45.462 547344
45.5188 548792
45.5737 550240
45.6275 551688
45.6798 553136
45.7305 554584
45.7801 556032
45.8288 557480
45.8762 558928
45.9225 560376
45.9679 561824
46.0123 563272
46.0559 564720
46.0985 566168
46.1403 567616
46.1814 569064
46.222 570512
46.2617 571960
46.3004 573408
46.3389 574856
46.3767 576304
46.4137 577752
46.4503 579200
46.4864 580648
46.5218 582096
46.5569 583544
46.5915 584992
46.6254 586440
46.6591 587888
46.6921 589336
46.7249 590784
46.757 592232
46.7889 593680
46.8204 595128
46.8513 596576
46.8823 598024
46.9126 599472
46.9427 600920
46.9721 602368
47.0015 603816
47.0307 605264
47.0595 606712
47.0878 608160
47.116 609608
47.1436 611056
47.1713 612504
47.1986 613952
47.2256 615400
47.2524 616848
47.2788 618296
47.3052 619744
47.3311 621192
47.3569 622640
47.3824 624088
47.408 625536
47.4329 626984
47.4578 628432
47.4825 629880
47.5071 631328
47.5311 632776
47.5552 634224
47.5792 635672
47.6029 637120
47.6264 638568
47.6498 640016
47.6729 641464
47.6958 642912
47.7186 644360
47.7411 645808
47.7637 647256
47.7859 648704
47.8081 650152
47.83 651600
47.8517 653048
47.8733 654496
47.8949 655944
47.9163 657392
47.9376 658840
47.9586 660288
47.9793 661736
48.0004 663184
48.0208 664632
48.0415 666080
48.062 667528
48.0821 668976
48.1022 670424
48.1223 671872
48.1422 673320
48.162 674768
48.1815 676216
48.201 677664
48.2206 679112
48.2398 680560
48.259 682008
48.2779 683456
48.2972 684904
48.3158 686352
48.3347 687800
48.3533 689248
48.372 690696
48.3903 692144
48.4086 693592
48.4269 695040
48.445 696488
48.463 697936
48.481 699384
48.4987 700832
48.5168 702280
48.5342 703728
48.5519 705176
48.5693 706624
48.5868 708072
48.6042 709520
48.6213 710968
48.6384 712416
48.6555 713864
48.6727 715312
48.6895 716760
48.7063 718208
48.7231 719656
48.7562 721104
48.7604 719656
48.7605 718776
48.7607 718336
48.7608 717896
48.761 717456
48.7611 715312
48.7613 713864
48.7614 712416
48.7616 710968
48.7617 709520
48.7619 708882
48.762 706624
48.7622 705176
48.7623 703728
48.7625 702280
48.7626 700832
48.7628 700309
48.7629 697936
48.7631 696488
48.7632 695040
48.7634 693592
48.7635 692175
48.7637 691735
48.7638 689248
48.764 687800
48.7641 686352
48.7643 684904
48.7644 683602
48.7646 683162
48.7647 680560
48.7649 679112
48.765 677664
48.7652 676216
48.7653 675029
48.7655 674588
48.7656 671872
48.7658 670424
48.7659 668976
48.7661 667528
48.7662 666455
48.7664 666015
48.7665 663184
48.7667 661736
48.7668 660288
48.767 658840
48.7671 657882
48.7673 657442
48.7674 655944
48.7676 654496
48.7677 653048
48.7679 651600
48.768 650152
48.7682 648704
48.7683 647256
48.7685 645808
48.7686 644360
48.7688 642912
48.7689 641464
48.7691 640016
48.7692 638568
48.7694 637120
48.7695 635672
48.7697 634224
48.7698 632776
48.77 631328
48.7701 629880
48.7703 628432
48.7704 626984
48.7706 625536
48.7707 624088
48.7709 622640
48.771 621192
48.7712 619744
48.7713 618296
48.7715 616848
48.7716 615400
48.7718 613952
48.7719 612504
48.7721 611056
48.7722 609608
48.7724 608160
48.7725 606712
48.7727 605264
48.7728 603816
48.773 602368
48.7732 600920
48.7733 599472
48.7735 598024
48.7736 596576
48.7738 595128
48.7739 593680
48.7741 592232
48.7742 590784
48.7744 589336
48.7745 587888
48.7747 586440
48.7748 584992
48.775 583544
48.7751 582096
48.7753 580721
48.7754 579200
48.7756 577752
48.7757 576304
48.7759 574856
48.776 573408
48.7762 571960
48.7763 570512
48.7765 569064
48.7766 567616
48.7768 566168
48.7769 564720
48.7771 563272
48.7772 561824
48.7774 560376
48.7775 558928
48.7777 557480
48.7778 556032
48.778 554584
48.7781 553136
48.7783 551688
48.7784 550240
48.7786 548792
48.7787 547344
48.7789 545896
48.779 544448
48.7792 543000
48.7793 541552
48.7795 540104
48.7796 538656
48.7798 537208
48.7799 535760
48.7801 534312
48.7802 532864
48.7804 531416
48.7805 529968
48.7807 528520
48.7808 527072
48.781 525624
48.7811 524176
48.7813 522728
48.7814 521280
48.7816 519832
48.7817 518384
48.7819 516936
48.782 515488
48.7822 514040
48.7823 512592
48.7825 511144
48.7826 509696
48.7828 508248
48.7829 506800
48.7831 505352
48.7832 503904
48.835 505352
48.8353 506800
48.8428 508248
48.8591 509696
48.8774 511144
48.9038 512592
48.9252 514040
48.9417 515488
48.9585 516936
48.9753 518384
48.9927 519832
49.0105 521280
49.0285 522728
49.0465 524176
49.0645 525624
49.0829 527072
49.1009 528520
49.1192 529968
49.1375 531416
49.1559 532864
49.1742 534312
49.1925 535760
49.2111 537208
49.2295 538656
49.2481 540104
49.2667 541552
49.2853 543000
49.3043 544448
49.3229 545896
49.3418 547344
49.3607 548792
49.3797 550240
49.3986 551688
49.4175 553136
49.4367 554584
49.4557 556032
49.4749 557480
49.4941 558928
49.5133 560376
49.5329 561824
49.5521 563272
49.5716 564720
49.5911 566168
49.6107 567616
49.6302 569064
49.6497 570512
49.6695 571960
49.6891 573408
49.7089 574856
49.7287 576304
49.7485 577752
49.7699 579200
49.7912 580648
49.8128 582096
49.8348 583544
49.8567 584992
49.8789 586440
49.8993 587888
49.9237 589336
49.9462 590784
