0.484848 60.141 0 360448 251392
0.485089 59.132 0 217600 251392
0.485329 58.324 0 220672 251392
0.485569 57.678 0 223232 251392
0.48581 57.162 0 229376 251392
0.48605 56.748 0 231936 251392
0.48629 56.417 0 238080 251392
0.486531 56.153 0 240640 251392
0.486771 55.941 0 243712 251392
0.487011 55.772 0 249344 251392
0.487252 55.636 0 252416 251392
0.487492 55.528 0 258048 251392
0.487732 55.441 0 261120 251392
0.487973 55.372 0 266752 251392
0.488213 55.316 0 269824 251392
0.488453 55.272 0 272896 251392
0.488694 55.237 0 278528 251392
0.488934 55.208 0 281088 251392
0.489174 55.185 0 287232 251392
0.489415 55.167 0 289792 251392
0.489655 55.153 0 295936 251392
0.489895 55.141 0 298496 251392
0.490136 55.132 0 301568 251392
0.490376 55.124 0 307200 251392
0.490616 55.118 0 310272 251392
0.490856 55.114 0 315904 251392
0.491097 55.11 0 318976 251392
0.491337 55.107 0 324608 251392
0.491577 55.104 0 327680 251392
0.492058 55.15 0 330752 251392
0.49326 55.38 0 336384 251392
0.493981 55.659 0 339456 251392
0.495182 56.075 0 345088 251392
0.495903 56.504 0 348160 251392
0.496144 56.834 0 254464 251392
0.496384 56.33 0 128512 251392
0.496624 55.157 0 130048 251392
0.496864 54.171 0 131584 251392
0.497105 53.382 0 133120 251392
0.497345 52.751 0 134656 251392
0.497585 52.198 0 135680 251392
0.497826 51.756 0 137216 251392
0.498066 51.402 0 138752 251392
0.498306 51.119 0 140288 251392
0.498547 50.844 0 141824 251392
0.498787 50.624 0 142848 251392
0.499027 50.449 0 144384 251392
0.499268 50.308 0 145920 251392
0.499508 50.148 0 147456 251392
0.499748 50.019 0 148992 251392
0.499989 49.916 0 150528 251392
0.500229 49.786 0 151552 251392
0.500469 49.682 0 153088 251392
0.50071 49.599 0 154624 251392
0.50095 49.532 0 156160 251392
0.50119 49.43 0 157696 251392
0.501431 49.349 0 159232 251392
0.501671 49.284 0 160256 251392
0.501911 49.232 0 161792 251392
0.502152 49.143 0 163328 251392
0.502392 49.071 0 164864 251392
0.502632 49.014 0 166400 251392
0.502872 48.968 0 167936 251392
0.503113 48.883 0 168960 251392
0.503353 48.815 0 170496 251392
0.503593 48.761 0 172032 251392
0.503834 48.67 0 173568 251392
0.504074 48.597 0 175104 251392
0.504314 48.538 0 176640 251392
0.504555 48.491 0 177664 251392
0.504795 48.406 0 179200 251392
0.505035 48.337 0 180736 251392
0.505276 48.282 0 182272 251392
0.505516 48.239 0 183808 251392
0.505756 48.156 0 185344 251392
0.505997 48.089 0 186368 251392
0.506237 48.036 0 187904 251392
0.506477 47.945 0 189440 251392
0.506718 47.873 0 190976 251392
0.506958 47.815 0 192512 251392
0.507198 47.768 0 193536 251392
0.507439 47.683 0 195072 251392
0.507679 47.615 0 196608 251392
0.507919 47.561 0 198144 251392
0.50816 47.517 0 199680 251392
0.5084 47.434 0 201216 251392
0.50864 47.368 0 202240 251392
0.50888 47.315 0 203776 251392
0.509121 47.272 0 205312 251392
0.509361 47.19 0 206848 251392
0.509601 47.124 0 208384 251392
0.509842 47.024 0 209920 251392
0.510082 46.943 0 210944 251392
0.510322 46.879 0 212480 251392
0.510563 46.828 0 214016 251392
0.510803 46.738 0 215552 251392
0.511043 46.667 0 217088 251392
0.511284 46.61 0 218624 251392
0.511524 46.564 0 219648 251392
0.511764 46.479 0 221184 251392
0.512005 46.412 0 222720 251392
0.512245 46.358 0 224256 251392
0.512485 46.266 0 225792 251392
0.512726 46.193 0 227328 251392
0.512966 46.135 0 228352 251392
0.513206 46.088 0 229888 251392
0.513447 46.002 0 231424 251392
0.513687 45.934 0 232960 251392
0.513927 45.879 0 145408 251392
0.514168 45.787 0 147968 251392
0.514408 45.666 0 151040 251392
0.514648 45.569 0 154112 251392
0.514888 45.443 0 156672 251392
0.515129 45.342 0 159744 251392
0.515369 45.213 0 162816 251392
0.515609 45.111 0 165376 251392
0.51585 44.98 0 168448 251392
0.51609 44.876 0 171520 251392
0.51633 44.744 0 174080 251392
0.516571 44.639 0 177152 251392
0.516811 44.507 0 180224 251392
0.517051 44.401 0 182784 251392
0.517292 44.268 0 185856 251392
0.517532 44.162 0 188416 251392
0.517772 44.029 0 191488 251392
0.518013 43.923 0 194560 251392
0.518253 43.79 0 197120 251392
0.518493 43.683 0 200192 251392
0.518734 43.55 0 203264 251392
0.518974 43.443 0 205824 251392
0.519214 43.31 0 208896 251392
0.519455 43.155 0 211968 251392
0.519695 43.031 0 214528 251392
0.519935 42.884 0 217600 251392
0.520176 42.719 0 220672 251392
0.520416 42.538 0 223232 251392
0.520656 42.345 0 226304 251392
0.520896 42.143 0 229376 251392
0.521137 41.933 0 231936 251392
0.521377 41.717 0 235008 251392
0.521617 41.497 0 238080 251392
0.521858 41.272 0 240640 251392
0.522579 41.14 0 243712 251392
0.52354 41.131 0 246784 251392
0.524501 41.22 0 249344 251392
0.525222 41.339 0 251392 251392
0.618947 41.338 0 247808 250880
0.641537 41.433 0 250880 247808
0.66629 41.414 0 247808 247808
0.803032 41.494 0 250880 247808
0.827785 41.462 0 247808 247808
0.964527 41.533 0 250880 247808
0.98928 41.493 0 247808 247808
1.12602 41.557 0 250880 247808
1.15078 41.513 0 247808 247808
1.28752 41.573 0 250880 247808
1.31227 41.526 0 247808 247808
1.44901 41.584 0 250880 247808
1.47377 41.534 0 247808 247808
1.61051 41.59 0 250880 247808
1.63526 41.539 0 247808 247808
1.772 41.594 0 250880 247808
1.79676 41.542 0 247808 247808
1.9335 41.597 0 250880 247808
1.95825 41.544 0 247808 247808
2.09499 41.599 0 250880 247808
2.11975 41.546 0 247808 247808
2.25649 41.6 0 250880 247808
2.28124 41.547 0 247808 247808
2.41798 41.6 0 250880 247808
2.44274 41.547 0 247808 247808
2.57948 41.601 0 250880 247808
2.60423 41.548 0 247808 247808
2.74097 41.601 0 250880 247808
2.76573 41.548 0 247808 247808
2.90247 41.601 0 250880 247808
2.92722 41.548 0 247808 247808
3.06396 41.601 0 250880 247808
3.08872 41.548 0 247808 247808
3.22546 41.601 0 250880 247808
3.25021 41.548 0 247808 247808
3.38695 41.601 0 250880 247808
3.41171 41.548 0 247808 247808
3.54845 41.602 0 250880 247808
3.5732 41.548 0 247808 247808
3.70994 41.602 0 250880 247808
3.7347 41.548 0 247808 247808
3.87144 41.602 0 250880 247808
3.89619 41.548 0 247808 247808
4.03293 41.602 0 250880 247808
4.05769 41.548 0 247808 247808
4.19443 41.602 0 250880 247808
4.21918 41.548 0 247808 247808
4.35592 41.602 0 250880 247808
4.38068 41.548 0 247808 247808
4.51742 41.602 0 250880 247808
4.54217 41.548 0 247808 247808
4.67891 41.602 0 250880 247808
4.70367 41.548 0 247808 247808
4.84041 41.602 0 250880 247808
4.86516 41.548 0 247808 247808
5.0019 41.602 0 250880 247808
5.02666 41.548 0 247808 247808
5.1634 41.602 0 250880 247808
5.18815 41.548 0 247808 247808
5.32489 41.602 0 250880 247808
5.34965 41.548 0 247808 247808
5.48639 41.602 0 250880 247808
5.51114 41.548 0 247808 247808
5.64788 41.602 0 250880 247808
5.67264 41.548 0 247808 247808
5.80938 41.602 0 250880 247808
5.83413 41.548 0 247808 247808
5.97087 41.602 0 250880 247808
5.99563 41.548 0 247808 247808
6.13237 41.602 0 250880 247808
6.15712 41.548 0 247808 247808
6.29386 41.602 0 250880 247808
6.31862 41.548 0 247808 247808
6.45536 41.602 0 250880 247808
6.48011 41.548 0 247808 247808
6.61685 41.602 0 250880 247808
6.64161 41.548 0 247808 247808
6.77835 41.602 0 250880 247808
6.8031 41.548 0 247808 247808
6.93984 41.602 0 250880 247808
6.9646 41.548 0 247808 247808
7.10134 41.602 0 250880 247808
7.12609 41.548 0 247808 247808
7.26283 41.602 0 250880 247808
7.28759 41.548 0 247808 247808
7.42433 41.602 0 250880 247808
7.44908 41.548 0 247808 247808
7.58582 41.602 0 250880 247808
7.61058 41.548 0 247808 247808
7.74732 41.602 0 250880 247808
7.77207 41.548 0 247808 247808
7.90881 41.602 0 250880 247808
7.93357 41.548 0 247808 247808
8.07031 41.602 0 250880 247808
8.09506 41.548 0 247808 247808
8.2318 41.602 0 250880 247808
8.25656 41.548 0 247808 247808
8.3933 41.602 0 250880 247808
8.41805 41.548 0 247808 247808
8.55479 41.602 0 250880 247808
8.57955 41.548 0 247808 247808
8.71629 41.602 0 250880 247808
8.74104 41.548 0 247808 247808
8.87778 41.602 0 250880 247808
8.90254 41.548 0 247808 247808
9.03928 41.602 0 250880 247808
9.06403 41.548 0 247808 247808
9.20077 41.602 0 250880 247808
9.22553 41.548 0 247808 247808
9.36227 41.602 0 250880 247808
9.38702 41.548 0 247808 247808
9.52376 41.602 0 250880 247808
9.54852 41.548 0 247808 247808
9.68526 41.602 0 250880 247808
9.71001 41.548 0 247808 247808
9.84675 41.602 0 250880 247808
9.87151 41.548 0 247808 247808
10.0082 41.602 0 250880 247808
10.034 41.744 0 247808 247808
10.3691 50.842 0 254976 254976
10.4808 62.831 0 258048 200704
10.5371 74.97 0 254976 200704
10.5375 80.403 0 200704 200704
10.6289 79.174 0 203776 200704
10.645 78.527 0 200704 200704
10.8069 77.818 0 203776 200704
10.8295 77.106 0 200704 200704
10.9867 76.681 0 203776 200704
11.009 76.148 0 200704 200704
11.3325 70.243 0 126976 131072
11.3352 65.615 0 128512 131072
11.3373 62.104 0 131072 131072
11.4724 59.633 0 134144 133120
11.495 57.607 0 131072 137728
11.5156 55.41 0 133120 137728
11.5202 53.893 0 135680 137728
11.5248 52.967 0 137728 137728
11.6543 52.659 0 140800 137728
11.6774 52.077 0 137728 137728
11.8319 51.61 0 140800 137728
11.855 51.141 0 137728 137728
12.0073 50.478 0 140800 137728
12.0304 49.803 0 137728 137728
12.171 48.974 0 138240 140800
12.1806 48.744 0 140800 140800
12.1833 48.704 0 143360 140800
12.2099 48.672 0 140800 143360
12.2429 48.214 0 141824 143360
12.2462 47.992 0 143360 143360
12.352 47.91 0 144896 144896
12.3649 48.133 0 147456 144896
12.3899 48.359 0 144896 144896
12.5125 47.675 0 145920 150528
12.5163 47.224 0 147456 150528
12.5425 47.536 0 150528 147456
12.5666 47.642 0 147456 147456
12.6682 47.486 0 147968 150528
12.6759 47.313 0 150528 153600
12.7211 47.799 0 153600 150528
12.742 47.516 0 150528 150528
12.8516 47.433 0 152064 155136
12.8965 47.655 0 155136 152064
12.9189 47.593 0 152064 152064
13.0227 47.447 0 152576 152576
13.0732 47.33 0 155648 152576
13.0965 47.188 0 152576 152576
13.2491 47.123 0 155648 152576
13.2736 47.071 0 152576 152576
13.4255 46.837 0 155648 151040
13.4495 47.082 0 152576 156160
13.4656 46.846 0 151040 156160
13.4726 46.753 0 152576 156160
13.4807 46.727 0 153600 156160
13.4819 46.658 0 154112 156160
13.4834 46.746 0 155136 156160
13.4872 46.77 0 156160 156160
13.6052 46.884 0 158720 156160
13.6285 47.168 0 156160 161280
13.6516 46.915 0 157696 161280
13.6559 46.904 0 159744 161280
13.6605 46.992 0 160256 161280
13.6636 47.158 0 161280 161280
13.7859 47.579 0 164352 162816
13.8088 47.82 0 161280 162816
13.8292 47.725 0 162816 162816
13.9647 48.129 0 165376 163840
13.9873 48.164 0 162816 163840
14.0066 48.048 0 163840 163840
14.1411 48.099 0 166912 163840
14.1644 48.044 0 163840 163840
14.3168 48 0 166912 166912
14.3353 48.205 0 169472 166912
14.3428 48.176 0 166912 166912
14.4954 48.154 0 169472 169472
14.4983 48.232 0 172544 169472
14.5206 48.246 0 169472 169472
14.665 48.162 0 171520 172544
14.6732 48.238 0 174592 172544
14.6746 48.395 0 175616 172544
14.6977 48.425 0 172544 172544
14.8503 48.545 0 175616 172544
14.8736 48.641 0 172544 172544
14.9916 47.997 0 173568 178176
15.0022 47.722 0 175616 175616
15.0262 47.934 0 178176 175616
15.0495 48.008 0 175616 175616
15.156 47.731 0 176128 179712
15.1575 47.461 0 176640 179712
15.2043 47.822 0 179712 176640
15.2255 47.582 0 176640 176640
15.3293 47.39 0 177152 178176
15.3343 47.332 0 178176 181248
15.3809 47.575 0 181248 178176
15.4016 47.288 0 178176 178176
15.5561 47.491 0 181248 178176
15.5783 47.317 0 178176 178176
15.7323 47.226 0 181248 178176
15.7554 46.961 0 178176 178176
15.9085 46.893 0 181248 178176
15.9322 46.887 0 178176 175616
15.9741 46.786 0 175616 175616
16.0834 46.561 0 178688 175616
16.1079 46.669 0 175616 177664
16.1413 46.515 0 176640 177664
16.144 46.488 0 177664 177664
16.2596 46.275 0 180224 177664
16.2846 46.584 0 177664 180224
16.3136 46.496 0 178688 180224
16.3163 46.521 0 180224 180224
16.4391 46.829 0 183296 180224
16.4619 47.076 0 180224 183296
16.4879 46.937 0 182272 183296
16.4987 47.018 0 183296 183296
16.6188 47.42 0 185856 184832
16.6419 47.596 0 183296 184832
16.6604 47.45 0 183808 184832
16.6643 47.428 0 184832 184832
16.7974 47.699 0 187904 184832
16.8205 47.724 0 184832 184832
16.9748 47.84 0 187904 184832
16.9981 47.837 0 184832 184832
17.1389 47.546 0 184320 184832
17.1507 47.457 0 187392 184832
17.1612 47.626 0 187904 184832
17.1737 47.57 0 184832 184832
17.3247 47.524 0 186368 186368
17.3268 47.632 0 189440 186368
17.3511 47.574 0 186368 186368
17.4955 47.432 0 187904 189440
17.5025 47.414 0 189440 189440
17.5049 47.544 0 192512 189440
17.5296 47.648 0 189440 189440
17.6695 47.587 0 189952 190464
17.6774 47.634 0 190464 190464
17.6832 47.768 0 193536 190464
17.7065 47.923 0 190464 190464
17.8284 47.519 0 190976 193536
17.8594 47.724 0 193536 190976
17.8812 47.599 0 190976 190976
17.9899 47.452 0 193024 196608
17.9973 47.19 0 193536 196608
18.0353 47.509 0 196608 193536
18.0572 47.379 0 193536 193536
18.1646 47.276 0 194560 197632
18.2129 47.578 0 197632 194560
18.2335 47.338 0 194560 194560
18.3886 47.531 0 197632 194560
18.4097 47.349 0 194560 194560
18.5654 47.396 0 197632 194560
18.5875 47.193 0 194560 194560
18.7416 47.079 0 197632 194560
18.7637 46.987 0 194560 194560
18.9163 46.866 0 197632 194560
18.9401 47.01 0 194560 193024
18.9831 46.836 0 193024 193024
19.0922 46.793 0 196096 193024
19.1158 46.903 0 193024 195072
19.1412 46.654 0 193536 195072
19.1487 46.552 0 194048 195072
19.1508 46.518 0 195072 195072
19.2696 46.731 0 198144 195072
19.2926 46.853 0 195072 198144
19.3169 46.711 0 196096 198144
19.3198 46.741 0 198144 198144
19.4476 47.15 0 201216 198144
19.4698 47.284 0 198144 198144
19.6231 47.536 0 201216 199680
19.6459 47.546 0 198144 199680
19.6647 47.361 0 199680 199680
19.8012 47.597 0 202752 199680
19.8242 47.595 0 199680 199680
19.9768 47.688 0 202752 199680
19.9989 47.523 0 199680 199680
20.1066 45.037 0 197120 202240
20.1326 43.191 0 200192 205312
20.1417 42.051 0 202240 207872
20.1528 40.946 0 199168 207872
20.1654 40.375 0 200192 207872
20.1666 40.025 0 202240 207872
20.1679 39.85 0 202752 207872
20.1689 39.821 0 205312 207872
20.177 40.071 0 205824 209920
20.178 40.224 0 206336 209920
20.1816 40.586 0 207360 212480
20.1818 40.828 0 207872 212480
20.2165 41.511 0 209408 205312
20.2195 42.042 0 209920 205312
20.2241 42.666 0 212480 205312
20.2284 43.072 0 211968 205312
20.2289 43.329 0 210944 205312
20.2292 43.5 0 210432 205312
20.2295 43.6 0 209920 205312
20.2301 43.689 0 209408 205312
20.2307 43.759 0 208896 205312
20.2317 43.739 0 208384 205312
20.232 43.675 0 206848 205312
20.235 43.62 0 206336 205312
20.2365 43.503 0 205312 205312
20.2395 43.414 0 204288 205312
20.2404 43.341 0 205312 205312
20.2417 43.26 0 204800 205312
20.2424 43.195 0 205312 205312
20.293 42.39 0 208384 221696
20.3178 42.035 0 207872 226816
20.3192 41.847 0 207360 226816
20.3231 41.985 0 210432 226816
20.3276 42.431 0 213504 226816
20.3283 42.837 0 214016 226816
20.3319 43.402 0 217088 226816
20.3334 43.997 0 217600 226816
20.3365 44.715 0 220160 226816
20.3382 45.384 0 221696 226816
20.3425 45.872 0 219136 226816
20.3459 46.214 0 220672 226816
20.3483 46.584 0 223744 226816
20.3538 47.072 0 226304 226816
20.3577 47.511 0 226816 226816
20.5093 48.438 0 229888 226816
20.5357 49.277 0 226816 226816
20.6895 50.043 0 229888 226816
20.7104 50.657 0 226816 226816
20.8551 50.715 0 211456 208896
20.8736 50.425 0 208896 208896
21.0024 49.568 0 182272 182272
21.0128 49.027 0 184832 182272
21.0349 48.594 0 182272 182272
21.1815 48.584 0 184832 182272
21.2024 48.288 0 182272 182272
21.3168 48.051 0 181248 183808
21.3521 48.149 0 183808 181248
21.3745 47.988 0 181248 181248
21.4598 48.436 0 178688 170496
21.5045 47.832 0 170496 170496
21.5225 47.975 0 173568 170496
21.5432 47.993 0 170496 170496
21.6936 48.151 0 173568 170496
21.7147 47.941 0 170496 170496
21.8275 47.773 0 166400 168960
21.8654 48.456 0 168960 166400
21.8842 48.378 0 166400 166400
21.9714 48.699 0 162304 155136
22.0195 48.668 0 155136 155136
22.0334 48.836 0 158208 155136
22.0548 48.922 0 155136 155136
22.2079 49.759 0 158208 155136
22.2278 49.901 0 155136 155136
22.3636 50.254 0 154112 154112
22.3795 50.777 0 157184 154112
22.4018 51.196 0 154112 154112
22.5157 50.666 0 148480 151552
22.5547 52.02 0 151552 136192
22.5684 51.421 0 136192 136192
22.7159 51.134 0 139264 136192
22.7363 50.76 0 136192 136192
22.8928 51.374 0 139264 126464
22.9147 51.818 0 136192 126464
22.9159 50.971 0 126464 126464
33.2233 51.014 0 126976 126976
33.368 51.193 0 130048 128512
33.3939 51.624 0 128512 128512
33.5461 51.297 0 129536 131584
33.5562 51.275 0 132608 131584
33.5619 51.45 0 134144 131584
33.5816 51.253 0 131584 131584
33.7179 50.279 0 132608 137216
33.7328 50.076 0 134144 134144
33.7448 50.25 0 137216 134144
33.7715 50.582 0 134144 139776
33.8025 49.838 0 136192 139776
33.8046 49.387 0 136704 139776
33.8061 49.218 0 139776 139776
33.8861 49.42 0 140288 144896
33.8912 49.533 0 140800 144896
33.9008 49.287 0 141824 144896
33.9371 49.956 0 144896 141824
33.9604 49.914 0 141824 143872
33.9938 49.784 0 142336 143872
33.9983 49.873 0 143872 143872
34.0702 49.895 0 144384 144384
34.1247 50.154 0 147456 144384
34.1509 50.216 0 144384 145920
34.1788 50.363 0 145408 145920
34.1824 50.576 0 145920 145920
34.3124 50.362 0 148992 147456
34.3386 50.431 0 145920 148992
34.3456 50.582 0 146432 148992
34.3492 50.751 0 147456 148992
34.3699 50.79 0 148992 148992
34.5021 50.726 0 151552 148992
34.527 50.914 0 148992 155136
34.5528 50.536 0 151552 155136
34.5566 50.426 0 153088 155136
34.5629 50.53 0 153600 155136
34.5648 50.614 0 154624 155136
34.5681 50.825 0 155136 155136
34.6924 51.186 0 158208 161280
34.7167 51.138 0 155136 161792
34.7359 50.715 0 158208 161792
34.7404 50.618 0 161280 161792
34.7441 50.539 0 161792 161792
34.8815 50.813 0 164352 166400
34.907 50.84 0 161792 166400
34.9188 50.861 0 163840 166400
34.9279 50.831 0 165376 166400
34.9313 50.806 0 166400 166400
35.0728 51.074 0 169472 166912
35.0976 51.53 0 169984 166912
35.098 51.702 0 166912 166912
35.2593 51.503 0 169984 168448
35.2617 51.44 0 171520 168448
35.2836 51.149 0 168448 168448
35.4121 50.532 0 169984 174592
35.4153 50.086 0 171520 174592
35.4467 50.355 0 174592 171520
35.4746 50.713 0 171520 173056
35.5039 50.135 0 172032 173056
35.5073 49.769 0 173056 173056
35.5933 49.572 0 175104 178176
35.6364 49.991 0 178176 175104
35.6599 49.846 0 175104 175616
35.6885 49.393 0 175616 175616
35.7685 49.416 0 176640 178688
35.7714 49.53 0 177152 178688
35.7767 49.621 0 178688 181760
35.8245 49.983 0 181760 178688
35.8498 50.079 0 178688 178688
36.0127 50.205 0 181760 178688
36.0377 50.113 0 178688 178688
36.1999 49.847 0 181760 178688
36.2261 50.019 0 178688 184832
36.2535 49.868 0 180736 184832
36.2573 49.844 0 182784 184832
36.2634 49.872 0 183808 184832
36.2665 50.039 0 184832 184832
36.39 50.221 0 187392 187392
36.4148 50.366 0 184832 190464
36.4345 49.954 0 185344 190464
36.4381 49.864 0 187392 190464
36.4419 49.937 0 189440 190464
36.4472 50.139 0 190464 190464
36.5803 50.589 0 193024 193024
36.6049 50.757 0 190464 193024
36.6246 50.747 0 191488 193024
36.6267 50.691 0 192512 193024
36.6296 50.838 0 193024 193024
36.77 50.908 0 196096 193024
36.7942 50.868 0 193024 193024
36.9562 50.788 0 196096 194560
36.9778 50.916 0 197632 194560
36.9819 50.826 0 194560 194560
37.1446 50.85 0 197632 196096
37.1456 50.918 0 199168 196096
37.171 50.876 0 196096 196096
37.32 50.65 0 197120 197632
37.3275 50.565 0 197632 197632
37.3335 50.641 0 200704 197632
37.3597 50.751 0 197632 197632
37.4943 50.261 0 198144 201728
37.5058 50.158 0 199168 199168
37.5219 50.364 0 201728 199168
37.5469 50.288 0 199168 199168
37.6541 50.18 0 199680 200704
37.6551 50.141 0 200704 200704
37.7108 50.399 0 203264 200704
37.7348 50.172 0 200704 200704
37.8461 50.039 0 202240 202240
37.8983 50.028 0 204800 202240
37.9237 49.924 0 202240 202240
38.0864 49.936 0 204800 202240
38.1117 50.042 0 202240 202240
38.2736 49.791 0 204800 202752
38.2977 49.926 0 202240 206336
38.3219 49.65 0 202752 206336
38.3272 49.476 0 203264 206336
38.3303 49.386 0 204288 206336
38.3323 49.362 0 205312 206336
38.3376 49.487 0 206336 206336
38.4625 49.731 0 209408 207872
38.4875 49.926 0 206336 210944
38.5084 49.698 0 206848 210944
38.5101 49.611 0 207872 210944
38.5154 49.734 0 209408 210944
38.5185 49.929 0 210944 210944
38.6533 50.229 0 214016 211456
38.6786 50.324 0 210944 211456
38.7028 50.353 0 211456 211456
38.8427 50.568 0 214528 211456
38.8675 50.644 0 211456 211456
39.0282 50.608 0 214528 214528
39.0448 50.724 0 217600 214528
39.0542 50.673 0 214528 214528
39.2171 50.728 0 217600 215552
39.2284 50.82 0 218112 215552
39.2424 50.701 0 215552 215552
39.4015 50.702 0 216576 216576
39.4048 50.751 0 219136 216576
39.4303 50.79 0 216576 216576
39.575 50.533 0 218112 218112
39.5923 50.568 0 220672 218112
39.6187 50.692 0 218112 218112
39.7595 50.455 0 219648 219648
39.7821 50.649 0 222208 219648
39.8059 50.421 0 219648 219648
39.9157 50.334 0 221184 222208
39.9179 50.312 0 222208 222208
39.9617 48.759 0 225280 222208
39.9802 46.41 0 222208 222208
40.0558 46.444 0 224256 203264
40.0705 46.754 0 224768 203264
40.0771 46.761 0 223744 205824
40.0773 46.754 0 221184 205824
40.0776 46.673 0 220160 205824
40.0778 46.595 0 218112 205824
40.078 46.458 0 217600 205824
40.0783 46.336 0 216064 205824
40.0785 46.163 0 214528 205824
40.0788 46.011 0 212992 205824
40.079 45.816 0 211968 205824
40.0793 45.584 0 209920 205824
40.0795 45.325 0 208896 205824
40.0798 45.043 0 208384 205824
40.08 44.742 0 207872 205824
40.0802 44.427 0 207360 205824
40.0805 44.1 0 205824 205824
40.0807 43.641 0 205312 205824
40.0812 43.248 0 204288 205824
40.0832 42.832 0 204800 205824
40.0834 42.425 0 203264 205824
40.0844 42.049 0 203776 205824
40.0873 41.599 0 203264 205824
40.0896 41.188 0 204288 205824
40.0898 40.785 0 203776 205824
40.0913 40.39 0 203264 205824
40.1087 39.269 0 205824 229376
40.131 38.387 0 208896 252416
40.1339 37.775 0 211968 253952
40.1349 37.381 0 214528 253952
40.1375 37.163 0 217600 254976
40.1385 37.084 0 220160 254976
40.1409 37.117 0 223232 252928
40.1418 37.191 0 225280 252928
40.1423 37.251 0 224768 252928
40.1442 37.347 0 227328 253440
40.1452 37.519 0 229888 253440
40.1462 37.658 0 229376 253440
40.1478 37.864 0 232448 253952
40.1488 38.126 0 235008 253952
40.1514 38.431 0 237568 253952
40.1524 38.723 0 240128 253952
40.1551 39.053 0 243200 253952
40.1563 39.413 0 245760 253952
40.1587 39.75 0 246272 253952
40.1606 40.019 0 246784 253952
40.1644 40.33 0 249856 253952
40.1656 40.675 0 252416 253952
40.1736 40.999 0 253952 253952
40.1791 41.307 0 254976 253952
40.1808 41.408 0 251904 253952
40.1822 41.538 0 252928 253952
40.1863 41.689 0 253440 253952
40.1885 41.811 0 253952 253952
40.3211 42.004 0 256512 253952
40.3478 42.062 0 253952 253952
40.4877 42.205 0 256512 253952
40.5131 42.223 0 253952 253952
40.653 42.334 0 256512 253952
40.6785 42.326 0 253952 253952
40.8183 42.416 0 256512 253952
40.8438 42.392 0 253952 253952
40.9837 42.469 0 256512 253952
41.0091 42.434 0 253952 253952
41.149 42.503 0 256512 253952
41.1745 42.461 0 253952 253952
41.3144 42.524 0 256512 253952
41.3398 42.479 0 253952 253952
41.4797 42.538 0 256512 253952
41.5052 42.49 0 253952 253952
41.645 42.547 0 256512 253952
41.6705 42.497 0 253952 253952
41.8104 42.553 0 256512 253952
41.8358 42.501 0 253952 253952
41.9757 42.556 0 256512 253952
42.0012 42.504 0 253952 253952
42.1411 42.559 0 256512 253952
42.1665 42.506 0 253952 253952
42.3064 42.56 0 256512 253952
42.3319 42.507 0 253952 253952
42.4717 42.561 0 256512 253952
42.4972 42.508 0 253952 253952
42.6371 42.562 0 256512 253952
42.6626 42.509 0 253952 253952
42.8024 42.562 0 256512 253952
42.8279 42.509 0 253952 253952
42.9678 42.562 0 256512 253952
42.9932 42.509 0 253952 253952
43.1331 42.563 0 256512 253952
43.1586 42.509 0 253952 253952
43.2984 42.563 0 256512 253952
43.3239 42.509 0 253952 253952
43.4638 42.563 0 256512 253952
43.4893 42.509 0 253952 253952
43.6291 42.563 0 256512 253952
43.6546 42.509 0 253952 253952
43.7945 42.563 0 256512 253952
43.8199 42.509 0 253952 253952
43.9598 42.563 0 256512 253952
43.9853 42.509 0 253952 253952
44.1251 42.563 0 256512 253952
44.1506 42.509 0 253952 253952
44.2905 42.563 0 256512 253952
44.316 42.509 0 253952 253952
44.4558 42.563 0 256512 253952
44.4813 42.509 0 253952 253952
44.6212 42.563 0 256512 253952
44.6466 42.509 0 253952 253952
44.7865 42.563 0 256512 253952
44.812 42.509 0 253952 253952
44.9518 42.563 0 256512 253952
44.9773 42.509 0 253952 253952
45.1172 42.563 0 256512 253952
45.1427 42.509 0 253952 253952
45.2825 42.563 0 256512 253952
45.308 42.509 0 253952 253952
45.4479 42.563 0 256512 253952
45.4733 42.509 0 253952 253952
45.6132 42.563 0 256512 253952
45.6387 42.509 0 253952 253952
45.7785 42.563 0 256512 253952
45.804 42.509 0 253952 253952
45.9439 42.563 0 256512 253952
45.9694 42.509 0 253952 253952
46.1092 42.563 0 256512 253952
46.1347 42.509 0 253952 253952
46.2746 42.563 0 256512 253952
46.3 42.509 0 253952 253952
46.4399 42.563 0 256512 253952
46.4654 42.509 0 253952 253952
46.6052 42.563 0 256512 253952
46.6307 42.509 0 253952 253952
46.7706 42.563 0 256512 253952
46.7961 42.509 0 253952 253952
46.9359 42.563 0 256512 253952
46.9614 42.509 0 253952 253952
47.1013 42.563 0 256512 253952
47.1267 42.509 0 253952 253952
47.2666 42.563 0 256512 253952
47.2921 42.509 0 253952 253952
47.4319 42.563 0 256512 253952
47.4574 42.509 0 253952 253952
47.5973 42.563 0 256512 253952
47.6228 42.509 0 253952 253952
47.7626 42.563 0 256512 253952
47.7881 42.509 0 253952 253952
47.928 42.563 0 256512 253952
47.9534 42.509 0 253952 253952
48.0933 42.563 0 256512 253952
48.1188 42.509 0 253952 253952
48.2586 42.563 0 256512 253952
48.2841 42.509 0 253952 253952
48.424 42.563 0 256512 253952
48.4495 42.509 0 253952 253952
48.5893 42.563 0 256512 253952
48.6148 42.509 0 253952 253952
48.7547 42.563 0 256512 253952
48.7801 42.509 0 253952 253952
48.92 42.563 0 256512 253952
48.9455 42.509 0 253952 253952
49.0853 42.563 0 256512 253952
49.1108 42.509 0 253952 253952
49.2507 42.563 0 256512 253952
49.2762 42.509 0 253952 253952
49.416 42.563 0 256512 253952
49.4415 42.509 0 253952 253952
49.5814 42.563 0 256512 253952
49.6068 42.509 0 253952 253952
49.7467 42.563 0 256512 253952
49.7722 42.509 0 253952 253952
