0.0 36200
10.1035 39096
10.1063 41992
10.109 44888
10.1118 47784
10.1146 50680
10.1169 53576
10.1218 56472
10.1234 59368
10.1249 62264
10.1266 65160
10.128 68056
10.1296 70952
10.1308 73848
10.1321 76744
10.1334 79640
10.1346 82536
10.1359 85432
10.1371 88328
10.1383 91224
10.1395 94120
10.1408 97016
10.142 99912
10.1431 102808
10.1442 105704
10.1452 108600
10.1462 111496
10.1474 114392
10.1483 117288
10.1488 120184
10.1496 123080
10.1504 125976
10.1511 128872
10.1518 131768
10.1525 134664
10.1531 137560
10.1538 140456
10.1544 143352
10.155 146248
10.1556 149144
10.1562 152040
10.1568 154936
10.1574 157832
10.158 160728
10.1585 163624
10.1591 166520
10.1596 169416
10.1602 172312
10.1607 175208
10.1612 178104
10.1617 181000
10.1622 183896
10.1627 186792
10.1632 189688
10.1637 192584
10.1642 195480
10.1647 198376
10.1652 201272
10.1657 204168
10.1662 207064
10.1666 209960
10.1671 212856
10.1676 215752
10.1686 218648
10.1691 221544
10.17 224440
10.1705 227336
10.171 230232
10.1715 233128
10.1719 236024
10.1724 238920
10.1729 241816
10.1734 244712
10.1739 247608
10.1743 250504
10.1748 253400
10.1753 256296
10.1758 259192
10.1763 262088
10.1767 264984
10.1772 267880
10.1777 270776
10.1782 273672
10.1787 276568
10.1791 279464
10.1796 282360
10.1801 285256
10.1806 288152
10.1811 291048
10.1815 293944
10.182 296840
10.1825 299736
10.183 302632
10.1835 305528
10.184 308424
10.1844 311320
10.1849 314216
10.1854 317112
10.1859 320008
10.1864 322904
10.1868 325800
10.1873 328696
10.1878 331592
10.1883 334488
10.1888 337384
10.1892 340280
10.2037 343176
10.2065 346072
10.207 348968
10.3856 347520
10.3856 346072
10.3856 347520
10.4394 348968
10.4397 350416
10.4399 350979
10.4762 123284
10.4762 124732
10.4771 127628
10.4781 130524
10.4791 133420
10.48 136316
10.481 139212
10.4819 142108
10.4829 145004
10.4839 147900
10.4848 150796
10.4858 153692
10.4868 156588
10.4877 159484
10.4887 162380
10.4896 165276
10.4906 168172
10.4916 171068
10.4925 173964
10.4935 176860
10.4944 179756
10.4954 182652
10.4964 185548
10.4973 188444
10.4983 191340
10.4993 194236
10.5002 197132
10.5012 200028
10.5021 202924
10.5031 205820
10.5041 208716
10.505 211612
10.506 214508
10.5067 217404
10.5074 220300
10.5081 223196
10.5089 226092
10.5096 228988
10.5103 231884
10.511 234780
10.5117 237676
10.5125 240572
10.5132 243468
10.5137 246364
10.5142 249260
10.5149 252156
10.5156 255052
10.5161 257948
10.517 260844
10.5175 263740
10.518 266636
10.5185 269532
10.519 272428
10.5194 275324
10.5199 278220
10.5204 281116
10.5209 284012
10.5214 286908
10.5218 289804
10.5223 292700
10.5228 295596
10.5233 298492
10.5238 301388
10.5242 304284
10.5247 307180
10.5252 310076
10.5257 312972
10.5262 315868
10.5266 318764
10.5271 321660
10.5276 324556
10.5281 327452
10.5286 330348
10.5291 333244
10.5295 336140
10.53 339036
10.5305 341932
10.531 344828
10.5315 347724
10.5319 248017
10.5521 245121
10.7026 248017
10.7227 245121
10.8674 248017
10.8876 245121
11.0265 159453
11.0299 162349
11.0501 159453
11.1947 162349
11.2041 142303
11.2152 139407
11.2358 141236
11.2382 141815
11.2418 144262
11.2488 144961
11.3149 145205
11.3582 148101
11.3783 145205
11.5213 148101
11.5422 145205
11.6855 148101
11.7064 145205
11.7797 142277
11.8511 145173
11.8717 142277
11.9626 132116
12.0162 135012
12.0368 132116
12.1813 135012
12.2017 132116
12.3456 135012
12.3509 132639
12.3665 129743
12.5115 132639
12.5261 129317
12.5324 126421
12.6753 129317
12.6955 126421
12.8301 123136
12.8395 126032
12.8597 123136
13.0043 126032
13.0055 124020
13.0245 121124
13.1706 124020
13.1918 121124
13.2646 119331
13.336 122227
13.3497 121163
13.3571 118267
13.5013 121163
13.5218 118267
13.6023 118050
13.6674 120946
13.6883 118050
13.8344 120946
13.8556 118050
13.9099 115495
13.9993 118391
14.0195 115495
14.0867 110172
14.1641 113068
14.1853 110172
14.3309 113068
14.3509 112862
14.3521 109966
14.4862 107769
14.4965 110665
14.5167 107769
14.6609 110665
14.6642 109077
14.6823 106181
14.8284 109077
14.8409 107064
14.8486 104168
14.9723 103126
14.9937 106022
15.0149 103126
15.1588 106022
15.1795 103126
15.3237 106022
15.3263 102932
15.3451 100036
15.4914 102932
15.5126 100036
15.6584 102932
15.6798 96978
15.8269 99874
15.8481 96978
15.9937 99874
16.0146 96978
16.0266 95611
16.0403 95828
16.1203 95888
16.1631 98784
16.1845 95888
16.215 96796
16.3299 99692
16.3513 96796
16.4967 99692
16.5171 96796
16.6625 99692
16.6721 97705
16.6829 94809
16.8266 97705
16.8473 94809
16.9913 97705
17.0119 94809
17.0732 90959
17.1564 93855
17.1773 90959
17.3239 93855
17.334 92182
17.3455 89286
17.4897 92182
17.5108 89286
17.656 92182
17.6766 89286
17.6829 88325
17.8165 87147
17.823 90043
17.8434 87147
17.9905 90043
18.0121 87147
18.1587 90043
18.1712 88783
18.1794 85887
18.3279 88783
18.3486 85887
18.4935 88783
18.5139 85887
18.5267 84290
18.6581 84490
18.6788 81594
18.8237 84490
18.8446 81594
18.9902 84490
19.0109 81594
19.0893 81397
19.1558 84293
19.1767 81397
19.2087 81594
19.3224 84490
19.3435 81594
19.4882 84490
19.5091 81594
19.6552 81397
19.6569 84293
19.678 81397
19.8227 84293
19.8429 81397
19.928 79030
19.9885 81926
20.0099 79030
20.0419 81926
20.0419 5792
20.0433 8688
20.0433 5792
20.0453 8688
20.0453 5792
20.0469 8688
20.0469 5792
20.0486 8688
20.0486 5792
20.0505 8688
20.0505 5792
20.0522 8688
20.0522 5792
20.0539 8688
20.0539 5792
20.057 8688
20.057 5792
20.059 8688
20.059 5792
20.0611 8688
20.0611 5792
20.0633 8688
20.0633 5792
20.0652 8688
20.0652 5792
20.0674 8688
20.0674 5792
20.0693 8688
20.0693 5792
20.0714 8688
20.0714 5792
20.0736 8688
20.0736 5792
20.0753 8688
20.0753 5792
20.077 8688
20.077 5792
20.0787 8688
20.0787 5792
20.0803 8688
20.0803 5792
20.082 8688
20.082 5792
20.0837 8688
20.0837 5792
20.0851 8688
20.0851 5792
20.1195 8688
20.1195 5792
20.121 8688
20.121 5792
20.1445 8688
20.1445 5792
20.1462 8688
20.1462 5792
20.1666 8688
20.1666 5792
20.1683 8688
20.1683 5792
20.1882 8688
20.1882 5792
20.1902 8688
20.1902 5792
20.2097 8688
20.2097 5792
20.2121 8688
20.2121 5792
20.2312 8688
20.2312 5792
20.2339 8688
20.2339 5792
20.2526 8688
20.2526 5792
20.2553 8688
20.2553 5792
20.2752 8688
20.2752 5792
20.2788 8688
20.2788 5792
20.3006 348968
20.3006 94804
20.3232 19413
20.3251 19286
20.3273 20124
20.3295 23020
20.3316 25916
20.3335 28812
20.336 31708
20.3381 34604
20.34 37500
20.3422 40396
20.3444 43292
20.3463 46188
20.3484 49084
20.3609 51980
20.3658 54876
20.3698 57772
20.3734 60668
20.3763 63564
20.3792 66460
20.3819 69356
20.3845 72252
20.3871 71354
20.5707 74250
20.596 71354
20.7774 74250
20.8022 71354
20.8308 73588
20.8375 73633
20.8394 73817
20.8411 74188
20.9661 75612
20.9853 78508
21.0103 75612
21.0266 76122
21.0305 76251
21.0377 78823
21.0413 78957
21.0432 79657
21.0466 79708
21.1754 81250
21.1903 84146
21.2025 85688
21.215 82792
21.2569 83794
21.2617 85187
21.3597 86149
21.3792 86658
21.3943 89554
21.4198 86658
21.4525 87682
21.4587 89753
21.465 91385
21.5964 94281
21.6221 91385
21.6531 92204
21.6596 93848
21.6654 95022
21.8007 97918
21.8264 95022
21.8521 95134
21.8548 97647
21.8584 98516
21.8613 101412
21.8625 101460
21.8663 101931
21.8678 104827
21.8692 104891
22.005 107787
22.0235 110683
22.0249 110746
22.0302 107850
22.0578 109783
22.072 110665
22.0792 111019
22.2071 113915
22.2321 111019
22.2655 113824
22.2703 115095
22.409 117991
22.4342 115095
22.4762 115335
22.477 116332
22.4782 116837
22.5555 118063
22.5623 119282
22.6115 122178
22.6373 119282
22.6675 119434
22.6728 122239
22.6776 123392
22.8129 126288
22.8384 123392
22.8769 123442
22.8776 124513
22.8781 126157
22.8805 126387
22.8838 127419
23.0174 130315
23.0422 127419
23.0744 127796
23.0751 128357
23.0758 129494
23.0768 130071
23.0778 130653
23.0859 131241
23.0888 132528
23.2203 135424
23.2323 135497
23.2457 132601
23.4169 133458
23.4205 136354
23.4455 133458
23.6204 136354
23.6461 133458
23.6483 134666
23.6598 135278
23.6814 136877
23.6855 137220
23.8211 140116
23.8468 137220
24.0229 140116
24.0482 137220
24.1743 138432
24.2229 141328
24.2479 138432
24.2625 139394
24.2808 140608
24.3716 142267
24.424 145163
24.449 142267
24.5865 143387
24.6252 146283
24.6504 143387
24.7824 143667
24.828 146563
24.8537 143667
24.9773 144602
24.9792 145074
25.0316 147970
25.057 145074
25.2339 147970
25.2594 145074
25.4009 146466
25.436 149362
25.4608 146466
25.598 147482
25.6372 150378
25.6629 147482
25.8393 150378
25.8643 147482
26.0404 150378
26.0652 147482
26.1563 146165
26.2409 149061
26.2663 146165
26.4413 149061
26.467 146165
26.5677 144873
26.6439 147769
26.6693 144873
26.8455 147769
26.8705 144873
26.9044 145694
27.0454 148590
27.0704 145694
27.2456 148590
27.2709 145694
27.4439 145062
27.4475 147958
27.4732 145062
27.6482 144873
27.6503 147769
27.6751 144873
27.8508 147769
27.8587 149159
27.8765 146263
28.0531 149159
28.0783 146263
28.2552 149159
28.2804 146263
28.422 143605
28.4576 146501
28.4826 143605
28.5181 144828
28.6599 147724
28.6847 144828
28.8611 147724
28.8865 144828
29.0471 144612
29.0641 147508
29.0894 144612
29.2537 142979
29.2662 145875
29.2912 142979
29.4659 145875
29.4907 142979
29.6666 145875
29.6923 142979
29.8682 145875
29.8771 144197
29.8935 141301
29.9824 141302
29.9848 140788
29.9857 138426
29.9867 136359
29.9878 134550
29.9888 132967
29.9899 131582
29.991 130371
29.992 129310
29.9931 128383
29.9942 127571
29.9952 129036
29.9963 128403
29.9973 127849
29.9984 127365
29.9995 126941
30.0005 126570
30.0016 126245
30.0026 125961
30.0037 125713
30.0048 126216
30.0058 126025
30.0069 125857
30.0079 125711
30.0132 125621
30.0143 125504
30.0154 125402
30.0164 125312
30.0175 125234
30.0185 125165
30.0195 125105
30.0206 125053
30.0216 125007
30.0227 124966
30.0237 124931
30.0248 124900
30.0258 124873
30.0268 124850
30.0279 124829
30.0529 124814
30.0538 124798
30.0549 124784
30.0558 124771
30.0569 127657
30.0579 127647
30.0589 127639
30.06 127632
30.0817 127626
30.0826 128386
30.0834 131282
30.0842 134007
30.085 134003
30.0859 133999
30.0868 133996
30.0875 136892
30.0885 139621
30.0892 139619
30.0901 139617
30.0908 140014
30.0917 142910
30.0925 145659
30.0934 145657
30.0941 145656
30.095 148552
30.0958 149957
30.0967 149956
30.0983 150654
30.0991 153550
30.0999 155404
30.1072 156983
30.1147 157692
30.1155 160588
30.1161 163367
30.1189 163331
30.1196 166227
30.1204 167838
30.1209 167216
30.1229 167773
30.1237 170669
30.1243 173403
30.1269 176299
30.1277 177378
30.1302 178074
30.131 178314
30.1316 179541
30.1323 182437
30.1329 185057
30.135 184788
30.1368 184819
30.1387 187715
30.1394 189874
30.143 191095
30.1455 193991
30.1462 195247
30.1496 198143
30.1501 200607
30.1542 203503
30.1549 205870
30.1571 208766
30.1578 209970
30.1583 211033
30.1616 213929
30.1623 214036
30.1664 215127
30.171 216982
30.1729 214086
30.1897 214186
30.1984 214603
30.245 215759
30.2996 217414
30.3005 218212
30.3206 221108
30.3229 221442
30.3234 221503
30.3257 221825
30.3263 221887
30.3326 224783
30.3331 225461
30.3338 225593
30.3459 228418
30.3483 231314
30.3488 232648
30.3507 235544
30.3512 236826
30.3529 239576
30.3555 240001
30.3579 237105
30.3608 239189
30.3632 242085
30.3637 243009
30.367 245905
30.3675 246342
30.3728 246545
30.4254 248299
30.4946 248475
30.5011 251371
30.5223 248475
30.6696 251371
30.691 248475
30.8385 251371
30.8597 248475
30.9491 226841
31.0072 229737
31.0284 226841
31.1284 215374
31.1757 218270
31.1966 215374
31.3444 218270
31.3656 215374
31.3922 214970
31.4343 213630
31.5131 216526
31.5343 213630
31.6155 206116
31.6818 209012
31.703 206116
31.8508 209012
31.8719 206116
31.9351 202909
32.0192 205805
32.0404 202909
32.1204 189452
32.1899 192348
32.211 189452
32.3595 192348
32.3807 189452
32.3934 187838
32.5285 184391
32.5292 187287
32.5503 184391
32.6203 175981
32.6981 178877
32.719 175981
32.8668 178877
32.8882 171684
33.0367 174580
33.0581 171684
33.117 166950
33.2062 169846
33.2271 166950
33.3766 169846
33.3982 166950
33.4934 155712
33.5469 158608
33.5681 155712
33.675 150041
33.7156 152937
33.7368 150041
33.8853 152937
33.9065 150041
33.9903 147789
34.055 150685
34.0761 147789
34.1751 141212
34.2254 144108
34.247 141212
34.3967 144108
34.4176 141212
34.4479 138982
34.4933 137631
34.5669 140527
34.5883 137631
34.676 131245
34.738 134141
34.7594 131245
34.9076 134141
34.9285 131245
34.9569 130872
35.078 133768
35.0989 130872
35.1963 120212
35.2472 123108
35.2691 120212
35.4178 123108
35.4395 120212
35.4736 116869
35.5887 119765
35.6096 116869
35.7593 119765
35.7805 116869
35.798 114620
35.9292 117516
35.9511 114620
35.9843 109443
36.1015 112339
36.1234 109443
36.2751 112339
36.2957 109768
36.2969 106872
36.4478 109768
36.4695 106872
36.6209 109768
36.643 106872
36.7122 101216
36.7944 104112
36.8153 101216
36.8996 98559
36.9655 101455
36.9869 98559
37.1366 101455
37.159 98559
37.1777 95368
37.3104 98264
37.3322 95368
37.4831 98264
37.5012 97821
37.5041 94925
37.6543 97821
37.6756 94925
37.6843 92484
37.8249 95380
37.8458 92484
37.9982 95380
38.0042 94506
38.0193 91610
38.1712 94506
38.1878 91053
38.1923 88157
38.3445 91053
38.3658 88157
38.5175 91053
38.5394 88157
38.6026 86092
38.69 88988
38.7124 86092
38.8643 88988
38.8859 81383
39.0395 84279
39.0604 81383
39.17 80556
39.2125 83452
39.2339 80556
39.3884 83452
39.4031 80638
39.411 77742
39.5617 80638
39.584 77742
39.7359 80638
39.7578 77742
39.9099 80638
39.9137 78490
