0.0 43.8906
20.1222 48.1543
20.1279 46.76
20.1325 45.165
20.1467 44.5194
20.1529 42.3295
20.1585 40.1633
20.163 38.2679
20.1688 36.4844
20.1734 34.9238
20.1785 33.4334
20.1838 32.1292
20.1897 31.113
20.1948 30.0989
20.2 29.3365
20.2055 28.5445
20.2114 27.9764
20.2162 27.4794
20.2216 26.9194
20.2271 26.5545
20.2327 26.1102
20.238 25.7214
20.2631 25.5062
20.2687 25.193
20.2747 25.0438
20.2812 25.1634
20.2869 25.1429
20.2927 25.2501
20.2985 25.4688
20.3052 25.7852
20.3093 25.9371
20.3134 25.9449
20.3172 25.7018
20.3225 25.4891
20.3285 25.4279
20.3345 25.4995
20.3405 25.812
20.3468 26.2105
20.3521 26.6842
20.3566 26.9737
20.3617 27.352
20.3667 27.683
20.372 27.9726
20.3773 28.476
20.3831 29.0415
20.3888 29.5363
20.3943 30.2193
20.4001 30.9419
20.4056 31.5741
20.4114 32.3774
20.4174 33.2052
20.4232 34.1796
20.4285 35.0321
20.4338 35.9031
20.439 36.7902
20.4441 37.6914
20.4494 38.48
20.4576 39.42
20.4662 40.4925
20.4756 41.5559
20.4847 42.7364
20.4914 43.8944
20.4965 44.7826
20.5018 45.5598
20.5071 46.2398
20.5123 46.8348
20.5188 47.3555
20.5253 48.061
20.5318 48.6784
20.5383 49.4686
20.5443 50.16
20.5496 50.765
20.5549 51.1694
20.5604 51.6482
20.5657 51.9422
20.5715 52.3244
20.5775 52.6589
20.583 53.0765
20.5888 53.3169
20.5945 53.6523
20.6001 53.9458
20.6056 54.2026
20.6111 54.4272
20.6164 54.6238
20.6219 54.6709
20.6279 54.837
20.6337 54.9824
20.6395 55.2346
20.6448 55.3303
20.6505 55.539
20.6556 55.5966
20.6597 55.522
20.6642 55.5818
20.6678 55.509
20.6719 55.3204
20.676 55.2804
20.6803 55.1203
20.6875 55.2303
20.695 55.2015
20.7024 55.3013
20.7099 55.3886
20.7154 55.3401
20.7209 55.2976
20.7265 55.2604
20.7318 55.2278
20.737 55.1993
20.7428 55.1744
20.7481 55.2776
20.7536 55.3679
20.7592 55.4469
20.7647 55.5161
20.77 55.5766
20.775 55.6295
20.7805 55.6758
20.7858 55.7163
20.7911 55.7518
20.7966 55.7828
20.8019 55.81
20.8072 55.8337
20.8127 55.8545
20.8156 55.6227
20.8209 55.4198
20.8262 55.2424
20.8315 55.0871
20.8363 54.9512
20.8413 54.7073
20.8462 54.4939
20.851 54.1821
20.8558 53.7844
20.8615 53.5613
20.8668 53.3662
20.8719 53.0704
20.8769 52.8116
20.881 52.4601
20.8851 52.2776
20.8892 52.1179
20.8933 51.9782
20.8976 51.7309
20.9021 51.6395
20.907 51.5596
20.9144 51.7396
20.9216 51.8972
20.9288 52.035
20.9351 52.1557
20.9401 52.2612
20.9447 52.2286
20.9497 52.2
20.9548 52.175
20.9596 52.1531
20.9644 52.134
20.9658 51.6172
20.9702 51.1651
20.9752 50.7694
20.9807 50.5483
20.9858 50.3547
20.9903 50.1854
20.9954 50.0372
20.9992 49.7826
21.0036 49.4347
21.0079 49.0054
21.0117 48.5047
21.0163 48.1916
21.0213 47.9177
21.0262 47.678
21.0314 47.4682
21.0367 47.2847
21.042 47.2491
21.0473 47.218
21.0526 47.1907
21.0579 47.2919
21.062 47.2554
21.0668 47.2235
21.0713 47.1955
21.0759 47.0461
21.0807 46.9153
21.085 46.8009
21.0896 46.5758
21.0937 46.5038
21.0975 46.4408
21.1016 46.3857
21.1057 46.3375
21.11 46.4203
21.1141 46.4928
21.1182 46.5562
21.1247 46.7367
21.1314 47.0196
21.1377 47.1421
21.1439 47.2494
21.149 47.2182
21.1538 47.1909
21.1581 47.2921
21.1629 47.2555
21.167 47.2236
21.1708 47.0707
21.1749 46.8118
21.179 46.5853
21.1828 46.2622
21.1874 46.1044
21.1922 45.9664
21.197 45.9706
21.2018 45.8492
21.2066 45.7431
21.2114 45.7752
21.2162 45.8033
21.221 45.9529
21.2259 45.9588
21.2307 46.0889
21.2355 46.2028
21.2405 46.4275
21.2456 46.624
21.2504 46.796
21.2554 47.0715
21.2605 47.3126
21.2648 47.5235
21.2694 47.7081
21.2739 47.8696
21.278 48.0109
21.2823 48.0095
21.2867 48.0083
21.2912 48.0073
21.2955 48.0064
21.3001 48.0056
21.3044 48.0049
21.3088 47.8793
21.3133 47.7694
21.3179 47.7982
21.322 47.8234
21.3258 47.9705
21.3297 48.0992
21.3338 48.2118
21.3369 48.3103
21.3412 48.5215
21.3465 48.5813
21.3518 48.5087
21.3573 48.4451
21.3638 48.3894
21.3686 48.2158
21.3737 48.1888
21.3785 48.1652
21.383 48.2695
21.3876 48.2358
21.3919 48.2064
21.3962 48.3056
21.4003 48.2674
21.4049 48.234
21.4095 48.3297
21.414 48.4135
21.4181 48.4868
21.4222 48.551
21.4268 48.4821
21.4313 48.5468
21.4357 48.6035
21.4397 48.653
21.4443 48.6964
21.4489 48.7344
21.4537 48.8926
21.4582 49.031
21.4631 49.2771
21.4676 49.4925
21.47 49.4309
21.4741 49.3771
21.4782 49.3299
21.4823 49.1637
21.4868 49.0182
21.4907 48.8909
21.4948 48.7796
21.4989 48.5571
21.5032 48.4875
21.5068 48.3015
21.5106 48.0139
21.5142 47.7621
21.5181 47.5419
21.5219 47.0991
21.5263 46.8367
21.5301 46.6071
21.5337 46.4062
21.5376 46.2305
21.5412 46.2017
21.545 46.1765
21.5486 46.1544
21.5522 46.2601
21.5558 46.2276
21.5613 46.4491
21.5674 46.643
21.5729 46.8126
21.5782 46.961
21.5837 46.9659
21.5875 46.9702
21.5916 46.9739
21.5957 46.9772
21.5998 46.98
21.6039 46.9825
21.608 46.9847
21.6123 47.1116
21.6161 47.2227
21.6202 47.3198
21.6245 47.4048
21.6286 47.4792
21.6325 47.5443
21.6366 47.6013
21.6406 47.6511
21.6447 47.6947
21.6491 47.8579
21.6534 48.0007
21.6582 48.2506
21.6628 48.4693
21.6668 48.6606
21.6712 48.953
21.675 49.2089
21.6781 49.3078
21.6815 49.2693
21.6849 49.1106
21.688 48.8468
21.6914 48.616
21.6947 48.289
21.6988 48.0028
21.7031 47.8775
21.7075 47.7678
21.7118 47.6718
21.7159 47.5878
21.7202 47.6394
21.7245 47.6844
21.7286 47.7239
21.7322 47.7584
21.7363 47.7886
21.7404 47.815
21.7445 47.8381
21.7486 47.8584
21.7526 47.8761
21.7562 47.8916
21.7596 47.9051
21.763 47.917
21.7661 48.0524
21.7697 48.1708
21.7726 48.2745
21.7759 48.3652
21.7791 48.5695
21.7824 48.7483
21.7853 48.9048
21.7901 49.1667
21.7947 49.2708
21.7997 49.362
21.8048 49.3167
21.8098 49.2771
21.8142 49.2425
21.8178 49.0872
21.8216 49.0763
21.8257 49.0668
21.8295 49.0584
21.8334 49.0511
21.8372 49.0447
21.8406 49.0391
21.8447 49.0342
21.8476 48.905
21.8514 48.9168
21.855 48.9272
21.8589 48.8113
21.8622 48.7099
21.8661 48.7462
21.8702 48.7779
21.874 48.6807
21.8776 48.5956
21.8814 48.6461
21.8851 48.6904
21.8889 48.6041
21.8925 48.5286
21.8963 48.5875
21.8995 48.5141
21.9031 48.4498
21.9064 48.2686
21.91 48.235
21.9137 48.0806
21.9175 47.9455
21.9216 47.8274
21.9257 47.8489
21.9298 47.8678
21.9334 47.8843
21.9374 47.8988
21.9418 48.0364
21.9456 48.1569
21.9497 48.2623
21.9533 48.3545
21.9572 48.5602
21.9608 48.6152
21.9644 48.6633
21.9684 48.8304
21.972 48.9766
21.9752 49.1045
21.9783 49.2164
21.9805 49.1894
21.9833 49.1657
21.9867 49.145
21.9898 49.1269
21.993 49.111
21.9966 49.2221
21.9999 49.3194
22.0047 49.5294
22.0093 49.7133
22.0143 49.8741
22.0184 49.8898
22.0228 49.7786
22.0264 49.6813
22.0297 49.4711
22.0329 49.1622
22.0367 48.892
22.0405 48.7805
22.0441 48.6829
22.048 48.5975
22.0516 48.5228
22.0554 48.5825
22.0595 48.6347
22.0636 48.8053
22.0675 48.9547
22.0711 49.2103
22.0749 49.309
22.0788 49.5204
22.0819 49.5804
22.085 49.7578
22.0884 49.7881
22.0917 49.8146
22.0951 49.8378
22.0985 49.858
22.1016 49.7508
22.1052 49.7819
22.1086 49.6842
22.1122 49.7237
22.1155 49.6332
22.1189 49.5541
22.1222 49.4848
22.1256 49.4242
22.129 49.2462
22.1326 49.2154
22.1364 49.1885
22.14 49.2899
22.1441 49.3787
22.148 49.4563
22.1516 49.5243
22.1552 49.7088
22.1585 49.7452
22.1621 49.902
22.1657 49.9143
22.1696 50.05
22.1727 50.0437
22.1763 50.1633
22.1799 50.1429
22.1833 50.25
22.1867 50.3437
22.1895 50.3008
22.1922 50.2632
22.1948 50.1053
22.1975 50.0921
22.2001 50.0806
22.2028 49.9455
22.2054 49.8273
22.2083 49.8489
22.2114 49.8678
22.2143 49.8843
22.2181 50.1488
22.2232 50.3802
22.228 50.4577
22.2326 50.6505
22.2371 50.8191
22.2414 50.9668
22.2451 50.9709
22.2482 50.9745
22.2513 50.8527
22.2544 50.7461
22.258 50.7779
22.2614 50.8056
22.2652 50.8299
22.2688 50.8512
22.2724 50.9948
22.2758 51.1204
22.2789 51.2304
22.2823 51.4516
22.2849 51.5201
22.2878 51.4551
22.2907 51.3982
22.2936 51.3484
22.2962 51.3049
22.2994 51.2668
22.302 51.2334
22.3047 51.0793
22.3078 50.9443
22.3107 50.8263
22.3138 50.598
22.3169 50.3983
22.32 50.3485
22.3232 50.3049
22.3263 50.2668
22.3294 50.2335
22.333 50.3293
22.3364 50.4131
22.3402 50.6115
22.3436 50.66
22.3469 50.7025
22.3501 50.8647
22.3534 51.0066
22.3568 51.1308
22.3594 51.2394
22.3623 51.3345
22.3655 51.4177
22.3683 51.4905
22.3712 51.4292
22.3743 51.3755
22.3772 51.3286
22.3801 51.2875
22.3837 51.2516
22.3873 51.3451
22.3904 51.427
22.3941 51.6236
22.3974 51.7957
22.4005 51.9462
22.4039 52.0779
22.4065 52.1932
22.4094 52.294
22.4116 52.3823
22.4142 52.4595
22.4166 52.5271
22.419 52.5862
22.4217 52.6379
22.4243 52.6832
22.4267 52.7228
22.4291 52.7574
22.4318 52.7877
22.4359 52.9393
22.44 53.0719
22.444 53.3129
22.4484 53.5238
22.4524 53.5833
22.4563 53.6354
22.4601 53.681
22.4633 53.7208
22.4666 53.7557
22.4698 53.6613
22.4726 53.5786
22.4755 53.5063
22.4774 53.318
22.4803 53.1532
22.4832 53.0091
22.4861 52.883
22.4887 52.6476
22.4914 52.4416
22.4943 52.3864
22.4971 52.3381
22.4998 52.1709
22.5024 52.0245
22.5053 51.8964
22.5084 51.7844
22.5116 51.6863
22.514 51.4755
22.5169 51.2911
22.5197 51.2547
22.5226 51.2229
22.5255 51.195
22.5272 51.0456
22.5286 50.6649
22.531 50.3318
22.5337 49.9153
22.5366 49.5509
22.539 49.2321
22.5418 48.953
22.5445 48.7089
22.5474 48.4953
22.5503 48.3084
22.5531 48.1448
22.5565 48.0017
22.5594 47.8765
22.5625 47.767
22.5654 47.7961
22.5688 47.8216
22.5716 47.8439
22.5748 47.8634
22.5777 47.8805
22.5805 47.8954
22.5837 47.9085
22.5863 48.0449
22.589 48.0393
22.5916 48.0344
22.5945 48.0301
22.5974 48.0263
22.6002 48.148
22.6031 48.2545
22.606 48.3477
22.6089 48.3043
22.6118 48.2662
22.6147 48.3579
22.6171 48.4382
22.6195 48.5084
22.6219 48.5699
22.6243 48.7486
22.6267 48.7801
22.6291 48.9325
22.6315 49.066
22.6339 49.1827
22.6363 49.2849
22.6385 49.3743
22.6409 49.4525
22.6445 49.6459
22.6481 49.8152
22.6519 49.8383
22.6553 49.9835
22.6589 49.9856
22.663 49.9874
22.6671 50.1139
22.6699 50.0997
22.6733 50.2122
22.6762 50.4357
22.6796 50.6312
22.6822 50.8023
22.6851 50.952
22.6875 50.958
22.6896 50.9633
22.692 50.9679
22.6947 50.8469
22.6969 50.741
22.699 50.6484
22.7014 50.4423
22.7036 50.2621
22.706 49.9793
22.7084 49.7319
22.7108 49.3904
22.7134 49.2166
22.7158 48.9395
22.719 48.6971
22.7218 48.6099
22.7247 48.5337
22.7279 48.467
22.7305 48.4086
22.7336 48.4825
22.7365 48.5472
22.7394 48.6038
22.7425 48.7783
22.7454 48.931
22.748 49.0647
22.7507 49.1816
22.7536 49.2839
22.7565 49.3734
22.7591 49.4517
22.7617 49.5203
22.7644 49.5802
22.767 49.6327
22.7702 49.8036
22.7728 49.8282
22.7754 49.8496
22.7783 49.9934
22.7812 50.1193
22.7841 50.2293
22.7867 50.3257
22.7894 50.41
22.7925 50.4837
22.7951 50.6733
22.7978 50.7141
22.8007 50.7498
22.8031 50.9061
22.8057 50.9178
22.8086 50.9281
22.8112 51.0621
22.8139 51.0543
22.8168 51.0475
22.8194 51.1666
22.8221 51.2708
22.8249 51.3619
22.8276 51.4417
22.8302 51.5115
22.8326 51.5725
22.8348 51.626
22.8372 51.7977
22.8394 51.823
22.8418 51.8451
22.8439 51.8645
22.8463 52.0064
22.8485 52.1306
22.8511 52.3643
22.8535 52.5688
22.8557 52.7477
22.8579 52.7792
22.8629 52.9318
22.866 53.0653
22.8701 53.3072
22.873 53.3938
22.8764 53.4695
22.8785 53.2859
22.8814 53.1251
22.8841 52.8595
22.8865 52.502
22.8886 52.1893
22.891 51.9156
22.8937 51.5512
22.8963 51.3573
22.8987 51.0626
22.9011 50.9298
22.9035 50.6886
22.9059 50.3525
22.9086 50.1834
22.911 49.9105
22.9136 49.7967
22.916 49.6971
22.9184 49.61
22.9206 49.4087
22.923 49.2326
22.9249 48.9535
22.9273 48.8344
22.9302 48.7301
22.9324 48.6388
22.9353 48.559
22.9381 48.4891
22.9408 48.4279
22.9434 48.3745
22.9461 48.4526
22.949 48.3961
22.9516 48.4716
22.9542 48.5376
22.9571 48.7204
22.9598 48.7554
22.9624 48.9109
22.9651 49.0471
22.9679 49.1662
22.9703 49.2704
22.9725 49.3616
22.9751 49.4414
22.9775 49.3862
22.98 49.338
22.9826 49.2957
22.9855 49.3837
22.9879 49.3358
22.9905 49.4188
22.9932 49.4915
22.9958 49.555
22.9985 49.6106
23.0011 49.7843
23.0037 49.8113
23.0064 49.9599
23.009 50.0899
23.0114 50.2036
23.0143 50.3032
23.017 50.3903
23.0198 50.4665
23.0222 50.6582
23.0249 50.7009
23.0273 50.7383
23.0297 50.771
23.0323 50.7996
23.035 50.8247
23.0376 50.8466
23.0396 50.8658
23.0417 50.7575
23.0439 50.6629
23.0458 50.58
23.0477 50.5075
23.0499 50.4441
23.052 50.5136
23.0542 50.5744
23.0561 50.6276
23.0581 50.6741
23.0602 50.7149
23.0621 50.7505
23.0645 50.7817
23.0667 50.809
23.072 50.9578
23.0749 50.9631
23.078 51.0927
23.0811 51.2061
23.0845 51.1804
23.0879 51.1578
23.0907 51.0131
23.0931 50.8865
23.0953 50.6506
23.0975 50.4443
23.0999 50.1388
23.1018 49.8714
23.104 49.5125
23.1061 49.3234
23.108 49.033
23.1104 48.7789
23.1126 48.4315
23.115 48.2526
23.1172 48.096
23.1196 47.834
23.1215 47.6048
23.1239 47.4042
23.1263 47.3536
23.1287 47.1844
23.1311 47.1614
23.1335 47.1412
23.1359 46.9986
23.1383 46.9987
23.1407 46.9989
23.1434 46.999
23.1458 46.9992
23.1484 47.1243
23.1508 47.1087
23.1532 47.2201
23.1554 47.3176
23.1578 47.2779
23.1604 47.3682
23.1628 47.4472
23.1652 47.6413
23.1676 47.6861
23.1698 47.7253
23.1722 47.8847
23.1746 47.8991
23.1768 47.9117
23.1794 48.0477
23.1818 48.0418
23.1842 48.1615
23.1866 48.2664
23.189 48.3581
23.1917 48.4383
23.1943 48.6335
23.1965 48.8043
23.1989 48.8288
23.2013 48.9752
23.2037 49.1033
23.2061 49.2154
23.2083 49.3135
23.2107 49.3993
23.2128 49.3494
23.215 49.3057
23.2171 49.3925
23.2193 49.3434
23.2215 49.3005
23.2236 49.2629
23.226 49.3551
23.2282 49.3107
23.2304 49.2718
23.2328 49.2379
23.2352 49.2081
23.2376 49.1821
23.24 49.1593
23.2424 49.1394
23.2448 49.122
23.2477 49.2317
23.2501 49.3278
23.2525 49.4118
23.2546 49.4853
23.2568 49.5497
23.2587 49.606
23.2609 49.6552
23.2626 49.6983
23.2647 49.861
23.2667 50.0034
23.2683 50.128
23.2703 50.237
23.2722 50.3323
23.2743 50.4158
23.2767 50.4888
23.2787 50.6777
23.2808 50.843
23.2832 51.1126
23.2868 51.3486
23.29 51.555
23.2931 51.8606
23.296 52.003
23.2984 52.1277
23.301 52.1117
23.3037 51.9727
23.3063 51.8511
23.3087 51.6197
23.3109 51.4173
23.3128 51.2401
23.3147 50.9601
23.3166 50.7151
23.3188 50.5007
23.3207 50.3131
23.3229 50.024
23.3251 49.896
23.3272 49.784
23.3294 49.686
23.3315 49.4752
23.3335 49.2908
23.3359 49.1295
23.338 49.1133
23.3404 49.0991
23.3428 48.9617
23.3452 48.9665
23.3476 48.9707
23.35 49.0994
23.3522 49.2119
23.3546 49.1855
23.357 49.2873
23.3594 49.3764
23.3618 49.4543
23.3645 49.6475
23.3671 49.8166
23.3695 49.9645
23.3717 50.0939
23.3736 50.2072
23.3758 50.3063
23.3777 50.268
23.3801 50.3595
23.382 50.4396
23.3839 50.3846
23.3861 50.4615
23.3883 50.4039
23.3902 50.3534
23.3923 50.3092
23.3945 50.2705
23.3967 50.2367
23.3988 50.0821
23.401 49.9469
23.4032 49.9535
23.4056 49.9593
23.408 49.8394
23.4101 49.8595
23.4125 49.877
23.4149 49.8924
23.4173 50.0309
23.4195 50.027
23.4219 50.0236
23.4243 50.1457
23.4267 50.2525
23.4289 50.3459
23.431 50.4277
23.433 50.3742
23.4351 50.4524
23.4373 50.5209
23.4397 50.5808
23.4416 50.5082
23.444 50.5697
23.4462 50.6234
23.4481 50.6705
23.4503 50.7117
23.4524 50.6227
23.4548 50.5449
23.4572 50.6018
23.4594 50.6516
23.4618 50.6951
23.4642 50.7332
23.4661 50.7666
23.468 50.7957
23.4697 50.8213
23.4719 50.8436
23.474 50.9882
23.4762 51.1146
23.4781 51.3503
23.4803 51.5565
23.4825 51.737
23.4844 51.8948
23.4863 52.158
23.488 52.2632
23.4899 52.3553
23.4918 52.4359
23.4935 52.6314
23.4976 52.6775
23.4998 52.7178
23.5024 52.7531
23.5048 52.6589
23.5075 52.5766
23.5099 52.3795
23.5125 52.2071
23.5151 52.0562
23.5175 51.7992
23.5195 51.4493
23.5219 51.1431
23.5238 50.8752
23.526 50.6408
23.5279 50.4357
23.5303 50.2562
23.5324 50.0992
23.5346 49.9618
23.537 49.9666
23.5387 49.8458
23.5411 49.865
23.5433 49.8819
23.5454 49.7717
23.5476 49.6752
23.55 49.5908
23.5524 49.642
23.5541 49.6867
23.556 49.6009
23.5582 49.6508
23.5601 49.6944
23.5622 49.7326
23.5642 49.766
23.5663 49.6703
23.5683 49.5865
23.5704 49.5132
23.5723 49.449
23.5745 49.3929
23.5767 49.3438
23.5791 49.4258
23.5812 49.4976
23.5834 49.5604
23.5858 49.4903
23.5882 49.554
23.5901 49.6098
23.5925 49.6586
23.5949 49.7012
23.5971 49.8636
23.5993 50.0056
23.6017 50.1299
23.6038 50.2387
23.6057 50.2089
23.6079 50.1827
23.6101 50.2849
23.612 50.2493
23.6137 50.2181
23.6151 50.1909
23.6168 50.042
23.619 49.9118
23.6209 49.7978
23.623 49.8231
23.6252 49.7202
23.6274 49.6302
23.6295 49.5514
23.6317 49.4825
23.6339 49.4222
23.6363 49.4944
23.6382 49.5576
23.6404 49.6129
23.6425 49.6613
23.6449 49.5786
23.6468 49.5063
23.649 49.568
23.6514 49.622
23.6536 49.6692
23.6555 49.7106
23.6579 49.7468
23.6601 49.9034
23.662 49.9155
23.6637 49.8011
23.6651 49.7009
23.6675 49.6133
23.6694 49.5366
23.6718 49.4696
23.674 49.4109
23.6762 49.4845
23.6781 49.5489
23.68 49.7303
23.6822 49.889
23.6841 50.0279
23.686 50.2744
23.6879 50.3651
23.6899 50.4445
23.6918 50.6389
23.6935 50.809
23.6954 50.9579
23.6968 51.0882
23.6983 51.2022
23.6997 51.1769
23.7016 51.1548
23.705 51.1354
23.7079 51.1185
23.7103 51.1037
23.7124 51.0907
23.7141 50.9544
23.7165 50.7101
23.7189 50.3713
23.7213 50.0749
23.7235 49.8155
23.7257 49.4636
23.7276 49.1557
23.7298 48.7612
23.7317 48.416
23.7338 48.114
23.7355 47.8498
23.7374 47.6186
23.7396 47.4162
23.7415 47.2392
23.7437 47.0843
23.7459 46.9488
23.748 46.9552
23.7502 46.9608
23.7521 46.9657
23.7543 46.97
23.7562 46.9737
23.7583 46.977
23.7605 46.9799
23.7624 46.9824
23.7646 46.9846
23.7665 46.9865
23.7689 46.9882
23.7708 46.9897
23.773 47.116
23.7752 47.2265
23.7771 47.3232
23.7793 47.4078
23.7812 47.4818
23.7833 47.5466
23.7853 47.7282
23.7874 47.8872
23.7893 48.0263
23.791 48.148
23.7932 48.2545
23.7951 48.3477
23.7973 48.4292
23.7994 48.5006
23.8014 48.563
23.8035 48.6176
23.8055 48.6654
23.8076 48.7073
23.8095 48.7438
23.8117 48.7759
23.8136 48.8039
23.8155 48.8284
23.8177 48.8498
23.8196 48.8686
23.8218 48.885
23.8237 48.8994
23.8259 48.912
23.828 49.048
23.83 49.042
23.8321 49.1617
23.834 49.3915
23.836 49.4676
23.8379 49.5341
23.8398 49.5924
23.842 49.6433
23.8439 49.6879
23.8458 49.7269
23.8477 49.7611
23.8499 49.7909
23.8521 49.9421
23.8538 49.9493
23.8559 49.9556
23.8578 49.9612
23.86 50.091
23.8619 50.0797
23.8638 50.0697
23.866 50.186
23.8679 50.1627
23.8701 50.2674
23.8723 50.359
23.8742 50.4391
23.8768 50.5092
23.8792 50.6956
23.8816 50.9836
23.8838 51.2357
23.886 51.4562
23.8879 51.6492
23.89 51.943
23.8917 52.0752
23.8932 52.1908
23.8951 52.4169
23.8965 52.4898
23.8982 52.5536
23.8989 52.4844
23.9004 52.4238
23.9018 52.3708
23.9033 52.3245
23.9047 52.2839
23.9061 52.2484
23.9078 52.0924
23.909 52.0808
23.9105 51.9457
23.9119 51.8275
23.9134 51.7241
23.9165 51.5086
23.9189 51.32
23.921 51.155
23.9237 51.0106
23.9263 50.8843
23.929 50.6488
23.9314 50.5677
23.9343 50.4967
23.9369 50.4346
23.9393 50.3803
23.941 50.2077
23.9432 50.1818
23.9453 50.1591
23.947 50.0142
23.9489 49.8874
23.9506 49.7765
23.9528 49.6794
23.9544 49.5945
23.9566 49.5202
23.9583 49.4552
23.9602 49.3983
23.9617 49.2235
23.9636 49.1955
23.9655 49.1711
23.9674 49.1497
23.9693 49.131
23.9715 49.1146
23.9734 49.1003
23.9754 49.2128
23.9773 49.3112
23.9792 49.3973
23.9814 49.4726
23.9833 49.5385
23.985 49.4712
23.9871 49.6623
23.9891 49.8295
23.991 49.8508
23.9931 49.9945
23.9951 50.1202
23.9967 50.1051
23.9987 50.217
24.0004 50.3149
24.002 50.4005
24.0042 50.4755
24.0059 50.416
24.0076 50.489
24.0097 50.5529
24.0112 50.6088
24.0128 50.5327
24.015 50.5911
24.0169 50.5172
24.0186 50.5776
24.0208 50.6304
24.0225 50.6766
24.0246 50.717
24.0265 50.7524
24.0282 50.7833
24.0304 50.9354
24.0323 51.0685
24.034 51.0599
24.0362 51.1774
24.0378 51.1553
24.0398 51.1358
24.0419 51.2439
24.0436 51.3384
24.0455 51.4211
24.0477 51.4934
24.0496 51.5568
24.0515 51.6122
24.0535 51.7856
24.0551 51.9374
24.0571 52.0703
24.059 52.0615
24.0609 52.0538
24.0626 52.0471
24.0643 52.1662
24.0662 52.2704
24.0681 52.3616
24.0693 52.3164
24.0712 52.2769
24.0732 52.2422
24.0748 52.212
24.0768 52.1855
24.0789 52.1623
24.0809 52.142
24.0828 52.1242
24.0842 52.1087
24.0861 52.2201
24.0881 52.3176
24.0897 52.2779
24.0914 52.2432
24.0934 52.2128
24.0955 52.1862
24.0974 52.2879
24.0994 52.3769
24.1003 52.3298
24.1018 52.1636
24.1034 52.1431
24.1049 52.1252
24.1063 52.1096
24.1078 52.0959
24.1095 52.0839
24.1109 52.0734
24.1123 52.0642
24.1143 52.1812
24.1155 52.1586
24.1169 52.0137
24.1183 52.012
24.1195 51.8855
24.121 51.6498
24.1239 51.6936
24.126 51.4819
24.1282 51.2967
24.1304 51.1346
24.1325 50.8678
24.1349 50.6343
24.1371 50.43
24.1395 50.2512
24.1419 49.9698
24.1443 49.8486
24.1467 49.6175
24.1489 49.4153
24.1508 49.2384
24.1527 49.0836
24.1549 49.0732
24.1566 49.064
24.1585 49.056
24.1604 49.049
24.1623 49.0429
24.1642 49.1625
24.1657 49.1422
24.1669 48.9994
24.1683 48.8745
24.17 48.8902
24.1719 48.7789
24.1736 48.6816
24.1753 48.5964
24.177 48.5218
24.1787 48.4566
24.1806 48.3995
24.1825 48.3496
24.1842 48.4309
24.1859 48.377
24.1878 48.3299
24.1895 48.4137
24.1914 48.4869
24.1933 48.5511
24.195 48.6072
24.1969 48.6563
24.1986 48.6993
24.2003 48.7368
24.2025 48.7697
24.2041 48.9235
24.2058 48.9331
24.2077 48.9414
24.2094 49.0738
24.2114 49.1895
24.2133 49.2909
24.215 49.2545
24.2164 49.3477
24.2176 49.3042
24.2195 49.2662
24.2214 49.2329
24.2236 49.3288
24.2255 49.4127
24.2272 49.4861
24.2289 49.4253
24.2306 49.4972
24.2325 49.56
24.2342 49.615
24.2359 49.6631
24.2378 49.7053
24.2395 49.7421
24.2412 49.7743
24.2426 49.8025
24.2443 49.8272
24.246 49.7238
24.2476 49.6333
24.2496 49.6792
24.251 49.7193
24.2527 49.6294
24.2544 49.5507
24.2561 49.6069
24.258 49.531
24.2594 49.4646
24.2611 49.5315
24.2628 49.4651
24.2647 49.407
24.2666 49.3561
24.2685 49.4366
24.2702 49.507
24.2719 49.4436
24.2741 49.5132
24.276 49.574
24.2782 49.7523
24.2801 49.9082
24.282 50.0447
24.2842 50.2891
24.2859 50.378
24.2878 50.4557
24.2897 50.6488
24.2914 50.8177
24.2933 50.9655
24.2952 51.0948
24.2969 51.2079
24.2986 51.3069
24.2998 51.2686
24.301 51.11
24.3027 51.0962
24.3041 51.0842
24.3058 50.9487
24.3072 50.9551
24.3082 50.8357
24.3094 50.7312
24.3108 50.5148
24.3123 50.4505
24.3135 50.3942
24.3149 50.2199
24.3164 50.1924
24.3178 50.1684
24.3193 50.1473
24.3205 50.1289
24.3219 49.9878
24.3233 49.9893
24.325 50.1156
24.3262 50.1012
24.3284 50.0885
24.3301 50.0775
24.3339 49.9428
24.3361 49.9499
24.3385 49.9562
24.3406 49.8367
24.3426 49.7321
24.345 49.6406
24.3471 49.5605
24.3493 49.4904
24.3517 49.4291
24.3539 49.3755
24.3558 49.2036
24.3572 49.1781
24.3591 49.1558
24.3608 49.0114
24.3628 48.8849
24.3647 48.8993
24.3664 48.9119
24.368 48.9229
24.3697 48.9326
24.3714 48.941
24.3731 48.9484
24.3748 48.9548
24.3765 48.9605
24.3781 48.9654
24.3796 48.9697
24.3815 48.9735
24.3834 49.1018
24.3851 49.2141
24.3868 49.1873
24.3887 49.2889
24.3904 49.3778
24.3918 49.4556
24.3938 49.5236
24.3957 49.5832
24.3974 49.7603
24.3993 49.9152
24.401 50.0508
24.4026 50.1695
24.4043 50.2733
24.406 50.4891
24.4075 50.553
24.4091 50.6089
24.4111 50.7828
24.4127 50.8099
24.4142 50.9587
24.4159 50.9638
24.4173 50.9684
24.4187 50.9723
24.4204 50.9758
24.4221 51.1038
24.4236 51.0908
24.4252 51.0795
24.4269 51.0695
24.4284 51.0608
24.43 51.1782
24.4315 51.156
24.4332 51.1365
24.4348 51.1194
24.4363 51.1045
24.438 51.0914
24.4399 51.08
24.4416 51.07
24.4433 51.1862
24.4452 51.288
24.4469 51.377
24.4488 51.4548
24.4505 51.523
24.4522 51.7076
24.4538 51.7442
24.4555 51.7761
24.4574 51.9291
24.4591 52.063
24.4608 52.1801
24.4625 52.2826
24.4644 52.3723
24.4661 52.5757
24.4675 52.6288
24.469 52.6752
24.4707 52.7158
24.4723 52.7513
24.4738 52.7824
24.4755 52.8096
24.4771 52.9584
24.4791 53.0886
24.4808 53.0775
24.4824 53.1928
24.4844 53.2937
24.4863 53.507
24.4877 53.5686
24.4894 53.6226
24.4908 53.6697
24.4928 53.711
24.4942 53.8721
24.4959 53.8881
24.4976 53.9021
24.499 54.0393
24.5009 54.0344
24.5024 54.0301
24.5036 54.0264
24.505 54.0231
24.5065 54.0202
24.5081 54.0177
24.5096 53.8904
24.511 53.9041
24.5127 53.7911
24.5142 53.8172
24.5156 53.7151
24.517 53.7507
24.5182 53.6569
24.5192 53.5747
24.5202 53.5029
24.5214 53.44
24.5226 53.26
24.524 53.2275
24.5252 53.1991
24.5269 53.0492
24.5283 52.9181
24.5303 52.9283
24.5319 52.8123
24.5334 52.7107
24.5353 52.6219
24.537 52.5441
24.5396 52.6011
24.5416 52.401
24.5437 52.2259
24.5459 52.0726
24.5478 51.9386
24.5502 51.8212
24.5524 51.7186
24.5545 51.6288
24.5565 51.5502
24.5586 51.4814
24.5608 51.4212
24.5629 51.3686
24.5651 51.3225
24.5668 51.2822
24.5685 51.2469
24.5704 51.216
24.5718 51.189
24.5735 51.1654
24.575 51.1447
24.5766 51.1266
24.5783 51.1108
24.58 51.222
24.5814 51.1942
24.5829 51.1699
24.5843 51.1487
24.586 51.2551
24.5875 51.2232
24.5889 51.1953
24.5903 51.1709
24.5918 51.0245
24.5935 51.0215
24.5949 50.8938
24.5966 50.9071
24.598 50.9187
24.5997 50.9288
24.6012 50.9377
24.6028 50.8205
24.6043 50.843
24.606 50.7376
24.6076 50.7704
24.6091 50.7991
24.6108 50.8242
24.6124 50.8462
24.6141 50.9904
24.6158 50.9916
24.6175 50.9927
24.6192 51.1186
24.6209 51.1037
24.6225 51.2158
24.6242 51.3138
24.6259 51.3996
24.6276 51.4746
24.629 51.6653
24.6307 51.7071
24.6324 51.7437
24.6341 51.9008
24.6358 51.9132
24.6374 52.049
24.6391 52.1679
24.6408 52.2719
24.6425 52.3629
24.6439 52.3176
24.6456 52.4029
24.6471 52.4775
24.6487 52.5428
24.6502 52.6
24.6519 52.65
24.6535 52.6937
24.655 52.732
24.6564 52.7655
24.6581 52.7948
24.6598 52.8205
24.6612 52.8429
24.6629 52.8625
24.6644 52.8797
24.666 53.0198
24.6677 53.0173
24.6694 53.0151
24.6711 53.1382
24.6728 53.121
24.6744 53.2308
24.6761 53.327
24.6776 53.4111
24.679 53.4847
24.6809 53.5491
24.6829 53.6055
24.6843 53.6548
24.6862 53.8229
24.6877 53.8451
24.6891 53.9894
24.691 54.1158
24.6922 54.2263
24.6939 54.198
24.6956 54.2983
24.6973 54.386
24.6987 54.3377
24.7002 54.4205
24.7018 54.3679
24.7035 54.447
24.7045 54.3911
24.7059 54.3422
24.7071 54.2994
24.7088 54.137
24.71 54.1199
24.7115 53.9799
24.7127 53.8574
24.7141 53.7502
24.7158 53.6564
24.717 53.4494
24.7184 53.3932
24.7199 53.2191
24.7211 53.1917
24.7225 53.0427
24.7237 52.9124
24.7252 52.9233
24.7261 52.9329
24.7278 52.8163
24.729 52.8393
24.73 52.6094
24.7314 52.5332
24.7328 52.3415
24.7343 52.1738
24.7362 52.1521
24.7379 52.0081
24.7393 51.8821
24.7413 51.8968
24.7429 51.7847
24.7458 51.9366
24.748 51.8196
24.7499 51.7171
24.7521 51.7525
24.754 51.6584
24.7559 51.5761
24.7578 51.3791
24.7598 51.2067
24.7617 51.0559
24.7634 50.9239
24.7653 50.8084
24.767 50.5823
24.7689 50.3846
24.7706 50.2115
24.772 50.185
24.7735 50.0369
24.7749 49.9073
24.7763 49.7939
24.7778 49.5697
24.7795 49.4984
24.7807 49.3111
24.7821 49.2722
24.7838 49.1132
24.7855 49.0991
24.7869 48.9617
24.7886 48.9665
24.7903 48.9707
24.7917 48.9743
24.7934 48.9775
24.7948 48.9803
24.7965 48.9828
24.798 48.9849
24.7997 48.9868
24.8013 49.1135
24.803 49.2243
24.8045 49.3213
24.8061 49.4061
24.8078 49.4803
24.8095 49.5453
24.8107 49.6021
24.8124 49.6519
24.8141 49.8204
24.8158 49.8428
24.8172 49.9875
24.8189 49.989
24.8203 50.1154
24.8218 50.101
24.8234 50.2134
24.8246 50.1867
24.8261 50.2884
24.8278 50.2523
24.8292 50.3458
24.8307 50.3025
24.8323 50.3897
24.8338 50.341
24.8355 50.4234
24.8371 50.4955
24.8383 50.5585
24.84 50.6137
24.8417 50.662
24.8432 50.7042
24.8448 50.7412
24.8463 50.7736
24.848 50.8019
24.8496 50.8266
24.8511 50.8483
24.8528 50.8673
24.8542 50.8839
24.8556 50.8984
24.8573 50.9111
24.859 51.0472
24.8605 51.0413
24.8621 51.1611
24.8636 51.141
24.8653 51.2484
24.8669 51.2173
24.8684 51.3152
24.8698 51.2758
24.8713 51.3663
24.873 51.3205
24.8744 51.4054
24.8758 51.3548
24.8775 51.4354
24.879 51.381
24.8804 51.4584
24.8823 51.5261
24.884 51.7103
24.8854 51.7465
24.8874 51.9032
24.8891 52.0403
24.8905 52.1603
24.8924 52.2652
24.8939 52.3571
24.8953 52.4374
24.897 52.5078
24.8984 52.5693
24.8999 52.6231
24.9013 52.6702
24.903 52.7115
24.9044 52.7475
24.9059 52.7791
24.9068 52.6817
24.9083 52.7215
24.9097 52.6313
24.9112 52.6774
24.9126 52.5927
24.914 52.6436
24.9152 52.5632
24.9167 52.4928
24.9184 52.4312
24.9198 52.3773
24.9213 52.3301
24.9227 52.1639
24.9239 52.0184
24.9251 51.8911
24.9268 51.7797
24.9277 51.6822
24.9289 51.4719
24.9304 51.413
24.9314 51.3613
24.9328 51.3162
24.934 51.2766
24.9352 51.2421
24.9364 51.2118
24.9376 51.1853
24.939 51.2872
24.9405 51.2513
24.9424 51.2199
24.9438 51.0674
24.945 51.059
24.947 51.0516
24.9482 51.0451
24.9496 50.9145
24.9523 51.0502
24.9539 50.9189
24.9559 50.679
24.9578 50.4692
24.9597 50.2855
24.9616 50.1248
24.9636 49.9842
24.9655 49.8612
24.9676 49.7535
24.9696 49.6594
24.9715 49.5769
24.9736 49.5048
24.9756 49.4417
24.977 49.5115
24.9785 49.4476
24.9801 49.5166
24.9818 49.452
24.9835 49.5205
24.9849 49.4555
24.9864 49.5235
24.9878 49.4581
24.9893 49.5258
24.9907 49.4601
24.9924 49.5276
24.9936 49.4616
24.995 49.5289
24.9967 49.5878
24.9979 49.5143
24.9994 49.575
25.001 49.6282
25.0025 49.6746
25.0039 49.5903
25.0056 49.6415
25.0068 49.5613
25.0085 49.6162
25.0099 49.6641
25.0116 49.7061
25.0131 49.8679
25.0145 49.8844
25.0162 50.0238
25.0179 50.0208
25.0191 50.1432
25.0207 50.1253
25.0224 50.2347
25.0239 50.3303
25.0256 50.414
25.027 50.4873
25.0284 50.5514
25.0301 50.7325
25.0318 50.7659
25.033 50.9202
25.0347 50.9301
25.0364 51.0639
25.0378 51.1809
25.0395 51.2833
25.0405 51.3729
25.0421 51.4513
25.0436 51.5198
25.045 51.5799
25.0467 51.6324
25.0479 51.5533
25.0493 51.6092
25.0508 51.658
25.0525 51.7008
25.0539 51.7382
25.0554 51.7709
25.0568 51.7995
25.0582 51.8246
25.0599 51.8465
25.0614 51.8657
25.0628 51.8825
25.0642 52.0222
25.0659 52.0194
25.0674 52.142
25.0691 52.2492
25.0705 52.3431
25.0719 52.3002
25.0736 52.3877
25.0751 52.4642
25.0767 52.5312
25.0779 52.5898
25.0796 52.6411
25.0811 52.8109
25.0828 52.8346
25.0842 52.9802
25.0859 52.9827
25.0873 53.1099
25.0892 53.2211
25.0907 53.3185
25.0921 53.5287
25.0938 53.5876
25.0955 53.7641
25.0972 53.9186
25.0984 54.0538
25.1001 54.1721
25.1015 54.2756
25.1029 54.2411
25.1044 54.336
25.1056 54.419
25.1073 54.4916
25.1087 54.5552
25.1104 54.6108
25.1114 54.6594
25.1126 54.577
25.1138 54.5049
25.115 54.3168
25.1159 54.1522
25.1171 54.1331
25.1183 53.9915
25.1198 53.8676
25.121 53.6341
25.1224 53.5548
25.1236 53.3605
25.125 53.3154
25.1262 53.276
25.1275 53.1165
25.1287 52.9769
25.1301 52.8548
25.1313 52.748
25.1325 52.5295
25.1337 52.3383
25.1349 52.171
25.1366 52.1496
25.1378 52.1309
25.1395 52.1146
25.1414 52.1002
25.1426 52.0877
25.1443 52.0767
25.146 52.0671
25.1479 52.0588
25.1496 52.0514
25.1508 52.045
25.1524 52.0394
25.1541 52.1594
25.1558 52.2645
25.1573 52.3564
25.1585 52.4369
25.1613 52.5073
25.1633 52.5689
25.1649 52.4978
25.1669 52.4355
25.1683 52.3811
25.1702 52.3335
25.1719 52.1668
25.1738 52.0209
25.1758 51.8933
25.1777 51.7816
25.1794 51.8089
25.1813 51.8328
25.1832 51.8537
25.1846 51.747
25.1858 51.6536
25.1873 51.5719
25.1887 51.5004
25.1902 51.4379
25.1919 51.3831
25.1931 51.3353
25.1947 51.2933
25.1962 51.3817
25.1976 51.334
25.1993 51.4172
25.2003 51.3651
25.2015 51.3194
25.2027 51.2795
25.2044 51.2446
25.2058 51.214
25.2072 51.1872
25.2087 51.1638
25.2099 51.1434
25.2116 51.1254
25.213 51.2348
25.2147 51.2054
25.2159 51.1797
25.2176 51.1573
25.219 51.2626
25.2205 51.3548
25.2217 51.3104
25.2233 51.3966
25.2248 51.3471
25.2262 51.4287
25.2277 51.5001
25.2291 51.5626
25.2308 51.6173
25.2322 51.6651
25.2337 51.707
25.2351 51.7436
25.2366 51.7756
25.2382 51.9287
25.2394 51.9376
25.2409 51.9454
25.2426 51.9522
25.244 52.0832
25.2454 52.1978
25.2469 52.1731
25.2486 52.2764
25.25 52.3669
25.2515 52.446
25.2529 52.5153
25.2541 52.5759
25.2553 52.6289
25.2567 52.5503
25.2584 52.6065
25.2599 52.5307
25.2613 52.5893
25.2628 52.6407
25.2642 52.6856
25.2659 52.7249
25.2671 52.7593
25.2688 52.7894
25.2704 52.9407
25.2721 53.0731
25.2733 53.189
25.2748 53.1653
25.2764 53.2697
25.2779 53.236
25.2791 53.3315
25.2808 53.415
25.2825 53.4882
25.2837 53.5521
25.2851 53.6081
25.2865 53.6571
25.288 53.7
25.2897 53.7375
25.2909 53.7703
25.2921 53.799
25.2938 53.8241
25.295 53.7211
25.2964 53.756
25.2978 53.7865
25.299 53.8132
25.3005 53.8365
25.3017 53.732
25.3036 53.7655
25.3048 53.7948
25.306 53.8204
25.3077 53.8429
25.3089 53.7375
25.3101 53.7703
25.3115 53.799
25.3123 53.6992
25.3135 53.6118
25.3149 53.4103
25.3161 53.359
25.3178 53.1891
25.319 53.0405
25.3204 53.0354
25.3216 52.906
25.3233 52.7927
25.3245 52.6937
25.326 52.4819
25.3272 52.4217
25.3286 52.244
25.3298 52.0885
25.3312 51.9524
25.3327 51.8334
25.3341 51.7292
25.3353 51.638
25.337 51.6833
25.3382 51.5979
25.3394 51.5231
25.3404 51.4578
25.3413 51.4005
25.3428 51.3505
25.344 51.3067
25.3454 51.2683
25.3466 51.2348
25.3481 51.3304
25.3493 51.2891
25.3507 51.253
25.3522 51.2214
25.3538 51.1937
25.3553 51.1695
25.3565 51.1483
25.3579 51.1298
25.3594 51.1135
25.3603 51.0993
25.3618 51.0869
25.3634 51.0761
25.3654 51.0666
25.3673 51.0582
25.369 50.926
25.3709 50.8102
25.3726 50.8339
25.3743 50.8547
25.3762 50.8729
25.3781 50.8887
25.3798 50.7777
25.3817 50.6804
25.3836 50.5954
25.3853 50.521
25.3872 50.4558
25.3887 50.3989
25.3904 50.349
25.3918 50.3054
25.393 50.2672
25.3944 50.2338
25.3959 50.2046
25.3973 50.179
25.3985 50.1566
25.4 50.0121
25.4017 50.0105
25.4029 50.0092
25.4043 50.0081
25.4057 50.0071
25.4069 49.8812
25.4084 49.896
25.4098 49.909
25.411 49.9204
25.4125 49.9303
25.4139 49.8141
25.4154 49.8373
25.4168 49.8576
25.4182 49.8754
25.4199 49.891
25.4211 49.9046
25.4226 49.9165
25.4242 50.052
25.4254 50.0455
25.4271 50.1648
25.4286 50.1442
25.43 50.2512
25.4315 50.3448
25.4329 50.3017
25.4346 50.389
25.4358 50.4653
25.4372 50.5322
25.4389 50.5907
25.4401 50.6418
25.4418 50.6866
25.4435 50.8508
25.4449 50.8694
25.4464 51.0107
25.448 51.1344
25.4495 51.2426
25.4507 51.3373
25.4521 51.4201
25.4538 51.4926
25.455 51.556
25.4564 51.6115
25.4579 51.6601
25.4593 51.7026
25.4605 51.7397
25.462 51.7723
25.4632 51.8007
25.4641 51.8257
25.4656 51.7224
25.467 51.7571
25.4685 51.7875
25.4697 51.6891
25.4711 51.7279
25.4726 51.6369
25.474 51.5573
25.4752 51.6127
25.4766 51.5361
25.4781 51.5941
25.4793 51.5198
25.4807 51.4548
25.4822 51.523
25.4836 51.4576
25.485 51.5254
25.4865 51.5847
25.4879 51.5116
25.4896 51.5727
25.4913 51.6261
25.493 51.6728
25.4944 51.8387
25.4959 51.8589
25.4975 52.0015
25.4987 52.0013
25.5002 52.1262
25.5016 52.2354
25.5031 52.331
25.5045 52.4146
25.506 52.3628
25.5076 52.4424
25.5088 52.5121
25.5103 52.5731
25.512 52.6265
25.5132 52.6732
25.5144 52.714
25.5156 52.7498
25.5168 52.656
25.5177 52.574
25.5192 52.6273
25.5201 52.5489
25.5216 52.4803
25.5228 52.2952
25.524 52.1333
25.5252 52.1167
25.5264 51.9771
25.5276 51.8549
25.529 51.7481
25.5302 51.6546
25.5314 51.5727
25.5326 51.3761
25.5338 51.2041
25.535 51.0536
25.5367 50.9219
25.5379 50.8067
25.5394 50.7058
25.5408 50.6176
25.542 50.6654
25.5432 50.5822
25.5444 50.5095
25.5458 50.4458
25.5471 50.515
25.5483 50.5757
25.5495 50.6287
25.5507 50.6751
25.5523 50.8407
25.5538 50.8606
25.5555 51.0031
25.5567 51.0027
25.5586 51.1273
25.5598 51.1114
25.5612 51.2225
25.5629 51.3197
25.5644 51.4047
25.5656 51.4791
25.5668 51.5442
25.5687 51.6012
25.5706 51.6511
25.5725 51.6947
25.574 51.6078
25.5759 51.5319
25.5778 51.4654
25.5793 51.5322
25.5812 51.5907
25.5826 51.5168
25.5845 51.4522
25.5862 51.3957
25.5879 51.2212
25.5898 51.0686
25.5915 51.06
25.593 50.9275
25.5942 50.8116
25.5958 50.7101
25.597 50.7464
25.5985 50.6531
25.5999 50.5714
25.6014 50.625
25.6026 50.5469
25.6042 50.6035
25.6054 50.6531
25.6069 50.5714
25.6083 50.625
25.6098 50.6719
25.6112 50.7129
25.6124 50.7488
25.6139 50.7802
25.6153 50.8077
25.6167 50.8317
25.6182 50.9777
25.6196 50.9805
25.6213 51.108
25.6228 51.2195
25.624 51.192
25.6254 51.293
25.6268 51.3814
25.6283 51.4587
25.6295 51.5264
25.6309 51.5856
25.6321 51.6374
25.6338 51.6827
25.6352 51.8474
25.6364 51.8665
25.6379 51.8831
25.6389 51.8978
25.6403 51.9105
25.6417 51.9217
25.6429 51.9315
25.6444 51.9401
25.6456 51.9476
25.647 52.0791
25.6485 52.0692
25.6497 52.0606
25.6511 52.178
25.6526 52.1557
25.6538 52.1363
25.655 52.1192
25.6562 52.1043
25.6576 52.0913
25.659 52.2049
25.6605 52.1793
25.6619 52.1569
25.6631 52.2623
25.6648 52.3545
25.6662 52.4352
25.6675 52.5058
25.6691 52.6925
25.6706 52.731
25.6718 52.7646
25.6732 52.919
25.6747 52.9291
25.6761 53.063
25.6773 53.1801
25.6787 53.1576
25.6802 53.2629
25.6814 53.355
25.6828 53.3107
25.6843 53.3968
25.6857 53.4722
25.6869 53.4132
25.6886 53.4865
25.6898 53.5507
25.6912 53.6069
25.6924 53.656
25.6941 53.824
25.6956 53.846
25.697 53.9903
25.6985 54.1165
25.6997 54.1019
25.7009 54.0892
25.7023 54.203
25.7037 54.1777
25.7049 54.1554
25.7064 54.261
25.7078 54.2284
25.709 54.3248
25.7102 54.4092
25.7119 54.3581
25.7129 54.3133
25.7143 54.3992
25.7158 54.3493
25.7167 54.3056
25.7177 54.2674
25.7191 54.234
25.7203 54.2047
25.7215 54.1791
25.7227 54.0317
25.7242 54.0278
25.7254 54.0243
25.7266 53.8963
25.7278 53.7842
25.7295 53.6862
25.7307 53.6004
25.7319 53.5254
25.7333 53.4597
25.7345 53.4022
25.7357 53.352
25.7369 53.183
25.7383 53.1601
25.7395 53.0151
25.7407 52.8882
25.7424 52.9022
25.7436 52.7894
25.7448 52.6907
25.7463 52.6044
25.7475 52.5288
25.7489 52.3377
25.7501 52.2955
25.7513 52.2586
25.7525 52.2263
25.7535 52.198
25.7549 52.1732
25.7561 52.2766
25.7573 52.367
25.7588 52.3211
25.7602 52.406
25.7614 52.3552
25.7629 52.3108
25.7643 52.397
25.7655 52.4724
25.7669 52.4133
25.7684 52.4866
25.7698 52.5508
25.771 52.732
25.7722 52.7655
25.7737 52.7948
25.7749 52.8204
25.7775 52.8429
25.7792 52.9875
25.7811 53.1141
25.7826 53.0998
25.7842 53.0873
25.7859 52.9514
25.7876 52.9575
25.7893 52.9628
25.791 52.8425
25.7924 52.7371
25.7943 52.77
25.7958 52.6738
25.7977 52.5895
25.7991 52.5158
25.8006 52.4514
25.802 52.3949
25.8032 52.3456
25.8044 52.3024
25.8059 52.1396
25.8071 52.1221
25.8085 52.1069
25.8097 51.9685
25.8109 51.8474
25.8119 51.7415
25.8133 51.6488
25.8145 51.5677
25.816 51.4968
25.8172 51.4347
25.8186 51.3803
25.8196 51.3328
25.821 51.2912
25.8222 51.2548
25.8234 51.2229
25.8246 51.1951
25.8261 51.1707
25.8275 51.1494
25.8287 51.1307
25.8301 51.1143
25.8313 51.1001
25.8328 51.0875
25.8342 51.0766
25.8354 51.067
25.8369 51.0586
25.8381 51.0513
25.8398 51.0449
25.841 51.0393
25.8424 51.1594
25.8438 51.1395
25.845 51.247
25.8467 51.3411
25.8479 51.2985
25.8494 51.3862
25.8508 51.4629
25.852 51.53
25.8537 51.5888
25.8549 51.6402
25.8563 51.6852
25.8575 51.7245
25.859 51.759
25.8607 51.7891
25.8619 51.8154
25.8633 51.9635
25.8645 52.0931
25.8662 52.2064
25.8674 52.3056
25.8686 52.3924
25.87 52.4684
25.8712 52.5348
25.8727 52.593
25.8739 52.5189
25.8753 52.579
25.8768 52.6316
25.878 52.5527
25.8794 52.6086
25.8806 52.6575
25.8818 52.7003
25.8835 52.7378
25.8845 52.7706
25.8859 52.7992
25.8871 52.8243
25.8888 52.8463
25.89 52.8655
25.8912 52.8823
25.8926 52.897
25.8941 53.0349
25.8955 53.0305
25.8972 53.1517
25.8986 53.2578
25.8998 53.2255
25.901 53.3223
25.9025 53.407
25.9037 53.4812
25.9051 53.546
25.9063 53.6028
25.908 53.7774
25.9092 53.8052
25.9107 53.8296
25.9119 53.8509
25.9131 53.8695
25.9145 53.8858
25.9157 53.9001
25.9171 53.9126
25.9179 53.7985
25.9193 53.8237
25.9205 53.8457
25.9217 53.74
25.9227 53.6475
25.9239 53.5666
25.9251 53.4958
25.9263 53.4338
25.9275 53.3796
25.9287 53.2071
25.9299 53.0562
25.9311 53.0492
25.932 52.918
25.9332 52.8033
25.9347 52.7029
25.9354 52.49
25.9368 52.3038
25.9381 52.2658
25.9393 52.1076
25.9407 51.9691
25.9419 51.848
25.9431 51.742
25.9443 51.6492
25.9457 51.5681
25.9477 51.4971
25.9489 51.4349
25.9503 51.3806
25.9517 51.333
25.953 51.2914
25.9544 51.255
25.9556 51.2231
25.9568 51.1952
25.958 51.1708
25.9592 51.2744
25.9604 51.3651
25.9618 51.4445
25.963 51.5139
25.9645 51.5747
25.9659 51.6279
25.9671 51.6744
25.9688 51.7151
25.97 51.8757
25.9712 52.0162
25.9729 52.1392
25.9741 52.2468
25.9753 52.3409
25.9765 52.4233
25.9782 52.6204
25.9791 52.7929
25.9806 52.9438
25.9818 52.9508
25.9837 53.0819
25.9856 53.1967
25.9871 53.2971
25.9888 53.26
25.99 53.1025
25.9916 53.0897
25.9931 53.0785
25.9945 52.9436
25.9964 52.8257
25.9979 52.7225
25.9996 52.6322
26.001 52.5531
26.0027 52.359
26.0044 52.3141
26.0061 52.2749
26.0075 52.1155
26.0087 51.9761
26.0099 51.7291
26.0111 51.6379
26.0126 51.5582
26.014 51.4884
26.0154 51.4274
26.0166 51.3739
26.0178 51.3272
26.0193 51.2863
26.0205 51.2505
26.0219 51.2192
26.0234 51.1918
26.0246 51.1678
26.0258 51.1468
26.027 51.1285
26.0282 51.1124
26.0299 51.0984
26.0311 51.2111
26.0325 51.1847
26.0337 51.1616
26.0351 51.2664
26.0366 51.2331
26.038 51.329
26.0392 51.4128
26.0407 51.4862
26.0416 51.4255
26.0431 51.4973
26.0445 51.5601
26.0455 51.4901
26.0469 51.4288
26.0481 51.5002
26.0498 51.4377
26.0508 51.383
26.0524 51.4601
26.0534 51.5276
26.0548 51.4616
26.0563 51.5289
26.0575 51.5878
26.0589 51.5143
26.0601 51.5751
26.0616 51.6282
26.063 51.6746
26.0645 51.7153
26.0657 51.7509
26.0671 51.907
26.0685 51.9187
26.0697 51.9288
26.0712 52.0627
26.0724 52.0549
26.0741 52.173
26.0753 52.2764
26.0767 52.3668
26.0779 52.321
26.0794 52.4059
26.0808 52.4801
26.0822 52.5451
26.0837 52.602
26.0849 52.6517
26.0863 52.6953
26.0875 52.7334
26.089 52.7667
26.0904 52.9208
26.0919 52.9307
26.0931 53.0644
26.0945 53.1813
26.0957 53.1587
26.0971 53.2638
26.0988 53.3559
26.0998 53.3114
26.1012 53.3975
26.1024 53.4728
26.1041 53.6637
26.1051 53.7057
26.1065 53.7425
26.1077 53.7747
26.1089 53.6779
26.1104 53.7181
26.1118 53.7534
26.113 53.9092
26.1142 53.9205
26.1156 53.9305
26.1168 53.9392
26.1183 53.9468
26.119 53.9534
26.1202 53.9592
26.1214 53.8393
26.1226 53.7344
26.1238 53.6426
26.125 53.6873
26.1262 53.6014
26.1277 53.5262
26.1289 53.4604
26.1301 53.4029
26.1313 53.3525
26.1325 53.3084
26.1334 53.1449
26.1346 53.0018
26.1358 52.8766
26.1373 52.892
26.1385 52.7805
26.1397 52.6829
26.1409 52.5976
26.1423 52.5229
26.1438 52.4575
26.1452 52.4003
26.1469 52.3503
26.1481 52.4315
26.1493 52.3776
26.151 52.3304
26.1522 52.2891
26.1534 52.2529
26.1548 52.2213
26.1565 52.1936
26.1575 52.1694
26.1589 52.1483
26.1601 52.1297
26.1615 52.1135
26.1628 52.0993
26.1637 52.0869
26.1647 52.076
26.1656 52.0665
26.1668 52.0582
26.1678 52.0509
26.1692 52.1696
26.1704 52.1484
26.1716 52.1298
26.1726 52.1136
26.174 52.2244
26.1752 52.3214
26.1764 52.4062
26.1779 52.3554
26.1789 52.311
26.1803 52.3971
26.1815 52.4725
26.1829 52.4134
26.1841 52.4867
26.1853 52.5509
26.1863 52.607
26.1877 52.6562
26.1901 52.6991
26.1918 52.6117
26.1933 52.6603
26.1947 52.5777
26.1966 52.5055
26.1983 52.5673
26.1998 52.4964
26.2014 52.4344
26.2031 52.3801
26.2048 52.3326
26.2065 52.291
26.2077 52.1296
26.2094 51.9884
26.2111 51.9899
26.2125 51.8661
26.2139 51.7579
26.2149 51.5381
26.2161 51.4709
26.2171 51.412
26.2185 51.2355
26.2197 51.0811
26.2209 50.9459
26.2223 50.8277
26.2233 50.7242
26.2248 50.6337
26.226 50.5545
26.2274 50.4852
26.2286 50.4245
26.2296 50.3715
26.231 50.45
26.2322 50.3938
26.2336 50.3446
26.2348 50.3015
26.236 50.3888
26.2372 50.3402
26.2385 50.2977
26.2399 50.2605
26.2413 50.2279
26.2428 50.1994
26.244 50.1745
26.2454 50.2777
26.2466 50.243
26.2481 50.3376
26.2493 50.4204
26.2507 50.4928
26.2519 50.4312
26.2534 50.5023
26.2546 50.5645
26.256 50.494
26.2572 50.5572
26.2586 50.6126
26.2598 50.661
26.2613 50.7034
26.2625 50.7405
26.2639 50.7729
26.2651 50.9263
26.2666 50.9355
26.2678 50.9436
26.2692 51.0756
26.2704 51.0662
26.2719 51.0579
26.2731 51.1757
26.2743 51.2787
26.2755 51.2439
26.2767 51.2134
26.2781 51.3117
26.2793 51.3977
26.2807 51.348
26.2817 51.3045
26.2832 51.3915
26.2844 51.4675
26.2858 51.4091
26.287 51.3579
26.2882 51.4382
26.2894 51.3834
26.2908 51.3355
26.292 51.4186
26.2937 51.4912
26.2952 51.5548
26.2966 51.6105
26.2981 51.7842
26.2995 51.9361
26.3012 52.0691
26.3021 52.1855
26.3033 52.2873
26.3048 52.2514
26.306 52.22
26.3074 52.3175
26.3086 52.4028
26.3098 52.3524
26.3113 52.4334
26.3125 52.5042
26.3139 52.5662
26.3151 52.6204
26.3163 52.6679
26.3178 52.7094
26.3187 52.6207
26.3197 52.5431
26.3211 52.6002
26.3223 52.6502
26.3235 52.5689
26.325 52.4978
26.3259 52.4356
26.3271 52.5061
26.3281 52.4429
26.3293 52.3875
26.3305 52.3391
26.3317 52.2967
26.3329 52.1346
26.3336 51.9928
26.3351 51.9937
26.336 51.8695
26.3372 51.7608
26.3384 51.6657
26.3394 51.5825
26.3403 51.3847
26.3413 51.2116
26.3425 51.0601
26.344 50.9276
26.3452 50.8117
26.3464 50.7102
26.3476 50.6214
26.349 50.4187
26.3504 50.3664
26.3516 50.3206
26.3528 50.1555
26.354 50.1361
26.3552 50.1191
26.3567 50.1042
26.3579 49.9662
26.3591 49.9704
26.3603 49.9741
26.3617 49.9773
26.3629 49.8552
26.3644 49.8733
26.3656 49.8891
26.3668 49.903
26.368 49.9151
26.3692 50.0507
26.3701 50.0444
26.3713 50.0388
26.3725 50.034
26.3738 50.0297
26.3752 50.151
26.3764 50.2571
26.3776 50.35
26.3788 50.4312
26.38 50.5023
26.3814 50.6895
26.3826 50.7283
26.3841 50.8873
26.385 51.0264
26.3862 51.1481
26.3874 51.2546
26.3887 51.3478
26.3899 51.4293
26.3911 51.6256
26.3923 51.7974
26.3935 51.9477
26.3944 52.0793
26.3961 52.3194
26.3975 52.4044
26.3992 52.4789
26.4007 52.419
26.4021 52.4916
26.4036 52.4302
26.4052 52.3764
26.4067 52.3294
26.4081 52.2882
26.4096 52.1272
26.4112 52.1113
26.4129 51.9724
26.4144 51.8508
26.4158 51.7445
26.4175 51.6514
26.4187 51.445
26.4201 51.3894
26.4213 51.3407
26.4228 51.2981
26.424 51.1358
26.4254 51.1189
26.4266 51.104
26.4278 51.091
26.4293 51.0796
26.4305 51.0697
26.4317 51.061
26.4331 51.1783
26.4341 51.281
26.4353 51.2459
26.4365 51.2152
26.4377 51.1883
26.4391 51.2897
26.4403 51.2535
26.4415 51.2218
26.4427 51.1941
26.4439 51.1698
26.4449 51.0236
26.4461 51.0207
26.4475 51.0181
26.4487 51.0158
26.4502 51.1388
26.4514 51.1215
26.4526 51.1063
26.454 51.218
26.4552 51.3158
26.4567 51.2763
26.4579 51.2418
26.4588 51.2115
26.4603 51.3101
26.4615 51.3963
26.4629 51.3468
26.4641 51.4284
26.4653 51.4999
26.4668 51.5624
26.468 51.4921
26.4694 51.5556
26.4706 51.6111
26.4718 51.6597
26.473 51.7023
26.4742 51.7395
26.4756 51.7721
26.4768 51.8005
26.478 51.9505
26.4795 51.9567
26.4807 51.9621
26.4821 52.0918
26.4833 52.2053
26.4845 52.1797
26.486 52.1572
26.4869 52.1376
26.4884 52.2454
26.4896 52.2147
26.4908 52.1879
26.4922 52.2894
26.4934 52.3782
26.4949 52.4559
26.4963 52.5239
26.4978 52.5834
26.4992 52.7605
26.5006 52.9154
26.5021 53.051
26.5033 53.1696
26.5047 53.2734
26.5059 53.3643
26.5074 53.4437
26.5086 53.5133
26.5098 53.5741
26.5107 53.6273
26.5122 53.7989
26.5134 53.8241
26.5146 53.846
26.516 53.9903
26.517 53.9915
26.5184 53.9926
26.5196 53.9935
26.5203 53.9943
26.5211 53.995
26.5223 53.8706
26.5232 53.7618
26.5242 53.6666
26.5254 53.5833
26.5266 53.5104
26.5278 53.3216
26.5285 53.1564
26.5297 53.0118
26.5309 52.8853
26.5321 52.7747
26.5331 52.6778
26.534 52.5931
26.5352 52.519
26.5364 52.3291
26.5374 52.163
26.5386 52.0176
26.5396 51.8904
26.5408 51.7791
26.542 51.5567
26.5432 51.4871
26.5444 51.4262
26.5458 51.3729
26.5473 51.3263
26.5485 51.2855
26.5501 51.2498
26.5516 51.2186
26.553 51.1913
26.5542 51.1674
26.5557 51.1465
26.5569 51.1281
26.5583 51.1121
26.5598 51.0981
26.561 51.0858
26.5622 51.0751
26.5636 51.0657
26.5648 51.0575
26.5662 51.1753
26.5674 51.1534
26.5689 51.1342
26.5701 51.2425
26.5713 51.3371
26.5725 51.42
26.5732 51.4925
26.5744 51.5559
26.5756 51.6114
26.5766 51.66
26.5778 51.7025
26.579 51.7397
26.5799 51.7722
26.5811 51.9257
26.5823 52.06
26.5833 52.1775
26.5845 52.2803
26.5857 52.3703
26.5864 52.449
26.5876 52.5179
26.5888 52.5781
26.5898 52.6309
26.591 52.802
26.5922 52.9518
26.5934 53.0828
26.5944 53.1974
26.5956 53.2978
26.5968 53.3855
26.598 53.4623
26.6004 53.7795
26.6021 53.8071
26.6035 53.8312
26.6049 53.7273
26.6066 53.7614
26.6083 53.7912
26.6097 53.6923
26.6112 53.7308
26.6129 53.6394
26.6146 53.5595
26.616 53.4896
26.6174 53.4284
26.6189 53.3748
26.6206 53.328
26.622 53.287
26.6234 53.2511
26.6246 53.0947
26.6256 52.9579
26.6268 52.8381
26.628 52.8584
26.6292 52.7511
26.6304 52.6572
26.6316 52.575
26.6326 52.5032
26.634 52.5653
26.6352 52.4946
26.6362 52.4328
26.6374 52.3787
26.6386 52.3313
26.6398 52.1649
26.641 52.0193
26.6419 51.8919
26.6431 51.9054
26.6444 51.9172
26.6456 51.8026
26.647 51.7023
26.648 51.6145
26.6492 51.6627
26.6504 51.7048
26.6518 51.6167
26.653 51.6646
26.6542 51.7066
26.6556 51.7432
26.6568 51.6503
26.658 51.694
26.6595 51.7323
26.6607 51.7657
26.6619 51.795
26.6633 51.8206
26.6645 51.8431
26.6657 51.8627
26.6672 52.0048
26.6684 52.1292
26.6696 52.1131
26.671 52.2239
26.6722 52.321
26.6734 52.4058
26.6749 52.3551
26.6761 52.4357
26.6773 52.5063
26.679 52.568
26.6802 52.747
26.6816 52.7786
26.6828 52.8063
26.6838 52.8305
26.6852 52.9767
26.6864 53.1046
26.6876 53.0915
26.6891 53.2051
26.69 53.3044
26.6912 53.3914
26.6927 53.3425
26.6939 53.2997
26.6951 53.3872
26.6963 53.4638
26.6972 53.5308
26.6984 53.4645
26.6999 53.4064
26.7011 53.4806
26.7025 53.5455
26.7037 53.6023
26.7052 53.652
26.7061 53.6955
26.7073 53.7336
26.7085 53.7669
26.71 53.796
26.7109 53.6965
26.7121 53.7345
26.7133 53.7677
26.7145 53.7967
26.7155 53.6971
26.7169 53.61
26.7181 53.6587
26.7193 53.7014
26.7205 53.7387
26.7217 53.6464
26.7225 53.5656
26.7237 53.4949
26.7249 53.433
26.7261 53.5039
26.727 53.4409
26.7282 53.3858
26.7294 53.3376
26.7309 53.2954
26.7321 53.2584
26.7333 53.2261
26.7345 53.0729
26.7357 52.9388
26.7369 52.8214
26.7378 52.7187
26.739 52.6289
26.7402 52.5503
26.7414 52.4815
26.7426 52.4213
26.7436 52.2436
26.7448 52.0882
26.746 52.0772
26.7474 52.0675
26.7487 52.0591
26.7496 51.9267
26.7508 51.8109
26.7518 51.7095
26.7532 51.7458
26.7544 51.6526
26.7559 51.571
26.7571 51.6246
26.758 51.6716
26.7595 51.5876
26.7607 51.5142
26.7619 51.4499
26.7633 51.5187
26.7643 51.4538
26.7657 51.3971
26.7669 51.3475
26.7679 51.304
26.7693 51.391
26.7705 51.3421
26.7717 51.2994
26.7732 51.387
26.7744 51.4636
26.7756 51.5306
26.777 51.5893
26.778 51.5156
26.7792 51.5762
26.7804 51.6292
26.7813 51.6755
26.7825 51.7161
26.7835 51.7516
26.7847 51.7826
26.7859 51.8098
26.7869 51.8336
26.7878 51.8544
26.789 51.9976
26.79 51.9979
26.7912 52.1231
26.7926 52.2327
26.7938 52.3287
26.7948 52.4126
26.796 52.361
26.7972 52.4409
26.7986 52.5108
26.8001 52.6969
26.8013 52.8598
26.8022 52.8773
26.8034 52.8927
26.8054 53.0311
26.8068 52.9022
26.8082 52.9144
26.8099 52.8001
26.8111 52.8251
26.8128 52.722
26.8143 52.6317
26.8159 52.5528
26.8171 52.4837
26.8186 52.4232
26.82 52.3703
26.8217 52.199
26.8229 52.0491
26.8246 51.918
26.8263 51.8032
26.8277 51.7028
26.8289 51.49
26.8301 51.4287
26.8313 51.3751
26.8323 51.3282
26.8335 51.2872
26.8347 51.1263
26.8359 50.9855
26.8368 50.8623
26.838 50.8795
26.8393 50.8946
26.8405 50.7828
26.8414 50.6849
26.8429 50.5993
26.8441 50.6494
26.8453 50.6932
26.8467 50.6066
26.8477 50.5307
26.8489 50.4644
26.8501 50.5314
26.8515 50.4649
26.8527 50.4068
26.8539 50.356
26.8551 50.4365
26.8566 50.5069
26.8578 50.4435
26.8592 50.5131
26.8606 50.574
26.8618 50.6272
26.8628 50.6738
26.8645 50.7146
26.8654 50.7503
26.8666 50.7815
26.8681 50.9338
26.8691 51.0671
26.8703 51.0587
26.8717 51.0513
26.8729 51.0449
26.8741 51.1643
26.8753 51.2688
26.8763 51.2352
26.8772 51.2058
26.8787 51.1801
26.8799 51.1575
26.8808 51.1379
26.8823 51.1206
26.8835 51.1055
26.8844 51.0924
26.8859 51.0808
26.8871 51.0707
26.888 51.0619
26.8895 51.0541
26.8904 51.0474
26.8916 51.0414
26.8931 51.0363
26.894 51.0317
26.8952 51.0278
26.8967 51.0243
26.8979 51.0213
26.8993 51.0186
26.9008 51.0163
26.9022 51.1392
26.9037 51.2468
26.9051 51.466
26.9063 51.5327
26.9075 51.5911
26.9087 51.6422
26.9099 51.687
26.9111 51.8511
26.9123 51.8697
26.9135 51.886
26.915 51.9002
26.9159 51.9127
26.9171 51.9236
26.9186 51.9332
26.9198 51.9415
26.921 51.9488
26.9222 52.0802
26.9231 52.0702
26.9241 52.0614
26.925 52.0537
26.9262 52.047
26.9274 52.0411
26.9286 51.911
26.9296 51.7971
26.9308 51.6975
26.9318 51.6103
26.933 51.534
26.9339 51.3423
26.9351 51.2995
26.9361 51.262
26.9373 51.2293
26.9383 51.2006
26.9392 51.0505
26.9404 50.9192
26.9416 50.8043
26.9423 50.7038
26.9435 50.6158
26.9448 50.4138
26.9457 50.2371
26.9467 50.0825
26.9481 50.0722
26.9493 49.9381
26.9505 49.8209
26.952 49.7183
26.9529 49.6285
26.9541 49.6749
26.9556 49.5906
26.9568 49.5167
26.9577 49.4521
26.9592 49.5206
26.9604 49.5805
26.9616 49.508
26.963 49.5695
26.9642 49.6233
26.9652 49.6704
26.9666 49.7116
26.9678 49.6226
26.969 49.6698
26.9705 49.7111
26.9717 49.7472
26.9731 49.9038
26.9741 49.9158
26.9753 49.9263
26.9767 49.9355
26.9779 49.9436
26.9791 50.0757
26.9806 50.0662
26.9818 50.0579
26.9827 50.0507
26.9839 50.0443
26.9849 50.0388
26.9858 50.0339
26.987 50.1547
26.9882 50.2604
26.9892 50.3528
26.9904 50.4337
26.9916 50.5045
26.9926 50.5664
26.9935 50.6206
26.9947 50.7931
26.9957 50.9439
26.9969 51.0759
26.9981 51.3164
26.9991 51.5269
27 51.711
27.0012 51.8721
27.0024 52.0131
27.0031 52.1365
27.0046 52.2444
27.0058 52.3389
27.0068 52.2965
27.0084 52.3844
27.0104 52.4614
27.0118 52.4037
27.0132 52.4783
27.0147 52.4185
27.0161 52.3662
27.0176 52.3204
27.019 52.2803
27.0205 52.2453
27.0219 52.0896
27.0238 51.9534
27.0253 51.9593
27.0267 51.8393
27.0281 51.8594
27.0296 51.752
27.031 51.783
27.0325 51.6851
27.0342 51.5995
27.0354 51.5245
27.0366 51.459
27.038 51.4016
27.0392 51.4764
27.0404 51.4169
27.0416 51.3647
27.0428 51.3192
27.0438 51.2793
27.045 51.2443
27.0464 51.2138
27.0474 51.1871
27.0486 51.1637
27.0498 51.1432
27.0507 51.1253
27.0519 51.1097
27.0529 50.971
27.0541 50.9746
27.0553 50.9778
27.0563 50.9805
27.0572 50.983
27.0584 50.8601
27.0596 50.7526
27.0608 50.6585
27.062 50.7012
27.0632 50.7385
27.0644 50.7712
27.0656 50.6748
27.0666 50.5905
27.068 50.6417
27.069 50.5615
27.0702 50.6163
27.0716 50.6642
27.0726 50.5812
27.0738 50.5086
27.075 50.57
27.0762 50.6237
27.0774 50.6708
27.0784 50.5869
27.0798 50.5136
27.081 50.5744
27.0822 50.6276
27.0837 50.6741
27.0849 50.7149
27.0861 50.7505
27.087 50.7817
27.0885 50.809
27.0897 50.8329
27.0909 50.8537
27.0923 50.872
27.0935 50.888
27.0945 50.902
27.0959 50.9143
27.0971 51.05
27.0986 51.1687
27.1 51.1476
27.1014 51.2542
27.1026 51.3474
27.1041 51.554
27.1053 51.7347
27.1065 51.7679
27.1079 51.7969
27.1091 51.9473
27.1103 52.0789
27.1115 52.194
27.1127 52.2948
27.1142 52.3829
27.1154 52.4601
27.1166 52.5275
27.1178 52.5866
27.119 52.6383
27.1202 52.8085
27.1214 52.8324
27.1226 52.8534
27.1231 52.8717
27.1243 52.8877
27.1255 52.9018
27.1262 52.7891
27.1274 52.6904
27.1286 52.6041
27.1293 52.5286
27.1305 52.4625
27.1317 52.4047
27.1329 52.2291
27.1336 52.0755
27.1348 51.941
27.136 51.9484
27.137 51.9549
27.1382 51.8355
27.1392 51.7311
27.1404 51.6397
27.1413 51.5597
27.1425 51.4898
27.1437 51.4285
27.1449 51.25
27.1457 51.0937
27.1469 50.957
27.1483 50.9624
27.1493 50.9671
27.1505 50.8462
27.1519 50.7404
27.1531 50.7729
27.1541 50.8013
27.1555 50.8261
27.1567 50.8478
27.1582 50.8669
27.1594 50.8835
27.1606 50.8981
27.1618 50.9108
27.163 50.797
27.1644 50.8223
27.1656 50.8445
27.1668 50.864
27.168 50.881
27.1692 50.8959
27.1704 50.9089
27.1716 50.9203
27.1728 50.9302
27.174 50.939
27.1755 50.9466
27.1767 50.9533
27.1776 50.9591
27.1791 51.0892
27.1803 51.0781
27.1812 51.0683
27.1827 51.0598
27.1839 51.0523
27.1851 51.1708
27.1863 51.2744
27.1872 51.2401
27.1884 51.2101
27.1896 51.1838
27.1906 51.2859
27.1918 51.3751
27.193 51.5782
27.194 51.631
27.1949 51.6771
27.1961 51.8424
27.1971 51.9871
27.1983 52.1137
27.1995 52.2245
27.2005 52.3215
27.2014 52.4063
27.2026 52.4805
27.2036 52.5454
27.2048 52.6023
27.2057 52.652
27.2067 52.6955
27.2077 52.7335
27.2093 52.8918
27.2105 53.0304
27.2117 53.0266
27.2132 53.1482
27.2144 53.2547
27.2168 53.3479
27.2182 53.4294
27.2199 53.3757
27.2214 53.4538
27.2228 53.397
27.2242 53.4724
27.2254 53.4134
27.2274 53.4867
27.2286 53.4258
27.2303 53.4976
27.2315 53.4354
27.2327 53.256
27.2339 53.099
27.2353 52.9616
27.2367 52.8414
27.2379 52.6112
27.2391 52.5348
27.2403 52.343
27.2413 52.1751
27.2425 52.0282
27.2437 51.8997
27.2447 51.7872
27.2459 51.6888
27.2468 51.4777
27.248 51.418
27.2492 51.3658
27.2502 51.32
27.2514 51.28
27.2526 51.245
27.2536 51.0894
27.2548 50.9532
27.256 50.8341
27.2572 50.8548
27.2584 50.873
27.2596 50.8888
27.2608 50.7777
27.262 50.6805
27.2632 50.7204
27.2644 50.7554
27.2656 50.786
27.2668 50.8127
27.268 50.7111
27.2692 50.7472
27.2706 50.7788
27.2718 50.8065
27.273 50.9557
27.274 50.9612
27.2754 50.9661
27.2766 50.9703
27.2778 50.974
27.279 51.1023
27.2802 51.2145
27.2814 51.3127
27.2826 51.2736
27.2841 51.3644
27.2853 51.4438
27.2865 51.5134
27.2874 51.5742
27.2889 51.6274
27.2901 51.674
27.2913 51.7147
27.2925 51.7504
27.2937 51.7816
27.2947 51.8089
27.2959 51.7078
27.2973 51.7443
27.2985 51.7763
27.2997 51.8042
27.3011 51.9537
27.3023 52.0845
27.3038 52.0739
27.3052 52.1897
27.3067 52.291
27.3076 52.3796
27.3091 52.5822
27.3103 52.7594
27.3112 52.7895
27.3124 52.8158
27.3136 52.8388
27.3146 52.859
27.3158 52.8766
27.317 53.017
27.3182 53.0149
27.3197 53.013
27.3206 53.0114
27.3218 53.01
27.323 53.1337
27.324 53.117
27.3247 52.9774
27.3259 52.8552
27.3271 52.8733
27.3281 52.8891
27.329 52.903
27.3302 52.9151
27.3314 52.8007
27.3324 52.7006
27.3336 52.6131
27.3346 52.5364
27.3355 52.4694
27.3367 52.4107
27.3379 52.2344
27.3391 52.2051
27.3398 52.0544
27.341 52.0476
27.3422 52.0417
27.343 51.9115
27.3442 51.7975
27.3454 51.6978
27.3461 51.6106
27.3475 51.5343
27.3487 51.4675
27.3497 51.4091
27.3511 51.3579
27.3523 51.3132
27.3533 51.274
27.3547 51.2398
27.3562 51.2098
27.3571 51.1836
27.3586 51.1606
27.3598 51.0156
27.3607 50.8886
27.3622 50.9025
27.3631 50.9147
27.3641 50.9254
27.3653 50.9347
27.3668 50.8179
27.3677 50.7156
27.3689 50.6262
27.3704 50.6729
27.3716 50.7138
27.3725 50.7496
27.3737 50.6559
27.3752 50.6989
27.3764 50.7365
27.3773 50.7695
27.3788 50.7983
27.38 50.6985
27.3812 50.7362
27.3824 50.7692
27.3836 50.798
27.3848 50.8233
27.386 50.8454
27.3872 50.8647
27.3884 50.8816
27.3896 50.8964
27.3908 50.9093
27.3922 51.0457
27.3932 51.165
27.3944 51.2693
27.3956 51.3607
27.3966 51.4406
27.3978 51.5105
27.3987 51.5717
27.3999 51.6252
27.4009 51.6721
27.4021 51.8381
27.4033 51.9833
27.4042 52.1104
27.4052 52.3466
27.4064 52.5533
27.4074 52.7341
27.4086 52.8923
27.4098 53.0308
27.4105 53.152
27.4119 53.258
27.4134 53.3507
27.4141 53.4319
27.4153 53.5029
27.4163 53.565
27.4172 53.6194
27.4182 53.667
27.4201 53.8336
27.4215 53.7294
27.423 53.5132
27.4242 53.4491
27.4256 53.2679
27.4271 53.2344
27.4285 53.0801
27.4297 52.9451
27.4312 52.827
27.4326 52.7236
27.434 52.6332
27.4352 52.554
27.4367 52.3598
27.4381 52.3148
27.4396 52.1504
27.441 52.0066
27.4425 51.8808
27.4437 51.7707
27.4449 51.5494
27.4458 51.3557
27.4468 51.1862
27.4482 51.163
27.4492 51.1426
27.4501 51.1248
27.4513 50.9842
27.4525 50.8611
27.4537 50.7535
27.455 50.6593
27.4559 50.5769
27.4571 50.6298
27.4583 50.6761
27.4595 50.5916
27.4605 50.5176
27.4617 50.4529
27.4629 50.3963
27.4641 50.4718
27.4653 50.5378
27.4665 50.4706
27.4677 50.4117
27.4689 50.3603
27.4701 50.4402
27.4713 50.5102
27.4723 50.5714
27.4735 50.5
27.4749 50.4375
27.4759 50.3828
27.4771 50.46
27.4783 50.5275
27.4795 50.5865
27.4807 50.6382
27.4819 50.5584
27.4828 50.4886
27.4843 50.5526
27.4852 50.6085
27.4864 50.6574
27.4876 50.7002
27.4888 50.6127
27.49 50.6611
27.4912 50.7035
27.4924 50.7405
27.4939 50.773
27.4948 50.8014
27.496 50.9512
27.4972 50.9573
27.4987 50.9626
27.4999 50.9673
27.5011 51.0964
27.5025 51.2093
27.504 51.3082
27.5052 51.3946
27.5066 51.4703
27.5078 51.5365
27.5093 51.7195
27.5105 51.8795
27.5117 52.0196
27.5129 52.1421
27.5141 52.2494
27.515 52.3432
27.5165 52.4253
27.5177 52.4971
27.5189 52.56
27.5198 52.615
27.521 52.6631
27.5222 52.7052
27.5237 52.7421
27.5246 52.7743
27.5256 52.8025
27.5266 52.8272
27.5275 52.7238
27.5287 52.6333
27.5297 52.5542
27.5307 52.4849
27.5319 52.4243
27.5328 52.3712
27.5338 52.3248
27.535 52.1592
27.5359 52.0143
27.5369 51.8875
27.5379 51.7766
27.5388 51.6795
27.54 51.7196
27.5412 51.6296
27.5419 51.4259
27.5431 51.3727
27.5443 51.3261
27.5453 51.2853
27.5463 51.2497
27.5475 51.2185
27.5487 51.0662
27.5496 50.9329
27.5508 50.8163
27.552 50.8392
27.553 50.8593
27.5544 50.8769
27.5556 50.7673
27.5566 50.6714
27.5578 50.5875
27.5592 50.639
27.5602 50.6842
27.5617 50.5986
27.5629 50.5238
27.5641 50.5833
27.5653 50.6354
27.5665 50.681
27.5677 50.5959
27.5691 50.6464
27.5701 50.6906
27.5713 50.7293
27.5725 50.7631
27.5739 50.7927
27.5751 50.8186
27.5763 50.8413
27.5778 50.8611
27.579 50.8785
27.5802 51.0187
27.5814 51.0163
27.5828 51.0143
27.5838 51.0125
27.585 51.0109
27.5862 51.1346
27.5876 51.2428
27.5888 51.3374
27.5898 51.2952
27.591 51.2583
27.5924 51.351
27.5934 51.4322
27.5946 51.5031
27.5958 51.5652
27.5967 51.4946
27.5979 51.4328
27.5989 51.3787
27.5999 51.3313
27.6008 51.2899
27.602 51.3787
27.603 51.4563
27.6039 51.5243
27.6049 51.5838
27.6059 51.6358
27.6071 51.8063
27.608 51.9555
27.609 51.9611
27.61 51.9659
27.6112 52.0952
27.6121 52.2083
27.6131 52.3073
27.614 52.3939
27.615 52.5946
27.6162 52.7703
27.6174 52.799
27.6184 52.8241
27.6198 52.8461
27.6208 52.8653
27.6222 52.8822
27.6234 52.8969
27.6244 52.9098
27.6268 52.9211
27.6282 52.9309
27.6297 52.9396
27.6311 52.9471
27.6325 52.8287
27.6337 52.7251
27.6352 52.6345
27.6366 52.5552
27.6381 52.4858
27.6395 52.4251
27.641 52.2469
27.6424 52.2161
27.6438 52.0641
27.6453 52.056
27.6465 51.924
27.6479 51.8085
27.6494 51.7075
27.6506 51.619
27.6518 51.5417
27.653 51.4739
27.6542 51.5397
27.6551 51.4722
27.6563 51.4132
27.6575 51.3616
27.6587 51.3164
27.6595 51.2768
27.6607 51.2422
27.6619 51.2119
27.6628 51.0604
27.6638 50.9279
27.665 50.8119
27.6662 50.8354
27.6674 50.856
27.6684 50.874
27.6696 50.8897
27.6705 50.7785
27.6717 50.6812
27.6729 50.5961
27.6741 50.6465
27.6753 50.6907
27.6765 50.7294
27.6777 50.7632
27.6789 50.6678
27.6801 50.7093
27.6813 50.7457
27.6823 50.7775
27.6835 50.8053
27.6847 50.8296
27.6857 50.8509
27.6869 50.7445
27.6881 50.7765
27.6893 50.8044
27.6905 50.8289
27.6917 50.8503
27.6929 50.869
27.6941 51.0104
27.6953 51.0091
27.6965 51.0079
27.6974 51.0069
27.6986 51.0061
27.7001 51.1303
27.7013 51.239
27.7022 51.3341
27.7037 51.2924
27.7051 51.3808
27.7063 51.4582
27.7078 51.5259
27.709 51.5852
27.7104 51.762
27.7116 51.9168
27.7128 51.9272
27.7143 52.0613
27.7152 52.1786
27.7164 52.2813
27.7176 52.3711
27.7186 52.4497
27.7198 52.5185
27.721 52.4537
27.7219 52.397
27.7231 52.4724
27.7243 52.5383
27.7256 52.596
27.7268 52.6465
27.7275 52.6907
27.7284 52.6044
27.7294 52.5288
27.7306 52.4627
27.7316 52.4049
27.7325 52.3543
27.7337 52.31
27.7347 52.2712
27.7356 52.1123
27.7366 51.9733
27.7376 51.8516
27.7388 51.7452
27.7397 51.652
27.7407 51.5705
27.7419 51.4992
27.7429 51.3118
27.7438 51.1478
27.745 51.1294
27.746 50.9882
27.7469 50.8647
27.7481 50.8816
27.7491 50.8964
27.7501 50.7843
27.7513 50.6863
27.7525 50.6005
27.7539 50.5254
27.7549 50.4598
27.7561 50.5273
27.7573 50.5864
27.7585 50.5131
27.7599 50.4489
27.7611 50.5178
27.7623 50.5781
27.7635 50.6308
27.765 50.552
27.7662 50.608
27.7674 50.657
27.7686 50.6999
27.7695 50.7374
27.7707 50.7702
27.7719 50.6739
27.7731 50.7147
27.7741 50.7504
27.7751 50.7816
27.7763 50.8089
27.7772 50.8328
27.7784 50.8537
27.7794 50.747
27.7808 50.6536
27.7818 50.5719
27.783 50.5004
27.7839 50.4378
27.7852 50.5081
27.7864 50.5696
27.7876 50.4984
27.7888 50.4361
27.7897 50.3816
27.7909 50.3339
27.7921 50.4172
27.7933 50.49
27.7943 50.5538
27.7955 50.4845
27.7967 50.424
27.7979 50.371
27.7988 50.3246
27.8001 50.409
27.8013 50.4829
27.8025 50.5475
27.8034 50.4791
27.8046 50.5442
27.8056 50.6012
27.8068 50.651
27.8075 50.6947
27.8087 50.7328
27.8097 50.7662
27.8109 50.7954
27.8118 50.821
27.8128 50.8434
27.814 50.863
27.815 51.0051
27.8159 51.1295
27.8169 51.2383
27.8181 51.4585
27.8193 51.6512
27.8207 51.8198
27.8214 51.8423
27.8229 51.987
27.8241 52.1136
27.825 52.2244
27.8262 52.3214
27.8274 52.4062
27.8284 52.4804
27.8296 52.5454
27.8315 52.7272
27.8327 52.6363
27.8342 52.6818
27.8356 52.5965
27.8371 52.647
27.8385 52.5661
27.8397 52.4953
27.8411 52.4334
27.8426 52.3792
27.844 52.3318
27.8455 52.2904
27.8467 52.1291
27.8481 52.1129
27.8493 51.9738
27.8505 51.8521
27.852 51.6206
27.8534 51.543
27.8548 51.3501
27.856 51.3064
27.857 51.2681
27.8584 51.2346
27.8594 51.2052
27.8606 51.0546
27.8618 50.9228
27.8628 50.8074
27.864 50.7065
27.8649 50.6182
27.8661 50.6659
27.8673 50.7077
27.8683 50.7442
27.8695 50.6512
27.8707 50.5698
27.8717 50.4986
27.8729 50.4362
27.8741 50.5067
27.875 50.5684
27.8762 50.6223
27.8777 50.6695
27.8784 50.5858
27.8796 50.5126
27.881 50.5735
27.882 50.5018
27.8832 50.5641
27.8844 50.6186
27.8856 50.6663
27.8866 50.708
27.888 50.7445
27.8892 50.7764
27.8902 50.8044
27.8914 50.8288
27.8926 50.8502
27.8938 50.8689
27.895 50.8853
27.8962 51.0247
27.8971 51.0216
27.8983 51.0189
27.8993 51.0165
27.9007 51.0145
27.9019 51.0126
27.9029 51.0111
27.9043 51.1347
27.9058 51.2428
27.907 51.2125
27.9082 51.3109
27.9096 51.3971
27.9108 51.4724
27.9123 51.6634
27.9135 51.8305
27.9147 51.9766
27.9161 52.2296
27.9173 52.3259
27.9185 52.4101
27.92 52.4839
27.9209 52.5484
27.9219 52.6048
27.9233 52.7792
27.9243 52.9318
27.9255 53.0653
27.9265 53.0572
27.9277 53.05
27.9289 53.0438
27.9293 53.0383
27.9305 53.0335
27.9315 53.0293
27.9325 53.0257
27.9337 53.0225
27.9346 52.8946
27.9358 52.7828
27.9368 52.685
27.938 52.5993
27.9392 52.6494
27.9402 52.6932
27.9411 52.7316
27.9423 52.7651
27.9433 52.6695
27.9445 52.5858
27.9457 52.5126
27.9466 52.4485
27.9476 52.3924
27.9486 52.3434
27.9495 52.3005
27.9507 52.2629
27.9517 52.105
27.9524 51.9669
27.9534 51.846
27.9543 51.7403
27.9553 51.6478
27.9567 51.5668
27.9577 51.4959
27.9589 51.4339
27.9601 51.3797
27.9611 51.3322
27.9625 51.2907
27.9635 51.2544
27.9647 51.2226
27.9656 51.1947
27.9671 51.1704
27.968 51.1491
27.9695 51.1305
27.9707 51.1142
27.9719 50.9749
27.9731 50.978
27.974 50.9808
27.9752 50.9832
27.9762 50.9853
27.9776 50.9871
27.9788 50.9887
27.9798 50.9901
27.981 50.9914
27.9822 50.9924
27.9837 50.9934
27.9846 50.9942
27.9858 50.9949
27.987 51.1206
27.988 51.1055
27.9894 51.2173
27.9906 51.1901
27.9916 51.1664
27.9928 51.1456
27.994 51.1274
27.9954 51.2365
27.9964 51.3319
27.9976 51.4154
27.9988 51.4885
27.9998 51.4274
28.0012 51.499
28.0024 51.5616
28.0036 51.6164
28.0046 51.6644
28.0058 51.7063
28.0072 51.868
28.0082 52.0095
28.0094 52.0083
28.0106 52.0073
28.0115 52.0064
28.013 52.0056
28.0137 52.0049
28.0149 52.0043
28.0161 52.1287
28.0171 52.2376
28.0178 52.2079
28.019 52.1819
28.0199 52.2842
28.0211 52.4987
28.0219 52.5613
28.0228 52.6162
28.024 52.7892
28.025 52.8155
28.026 52.8386
28.0269 52.8587
28.0279 52.8764
28.0291 53.1419
28.03 53.3741
28.0312 53.5774
28.0324 53.6302
28.0334 53.6764
28.0348 53.7169
28.036 53.8773
28.0375 54.0176
28.0384 54.0154
28.0396 54.0135
28.0413 54.1368
28.0428 54.1197
28.0442 54.1047
28.0457 54.0916
28.0471 54.0802
28.0485 54.0702
28.05 53.9364
28.0509 53.8193
28.0524 53.7169
28.0538 53.6273
28.0553 53.5489
28.0565 53.4803
28.0579 53.2952
28.0594 53.2583
28.0608 53.101
28.062 52.9634
28.0632 52.968
28.0646 52.847
28.0658 52.7411
28.0668 52.6485
28.068 52.6924
28.0692 52.6059
28.0702 52.5301
28.0711 52.4639
28.0723 52.4059
28.0735 52.3551
28.0745 52.3108
28.0755 52.2719
28.0767 52.2379
28.0774 52.0832
28.0786 51.9478
28.0795 51.8293
28.0807 51.7256
28.0817 51.6349
28.0829 51.5556
28.0839 51.4861
28.0853 51.5504
28.0863 51.6066
28.0875 51.5307
28.0887 51.4644
28.0899 51.4063
28.0908 51.3556
28.0923 51.4361
28.0932 51.5066
28.0944 51.5683
28.0956 51.6222
28.0968 51.6695
28.0978 51.5858
28.0992 51.6376
28.1005 51.6829
28.1014 51.7225
28.1026 51.7572
28.1038 51.7875
28.105 51.9391
28.1062 52.0717
28.1077 52.1877
28.1091 52.2893
28.1101 52.3781
28.1115 52.4558
28.1129 52.5239
28.1144 52.7084
28.1154 52.8698
28.1168 53.0111
28.118 53.1347
28.1194 53.3679
28.1206 53.4469
28.1218 53.516
28.123 53.7015
28.1242 53.8638
28.1252 54.0059
28.1264 54.1301
28.1276 54.2389
28.1286 54.334
28.1298 54.4172
28.1307 54.3651
28.1317 54.3195
28.1324 54.2795
28.1334 54.2446
28.1343 54.214
28.1353 54.1873
28.136 54.1638
28.137 54.0184
28.1379 53.8911
28.1389 53.6547
28.1399 53.4479
28.1411 53.3919
28.1418 53.2179
28.143 53.0656
28.1437 52.9324
28.1449 52.8159
28.1459 52.7139
28.1468 52.4997
28.1478 52.3122
28.149 52.1482
28.1497 52.0047
28.1509 51.8791
28.1519 51.7692
28.1528 51.673
28.1538 51.5889
28.1548 51.5153
28.156 51.3259
28.1572 51.2851
28.1584 51.2495
28.1596 51.2183
28.1608 51.191
28.162 51.1671
28.1634 51.1463
28.1649 51.128
28.1661 51.237
28.1673 51.2074
28.1685 51.1814
28.1699 51.1588
28.1711 51.2639
28.1723 51.2309
28.1735 51.2021
28.1747 51.1768
28.1759 51.1547
28.1771 51.2604
28.1783 51.2278
28.1795 51.1993
28.1807 51.1744
28.1817 51.1526
28.1829 51.1335
28.1841 51.2418
28.1855 51.3366
28.1865 51.4195
28.1877 51.4921
28.1889 51.4306
28.1898 51.3768
28.1911 51.4547
28.1923 51.5228
28.1932 51.5825
28.1944 51.6347
28.1954 51.6803
28.1966 51.7203
28.198 51.8803
28.199 51.7702
28.2002 51.7989
28.2011 51.8241
28.2023 51.8461
28.2033 51.8653
28.2047 51.8821
28.206 51.8969
28.2069 51.9098
28.2081 52.046
28.2091 52.0403
28.2105 52.0353
28.2117 52.0308
28.2127 52.027
28.2136 52.0236
28.2148 52.0207
28.216 52.1431
28.2172 52.2502
28.2184 52.2189
28.2196 52.1916
28.2206 52.1676
28.2216 52.1467
28.2225 52.2533
28.2237 52.3467
28.2247 52.4283
28.2257 52.4998
28.2266 52.5623
28.2278 52.617
28.2288 52.6649
28.2297 52.7068
28.2307 52.7434
28.2319 52.9005
28.2331 53.1629
28.2341 53.3926
28.2353 53.4685
28.2365 53.5349
28.2377 53.5931
28.2391 53.7689
28.2403 53.9228
28.2413 54.0575
28.2425 54.0503
28.2437 54.044
28.2446 54.0385
28.2461 54.1587
28.2478 54.2638
28.2492 54.2309
28.2504 54.202
28.2516 54.0518
28.2531 54.0453
28.2545 53.9146
28.2559 53.8003
28.2571 53.7003
28.2586 53.6127
28.26 53.5361
28.261 53.3441
28.2624 53.3011
28.2639 53.1385
28.2651 53.1212
28.2665 52.981
28.2677 52.8584
28.2692 52.7511
28.2706 52.6572
28.2716 52.45
28.2725 52.2688
28.2735 52.1102
28.2747 51.9714
28.2756 51.85
28.2768 51.7437
28.278 51.7758
28.279 51.8038
28.2802 51.8283
28.2812 51.7248
28.2824 51.6342
28.2833 51.5549
28.2845 51.4855
28.2857 51.4249
28.2867 51.3717
28.2879 51.3253
28.2889 51.2846
28.2901 51.374
28.2913 51.3273
28.2927 51.2864
28.2937 51.2506
28.2949 51.2193
28.2961 51.3168
28.2973 51.4022
28.2985 51.477
28.2997 51.5423
28.3006 51.5995
28.3021 51.6496
28.3033 51.6934
28.3045 51.7317
28.3054 51.7653
28.3066 51.7946
28.3081 51.9453
28.309 52.0771
28.3105 52.1925
28.3119 52.2934
28.3131 52.3817
28.3141 52.459
28.3153 52.5266
28.3165 52.5858
28.3175 52.6376
28.3189 52.6829
28.3201 52.8475
28.3215 52.9916
28.3225 53.1176
28.3237 53.1029
28.3249 53.0901
28.3259 53.0788
28.3268 53.069
28.328 53.1853
28.329 53.1622
28.3302 53.2669
28.3312 53.3585
28.3324 53.4387
28.3331 53.3839
28.334 53.3359
28.3348 53.1689
28.336 53.0228
28.3369 52.8949
28.3379 52.7831
28.3388 52.6852
28.3398 52.5995
28.341 52.5246
28.342 52.334
28.3429 52.1673
28.3441 52.1464
28.3451 52.1281
28.3461 52.1121
28.3473 52.098
28.3482 52.0858
28.3492 52.0751
28.3504 51.9407
28.3511 51.8231
28.3523 51.7202
28.3535 51.6302
28.3542 51.5514
28.3554 51.4825
28.3566 51.4222
28.3576 51.3694
28.3588 51.3232
28.3598 51.1578
28.361 51.0131
28.3624 51.0115
28.3636 51.01
28.3646 51.0088
28.3658 51.0077
28.3672 51.1317
28.3682 51.1152
28.3691 51.1008
28.3703 51.0882
28.3713 51.0772
28.3725 50.9426
28.3737 50.8247
28.3749 50.7216
28.3759 50.6314
28.3768 50.5525
28.3783 50.6084
28.3795 50.6574
28.3804 50.7002
28.3814 50.6127
28.3826 50.5361
28.3838 50.4691
28.385 50.4105
28.3862 50.4841
28.3872 50.5486
28.3884 50.605
28.3896 50.6544
28.3908 50.6976
28.392 50.6104
28.3932 50.6591
28.3941 50.7017
28.3953 50.739
28.3963 50.7716
28.3977 50.8002
28.3989 50.8252
28.3999 50.847
28.4011 50.9911
28.4021 50.9922
28.4033 50.9932
28.4047 50.9941
28.4057 50.9948
28.4069 50.9954
28.4078 50.996
28.409 51.1215
28.4102 51.2313
28.4112 51.3274
28.4126 51.4115
28.4138 51.36
28.4148 51.315
28.416 51.2757
28.417 51.2412
28.4182 51.3361
28.4194 51.419
28.4206 51.4917
28.4218 51.5552
28.4227 51.6108
28.4237 51.6595
28.4246 51.702
28.4256 51.7393
28.4268 51.7719
28.4275 51.8004
28.4285 51.8253
28.4297 51.8472
28.4306 51.9913
28.4316 52.1174
28.4326 52.2277
28.4335 52.3242
28.4345 52.4087
28.4355 52.4826
28.4367 52.5473
28.4374 52.6039
28.4383 52.7784
28.4398 52.8061
28.441 52.8303
28.4419 52.8515
28.4431 52.9951
28.4446 53.1207
28.4455 53.2306
28.4468 53.2018
28.4477 53.1766
28.4492 53.2795
28.4499 53.2446
28.4523 53.339
28.4537 53.2966
28.4552 53.3845
28.4564 53.3365
28.4578 53.2944
28.459 53.2576
28.4604 53.2254
28.4619 53.0722
28.4631 53.0632
28.4645 52.9303
28.466 52.814
28.4672 52.8373
28.4684 52.7326
28.4698 52.641
28.4713 52.5609
28.4725 52.4908
28.4737 52.3044
28.4749 52.1414
28.4761 52.1237
28.477 52.1082
28.478 51.8447
28.479 51.6141
28.4802 51.5374
28.4814 51.4702
28.4823 51.4114
28.4833 51.36
28.4842 51.315
28.4852 51.2756
28.4866 51.2412
28.4874 51.211
28.4886 51.1846
28.4898 51.0366
28.491 50.907
28.4919 50.7936
28.4929 50.6944
28.4939 50.6076
28.4948 50.5317
28.496 50.5902
28.497 50.5164
28.4979 50.4519
28.4991 50.5204
28.5001 50.5803
28.5013 50.5078
28.5023 50.4443
28.5037 50.3888
28.5047 50.3402
28.5059 50.2977
28.5068 50.2605
28.508 50.3529
28.5092 50.4338
28.5102 50.5046
28.5116 50.5665
28.5126 50.4957
28.514 50.5587
28.5152 50.6139
28.5164 50.6621
28.5176 50.7044
28.5191 50.8663
28.5203 51.008
28.5215 51.132
28.5227 51.2405
28.5239 51.3355
28.5251 51.5435
28.5261 51.6006
28.527 51.6505
28.5282 51.6942
28.5294 51.7324
28.5304 51.7659
28.5316 51.7951
28.5325 51.8207
28.5337 51.8432
28.5345 51.8628
28.5354 51.8799
28.5364 51.7699
28.5374 51.6737
28.5383 51.5895
28.5395 51.5158
28.5405 51.4513
28.5414 51.3949
28.5424 51.3455
28.5434 51.3023
28.5446 51.2645
28.5455 51.2315
28.5465 51.2025
28.5474 51.0522
28.5484 50.9207
28.5496 50.8056
28.5503 50.7049
28.5515 50.6168
28.5525 50.5397
28.5535 50.4722
28.5544 50.4132
28.5554 50.3616
28.5566 50.3164
28.5575 50.2768
28.5585 50.1172
28.5597 49.9776
28.5607 49.8554
28.5619 49.7484
28.5628 49.6549
28.5638 49.573
28.565 49.5014
28.566 49.4387
28.5674 49.5089
28.5684 49.5703
28.5696 49.499
28.5705 49.4366
28.5717 49.382
28.5727 49.3343
28.5739 49.2925
28.5751 49.3809
28.5763 49.4583
28.5775 49.526
28.5784 49.5853
28.5796 49.6371
28.5808 49.6825
28.5818 49.5972
28.583 49.6475
28.584 49.5666
28.5852 49.6208
28.5866 49.6682
28.5876 49.7096
28.5888 49.7459
28.5897 49.7777
28.5909 49.8055
28.5921 49.9548
28.5931 49.9604
28.5943 49.9654
28.5955 49.9697
28.5967 49.9735
28.5979 49.9768
28.5989 49.9797
28.6001 50.1072
28.6013 50.2188
28.6022 50.3165
28.6034 50.4019
28.6044 50.4767
28.6058 50.4171
28.607 50.49
28.608 50.5537
28.6092 50.6095
28.6102 50.6583
28.6114 50.701
28.6126 50.7384
28.6135 50.7711
28.6145 50.7997
28.6159 50.8247
28.6171 50.9716
28.6181 50.9752
28.6191 50.9783
28.6203 50.981
28.6212 50.9834
28.6224 50.9855
28.6234 50.9873
28.6246 50.9889
28.6258 50.9903
28.6268 50.9915
28.6282 51.1175
28.6289 51.1028
28.6301 51.215
28.6311 51.3131
28.632 51.399
28.633 51.3491
28.6342 51.4305
28.6349 51.5017
28.6359 51.5639
28.6371 51.7435
28.6378 51.7755
28.639 51.9286
28.64 51.9375
28.6409 51.9453
28.6419 52.0772
28.6431 52.3175
28.6438 52.4028
28.645 52.6025
28.646 52.6522
28.6467 52.6956
28.6479 52.7337
28.6493 52.892
28.6503 53.0305
28.6515 53.1517
28.6527 53.2577
28.6539 53.2255
28.6553 53.3223
28.6563 53.407
28.6582 53.4811
28.6597 53.546
28.6611 53.6027
28.6626 53.6524
28.6638 53.5709
28.6652 53.6245
28.6664 53.6714
28.6678 53.5875
28.6693 53.6391
28.6702 53.5592
28.6715 53.4893
28.6727 53.3031
28.6739 53.1402
28.6748 52.9977
28.6763 52.873
28.6777 52.7639
28.6789 52.5434
28.6801 52.4755
28.6811 52.416
28.6825 52.239
28.6832 52.0841
28.6844 51.9486
28.6854 51.83
28.6864 51.7263
28.6876 51.6355
28.6883 51.5561
28.6895 51.4866
28.6904 51.4257
28.6914 51.3725
28.6926 51.326
28.6936 51.2852
28.6945 51.2496
28.6955 51.2184
28.6967 51.0661
28.6976 50.9328
28.6988 50.8162
28.7 50.8392
28.701 50.8593
28.7022 50.8769
28.7034 50.8923
28.7041 50.9057
28.7053 50.9175
28.7063 50.9278
28.7077 50.9368
28.7089 50.9447
28.7099 50.9516
28.7111 51.0827
28.7121 51.0724
28.7135 51.0633
28.7149 51.0554
28.7159 51.0485
28.7174 51.1674
28.7183 51.2715
28.7198 51.3625
28.7212 51.5672
28.7222 51.7463
28.7234 51.903
28.7246 52.0402
28.7258 52.1601
28.7272 52.3901
28.7282 52.5914
28.7296 52.6424
28.7306 52.6871
28.7318 52.7262
28.7332 52.8855
28.7342 53.0248
28.7354 53.1467
28.7363 53.2533
28.7373 53.3467
28.738 53.4283
28.739 53.3748
28.7399 53.3279
28.7407 53.287
28.7419 53.2511
28.7428 53.2197
28.7438 53.0672
28.7447 52.9338
28.7457 52.8171
28.7467 52.715
28.7476 52.6256
28.7486 52.5474
28.7496 52.479
28.7505 52.4191
28.7517 52.3667
28.7524 52.3209
28.7536 52.2808
28.7546 52.2457
28.7556 52.215
28.7565 52.1881
28.7575 52.0396
28.7584 51.9096
28.7596 51.7959
28.7606 51.6964
28.7616 51.6094
28.7625 51.5332
28.7637 51.4666
28.7649 51.4082
28.7661 51.4822
28.7671 51.5469
28.7683 51.6036
28.7693 51.6531
28.7705 51.6965
28.7714 51.7344
28.7726 51.6426
28.7738 51.5623
28.775 51.617
28.7762 51.6649
28.7772 51.7068
28.7786 51.6184
28.7796 51.5411
28.781 51.5985
28.7822 51.6487
28.7832 51.6926
28.7846 51.606
28.7858 51.5303
28.7868 51.464
28.7878 51.406
28.789 51.3552
28.7899 51.3108
28.7911 51.397
28.7923 51.4723
28.7933 51.5383
28.7945 51.596
28.7955 51.6465
28.7967 51.5657
28.7979 51.495
28.7991 51.5581
28.8 51.6133
28.8012 51.6617
28.8024 51.704
28.8034 51.741
28.8046 51.7734
28.8055 51.8017
28.8068 51.8265
28.8077 51.8482
28.8089 51.8671
28.8101 52.0087
28.8111 52.1327
28.8123 52.1161
28.8135 52.1016
28.8147 52.0889
28.8159 52.0778
28.8168 52.068
28.818 52.1845
28.819 52.2865
28.8202 52.3757
28.8212 52.4537
28.8224 52.522
28.8233 52.5817
28.8245 52.634
28.8255 52.6798
28.8267 52.7198
28.8277 52.7548
28.8289 52.6605
28.8301 52.7029
28.831 52.74
28.8322 52.7725
28.8334 52.801
28.8344 52.8258
28.8356 52.8476
28.8368 52.8667
28.8375 52.8833
28.8387 52.8979
28.8394 53.0357
28.8406 53.1562
28.8418 53.2617
28.8426 53.354
28.8438 53.4347
28.8447 53.5054
28.8457 53.5672
28.8466 53.7463
28.8478 53.903
28.849 54.1651
28.85 54.3945
28.8512 54.5952
28.8522 54.6458
28.8536 54.6901
28.8546 54.7288
28.8558 54.7627
28.857 54.7924
28.8579 54.8183
28.8591 54.966
28.8601 54.9703
28.8613 55.099
28.8623 55.0866
28.8637 55.0758
28.8649 54.9413
28.8661 54.8237
28.8676 54.7207
28.8688 54.5056
28.87 54.3174
28.8712 54.2777
28.8726 54.118
28.8738 53.9783
28.875 53.856
28.8762 53.749
28.8774 53.6554
28.8788 53.4484
28.88 53.3924
28.8812 53.2183
28.8827 53.066
28.8837 52.8078
28.8851 52.7068
28.8863 52.6185
28.8873 52.5412
28.8885 52.4735
28.8894 52.2893
28.8904 52.1282
28.8913 51.9871
28.8925 51.8637
28.8937 51.7558
28.8945 51.6613
28.8957 51.5786
28.8966 51.5063
28.8976 51.443
28.8986 51.3876
28.8998 51.3392
28.9007 51.2968
28.9019 51.2597
28.9029 51.2272
28.9041 51.3238
28.9053 51.4083
28.9062 51.4823
28.9074 51.422
28.9084 51.3693
28.9096 51.3231
28.9106 51.2827
28.9118 51.2474
28.9127 51.2165
28.9142 51.3144
28.9154 51.4001
28.9163 51.4751
28.9178 51.5407
28.919 51.5981
28.9202 51.7733
28.9214 51.9267
28.9226 52.0608
28.9238 52.1782
28.9247 52.281
28.9259 52.3708
28.9272 52.4495
28.9284 52.5183
28.9293 52.5785
28.9305 52.6312
28.9317 52.6773
28.9329 52.7176
28.9339 52.7529
28.9351 52.9088
28.9363 53.0452
28.9372 53.1646
28.9384 53.269
28.9396 53.3604
28.9401 53.4403
28.9413 53.5103
28.9421 53.5715
28.9433 53.6251
28.944 53.5469
28.9452 53.4786
28.9459 53.2937
28.9471 53.257
28.9478 53.0999
28.949 53.0874
28.9502 53.0765
28.9509 52.9419
28.9521 52.9492
28.9529 52.8305
28.9541 52.8517
28.9548 52.7452
28.956 52.6521
28.9567 52.5706
28.9579 52.4993
28.9586 52.4368
28.9598 52.3822
28.9608 52.3345
28.9618 52.1677
28.963 52.0217
28.9639 51.894
28.9651 51.9072
28.9661 51.9188
28.9673 51.929
28.9682 51.9379
28.9692 51.9456
28.9704 51.9524
28.9714 51.9584
28.9726 51.9636
28.9738 51.9681
28.975 51.8471
28.9759 51.7412
28.9771 51.7736
28.9783 51.8019
28.9795 51.8266
28.9805 51.8483
28.9817 51.8673
28.9827 51.7589
28.9841 51.789
28.9851 51.8154
28.9863 51.8385
28.9872 51.8586
28.9882 51.8763
28.9894 51.8918
28.9908 51.9053
28.9918 51.7921
28.993 51.6931
28.994 51.6065
28.9952 51.6557
28.9961 51.6987
28.9973 51.7364
28.9983 51.7693
28.9995 51.7982
29.0007 51.8234
29.0017 51.8455
29.0029 51.8648
29.0038 51.8817
29.005 52.0215
29.006 52.0188
29.0072 52.0164
29.0084 52.0144
29.0096 52.0126
29.0105 52.011
29.0117 52.0096
29.0127 52.0084
29.0139 52.0074
29.0151 52.1315
29.0161 52.24
29.0173 52.335
29.0182 52.4181
29.0194 52.4909
29.0204 52.5545
29.0216 52.6102
29.0228 52.6589
29.024 52.8266
29.025 52.8482
29.0262 52.8672
29.0274 52.8838
29.0283 52.8983
29.0295 52.911
29.0307 52.9222
29.0317 52.9319
29.0329 52.9404
29.0339 52.9479
29.0351 53.0794
29.0363 53.1944
29.0372 53.2951
29.0382 53.3832
29.0394 53.4603
29.0403 53.5278
29.0418 53.5868
29.0425 53.6385
29.0435 53.6837
29.0442 53.7232
29.0451 53.7578
29.0461 53.7881
29.0468 53.6896
29.0478 53.7284
29.049 53.7623
29.05 53.792
29.0512 53.943
29.0521 54.0751
29.0531 54.1908
29.0543 54.2919
29.0552 54.2554
29.0564 54.2235
29.0574 54.1956
29.0586 54.1711
29.0596 54.1497
29.0605 54.131
29.0617 54.1146
29.0629 54.1003
29.0639 53.9628
29.0651 54.0924
29.0663 54.0809
29.0677 54.0708
29.0692 54.0619
29.0704 53.9292
29.0718 53.813
29.0728 53.5864
29.0742 53.5131
29.0757 53.449
29.0769 53.2678
29.0781 53.2344
29.0793 53.0801
29.0807 52.9451
29.0817 52.8269
29.0831 52.7236
29.0843 52.6331
29.0858 52.429
29.0867 52.2504
29.0882 52.0941
29.0896 51.9573
29.0906 51.8376
29.0918 51.7329
29.0927 51.6413
29.0939 51.4361
29.0951 51.3816
29.0961 51.3339
29.0973 51.2922
29.098 51.2557
29.0992 51.2237
29.0999 51.0707
29.1011 51.0619
29.1021 51.0542
29.1033 51.0474
29.1043 51.0415
29.1055 51.0363
29.1067 51.0317
29.1076 51.0278
29.1086 51.0243
29.1096 51.0213
29.1105 51.0186
29.1117 50.8913
29.1127 50.7799
29.1139 50.6824
29.1148 50.5971
29.1158 50.5225
29.1172 50.5821
29.1184 50.6344
29.1196 50.6801
29.1208 50.7201
29.1221 50.8801
29.1235 51.0201
29.1245 51.1425
29.1257 51.2497
29.1266 51.3435
29.1278 51.4256
29.1288 51.4974
29.13 51.5602
29.1312 51.6152
29.1324 51.6633
29.1333 51.7054
29.1345 51.7422
29.1355 51.7744
29.1367 51.8026
29.1379 51.8273
29.1391 51.9739
29.1398 51.9771
29.1413 52.105
29.1418 52.0919
29.143 52.0804
29.1439 52.0703
29.1449 52.0615
29.1458 52.0539
29.1468 52.0471
29.1478 52.0412
29.1487 51.9111
29.1499 51.7972
29.1506 51.6975
29.1519 51.6103
29.1526 51.5341
29.1538 51.4673
29.1545 51.4089
29.1557 51.3578
29.1564 51.3131
29.1576 51.2739
29.1583 51.2397
29.1595 51.2097
29.1603 51.1835
29.1615 51.1606
29.1622 51.1405
29.1634 51.1229
29.1643 51.1076
29.1653 50.9691
29.1665 50.848
29.1675 50.742
29.1687 50.6492
29.1696 50.5681
29.1706 50.4971
29.1718 50.4349
29.1728 50.3806
29.174 50.333
29.1749 50.2914
29.1761 50.38
29.1771 50.4575
29.1783 50.5253
29.1792 50.5846
29.1804 50.6365
29.1814 50.682
29.1826 50.7217
29.1836 50.6315
29.1848 50.5526
29.1857 50.4835
29.1872 50.5481
29.1881 50.6046
29.1893 50.654
29.1905 50.6972
29.1915 50.7351
29.1927 50.7682
29.1937 50.7972
29.1949 50.8225
29.1958 50.8447
29.197 50.8641
29.1982 50.8811
29.1994 50.896
29.2004 50.909
29.2016 50.9203
29.2026 50.9303
29.2038 50.939
29.2047 50.9466
29.2059 50.9533
29.2069 50.9591
29.2081 51.0893
29.209 51.2031
29.2102 51.3027
29.2114 51.3899
29.2124 51.4661
29.2136 51.5329
29.2148 51.5913
29.2158 51.5174
29.217 51.4527
29.2182 51.5211
29.2191 51.581
29.2203 51.6333
29.2218 51.6792
29.2227 51.7193
29.2239 51.7544
29.2251 51.9101
29.2261 52.0463
29.2271 52.1655
29.2283 52.2698
29.2295 52.3611
29.2304 52.441
29.2314 52.5108
29.2324 52.572
29.2333 52.6255
29.2343 52.6723
29.2352 52.5883
29.2364 52.5147
29.2374 52.4504
29.2384 52.3941
29.2396 52.3448
29.2405 52.3017
29.2417 52.264
29.2427 52.231
29.2437 52.2021
29.2449 52.1769
29.2458 52.1548
29.2465 52.1354
29.2477 52.1185
29.2487 52.2287
29.2494 52.3251
29.2506 52.4095
29.2513 52.4833
29.2523 52.5479
29.2535 52.6044
29.2542 52.7788
29.2552 52.9315
29.2561 53.065
29.2574 53.1819
29.2583 53.2842
29.2595 53.3736
29.2605 53.4519
29.2617 53.3954
29.2626 53.346
29.2638 53.3028
29.265 53.3899
29.2658 53.3412
29.2672 53.4235
29.2684 53.4956
29.2691 53.5586
29.2706 53.6138
29.2723 53.5371
29.2737 53.4699
29.2747 53.4112
29.2761 53.3598
29.2775 53.3148
29.2785 53.1505
29.2799 53.0067
29.2811 53.0058
29.2826 52.8801
29.2838 52.7701
29.285 52.5488
29.2864 52.4802
29.2876 52.4202
29.2888 52.2427
29.2903 52.2123
29.2915 52.0608
29.2929 51.9282
29.2941 51.9372
29.2953 51.82
29.2963 51.7175
29.2972 51.6278
29.2982 51.5494
29.2992 51.4807
29.3004 51.4206
29.3013 51.368
29.3023 51.322
29.3035 51.2818
29.3042 51.2465
29.3052 51.2157
29.3059 51.0638
29.3069 50.9308
29.3081 50.9394
29.309 50.947
29.3102 50.8286
29.3112 50.7251
29.3124 50.6344
29.3133 50.5551
29.3145 50.4857
29.3155 50.425
29.3167 50.3719
29.3177 50.3254
29.3191 50.4097
29.3201 50.4835
29.3215 50.5481
29.3225 50.6046
29.3239 50.654
29.3251 50.8222
29.3261 50.9695
29.3275 51.0983
29.3282 51.211
29.3297 51.3096
29.3306 51.3959
29.3318 51.4714
29.3328 51.4125
29.334 51.4859
29.335 51.4252
29.3362 51.497
29.3374 51.5599
29.3386 51.6149
29.3395 51.6631
29.3407 51.7052
29.3419 51.742
29.3431 51.8993
29.3436 51.9119
29.3446 51.9229
29.3455 51.9325
29.3465 51.941
29.3475 51.9483
29.3484 51.9548
29.3496 51.9604
29.3504 51.9654
29.3516 51.9697
29.3523 51.9735
29.3532 51.9768
29.3542 51.8547
29.3552 51.7479
29.3561 51.6544
29.3571 51.5726
29.3578 51.376
29.359 51.329
29.36 51.1629
29.3609 51.0175
29.3619 50.8903
29.3629 50.779
29.3638 50.6817
29.3648 50.5965
29.3657 50.5219
29.3667 50.4567
29.3679 50.3996
29.3689 50.3496
29.3698 50.3059
29.371 50.3927
29.372 50.3436
29.3732 50.4256
29.3741 50.4974
29.3753 50.4353
29.3763 50.3809
29.3775 50.3332
29.3785 50.2916
29.3797 50.2551
29.3806 50.2232
29.3818 50.1953
29.3828 50.1709
29.384 50.1496
29.385 50.1309
29.3862 50.2395
29.3871 50.3346
29.3883 50.4177
29.3893 50.4905
29.3905 50.5542
29.3917 50.6099
29.3927 50.6587
29.3941 50.7014
29.3953 50.7387
29.3963 50.7713
29.3975 50.7999
29.3987 50.8249
29.3996 50.8468
29.4008 50.866
29.402 51.0077
29.403 51.0068
29.4042 51.1309
29.4054 51.2395
29.4063 51.3346
29.4076 51.4178
29.4085 51.4906
29.4097 51.5542
29.4107 51.61
29.4119 51.6587
29.4128 51.7014
29.4138 51.6137
29.4148 51.537
29.4157 51.4699
29.4169 51.4111
29.4179 51.3597
29.4188 51.3148
29.42 51.4004
29.421 51.4754
29.4222 51.5409
29.4232 51.5983
29.4241 51.6485
29.4253 51.6925
29.4263 51.7309
29.4273 51.7645
29.4285 51.794
29.4294 51.8197
29.4306 51.8423
29.4316 51.862
29.4323 51.8792
29.4335 51.8943
29.4345 51.9075
29.4357 51.9191
29.4366 51.9292
29.4378 51.9381
29.4388 51.9458
29.44 51.8276
29.441 51.7241
29.4422 51.7586
29.4431 51.7888
29.4443 51.8152
29.4453 51.8383
29.4465 51.8585
29.4474 51.8762
29.4486 51.8917
29.4496 51.9052
29.4508 51.9171
29.4515 51.9274
29.4527 51.9365
29.4537 52.0694
29.4544 52.1858
29.4556 52.2875
29.4563 52.3766
29.4575 52.4545
29.4583 52.6477
29.4592 52.8167
29.4602 52.9646
29.4611 53.0941
29.4621 53.2073
29.4633 53.3064
29.4645 53.3931
29.4655 53.469
29.4667 53.5353
29.4674 53.5934
29.4686 53.6442
29.4696 53.6887
29.4708 53.7276
29.4717 53.7617
29.4729 53.7915
29.4739 53.6925
29.4748 53.606
29.4763 53.6552
29.477 53.6983
29.4789 53.611
29.4801 53.6596
29.4813 53.5772
29.4828 53.505
29.4837 53.4419
29.4852 53.3867
29.4861 53.3383
29.4876 53.296
29.4888 53.134
29.49 52.9923
29.4914 52.8682
29.4924 52.7597
29.4938 52.6648
29.4948 52.4567
29.4962 52.3996
29.4974 52.3496
29.4986 52.1809
29.4998 52.0333
29.501 52.0291
29.502 51.7755
29.5032 51.6786
29.5042 51.5937
29.5049 51.3945
29.5061 51.3452
29.507 51.3021
29.508 51.2643
29.509 51.1063
29.5102 51.093
29.5109 50.9564
29.5121 50.9618
29.5131 50.9666
29.5143 50.9708
29.5152 50.9744
29.5162 50.9776
29.5174 50.9804
29.5186 50.9829
29.5198 50.985
29.521 50.9869
29.5219 50.9885
29.5231 51.115
29.5241 51.2256
29.5253 51.3224
29.5263 51.4071
29.5272 51.4812
29.5282 51.546
29.5294 51.6028
29.5304 51.6524
29.5318 51.6959
29.5328 51.7339
29.5342 51.8922
29.5349 51.9056
29.5364 52.0424
29.5373 52.1621
29.5383 52.2669
29.5395 52.3585
29.5404 52.3137
29.5416 52.2745
29.5426 52.2402
29.5433 52.2101
29.5443 52.1839
29.5453 52.1609
29.5462 52.1408
29.5472 52.1232
29.5481 52.1078
29.5491 52.0943
29.5501 52.0825
29.551 52.0722
29.552 51.9382
29.5529 51.8209
29.5539 51.7183
29.5549 51.6285
29.5558 51.5499
29.5568 51.4812
29.5575 51.4211
29.5587 51.3684
29.5594 51.3224
29.5606 51.2821
29.5614 51.2468
29.5626 51.216
29.5633 51.189
29.5645 51.1653
29.5652 51.1447
29.5664 51.1266
29.5674 51.1108
29.5686 51.0969
29.5695 51.0848
29.5707 51.0742
29.5719 51.0649
29.5729 51.0568
29.5741 51.1747
29.5751 51.2779
29.576 51.2431
29.5772 51.2127
29.5782 51.1862
29.5794 51.1629
29.5803 51.1425
29.5813 51.1247
29.5825 51.1091
29.5837 51.0955
29.5847 51.0835
29.5856 51.0731
29.5866 51.064
29.5878 51.056
29.589 51.049
29.59 51.0428
29.5909 51.0375
29.5919 51.0328
29.5928 51.0287
29.5938 51.0251
29.5948 51.022
29.596 51.0192
29.5969 51.0168
29.5979 51.0147
29.5991 51.1379
29.6 51.2456
29.601 51.3399
29.6022 51.4224
29.6032 51.4946
29.6044 51.5578
29.6053 51.6131
29.6063 51.5364
29.6075 51.4694
29.6085 51.4107
29.6094 51.3594
29.6106 51.3145
29.6116 51.2751
29.6123 51.2408
29.6135 51.2107
29.6145 51.1843
29.6157 51.1613
29.6166 51.1411
29.6178 51.1235
29.6188 51.108
29.62 51.0945
29.621 51.0827
29.6222 51.1974
29.6231 51.2977
29.6243 51.3855
29.6253 51.4623
29.6265 51.5295
29.6274 51.5883
29.6286 51.6398
29.6296 51.6848
29.6306 51.7242
29.6315 51.7587
29.6325 51.7888
29.6337 51.8152
29.6347 51.8383
29.6359 51.8585
29.6368 51.8762
29.638 52.0167
29.639 52.0146
29.6402 52.1378
29.6411 52.2456
29.6423 52.3399
29.6433 52.4224
29.6443 52.4946
29.6452 52.5578
29.6464 52.613
29.6474 52.6614
29.6486 52.7037
29.6496 52.7408
29.6508 52.7732
29.6517 52.8015
29.6529 52.8263
29.6539 52.723
29.6551 52.7577
29.656 52.788
29.657 52.9395
29.658 52.947
29.6587 52.9536
29.6599 52.9594
29.6608 52.9645
29.6616 52.9689
29.6625 53.0978
29.6635 53.2106
29.6645 53.3093
29.6652 53.3956
29.6664 53.4712
29.6673 53.6623
29.6683 53.8295
29.6695 53.9758
29.6705 53.9788
29.6717 53.9815
29.6726 53.9838
29.6738 53.9858
29.6748 53.9876
29.676 53.9891
29.6769 53.9905
29.6782 54.1167
29.6791 54.2271
29.6803 54.3237
29.6813 54.4082
29.683 54.4822
29.6844 54.4219
29.6854 54.3692
29.6866 54.323
29.6878 54.1577
29.689 54.013
29.6902 53.8863
29.6914 53.7755
29.6926 53.6786
29.694 53.5938
29.695 53.3946
29.6962 53.3452
29.6976 53.1771
29.6988 53.0299
29.7 53.0262
29.7012 52.8979
29.7024 52.7857
29.7039 52.6875
29.7048 52.4765
29.706 52.417
29.707 52.2398
29.708 52.0849
29.7089 51.9493
29.7099 51.8306
29.7108 51.7268
29.7118 51.6359
29.713 51.5564
29.7137 51.4869
29.7147 51.426
29.7156 51.3728
29.7168 51.3262
29.7178 51.2854
29.719 51.3747
29.7202 51.4529
29.7212 51.5213
29.7226 51.5811
29.7236 51.6335
29.7248 51.6793
29.7255 51.7194
29.7265 51.7545
29.7277 51.7851
29.7286 51.812
29.7298 51.8355
29.7308 51.8561
29.7317 51.8741
29.7329 51.7648
29.7341 51.7942
29.7351 51.8199
29.7363 51.8424
29.7375 51.8621
29.7385 51.8794
29.7394 51.8944
29.7406 51.9076
29.7418 51.9192
29.7428 51.9293
29.744 51.9381
29.7447 51.9459
29.7454 51.9526
29.7466 51.9585
29.7474 51.9637
29.7483 51.9683
29.7493 51.9722
29.7502 51.9757
29.7512 51.9787
29.7522 51.9814
29.7531 51.9837
29.7543 51.9858
29.7551 51.9875
29.756 51.9891
29.757 51.8655
29.7579 51.7573
29.7591 51.7876
29.7599 51.6892
29.7611 51.728
29.762 51.762
29.763 51.6668
29.7639 51.5834
29.7649 51.5105
29.7659 51.4467
29.7671 51.5158
29.7678 51.4514
29.7688 51.3949
29.7697 51.3456
29.7709 51.3024
29.7719 51.2646
29.7728 51.2315
29.7738 51.2026
29.7748 51.1772
29.7757 51.1551
29.7767 51.1357
29.7776 51.1187
29.7786 51.1039
29.7798 51.0909
29.7808 51.0795
29.7817 51.0696
29.7829 51.0609
29.7839 51.0533
29.7849 51.0466
29.7858 51.0408
29.7868 51.0357
29.788 51.0312
29.7889 50.9023
29.7899 50.7895
29.7911 50.8158
29.7923 50.8389
29.7933 50.859
29.7945 50.8766
29.7954 50.8921
29.7966 50.9055
29.7976 50.9173
29.7986 50.9277
29.7995 50.9367
29.8005 50.9446
29.8017 50.9516
29.8026 50.9576
29.8038 50.9629
29.8048 50.9675
29.806 51.0966
29.807 51.0845
29.8082 51.199
29.8091 51.2991
29.8103 51.3867
29.8113 51.4634
29.8125 51.5304
29.8135 51.5891
29.8147 51.6405
29.8156 51.6854
29.8168 51.7248
29.8175 51.7592
29.8187 51.7893
29.8197 51.8156
29.8207 51.8387
29.8219 51.8588
29.8228 51.8765
29.824 52.0169
29.825 51.8898
29.8262 51.9036
29.8271 51.9156
29.8284 51.9262
29.8293 51.9354
29.8305 51.9435
29.8315 51.9505
29.8324 51.9567
29.8334 51.9621
29.8346 51.9669
29.8356 51.971
29.8368 51.9746
29.8377 51.9778
29.8389 51.9806
29.8399 51.983
29.8411 52.1101
29.842 52.2214
29.8433 52.3187
29.8442 52.4039
29.8452 52.4784
29.8464 52.5436
29.8473 52.6006
29.8483 52.6505
29.8493 52.6942
29.8502 52.7325
29.8512 52.7659
29.8524 52.7952
29.8533 52.8208
29.8545 52.8432
29.8555 52.8628
29.8567 52.8799
29.8577 52.8949
29.8589 52.9081
29.8598 52.9196
29.8608 52.9296
29.8618 52.9384
29.8627 52.9461
29.8637 53.0778
29.8646 53.1931
29.8654 53.294
29.8663 53.3822
29.8673 53.4594
29.8685 53.652
29.8694 53.6955
29.8706 53.7336
29.8716 53.7669
29.8726 53.796
29.8735 53.8215
29.8745 53.8438
29.8757 53.8633
29.8767 53.8804
29.8779 53.8954
29.8788 53.9085
29.88 54.0449
29.881 54.0393
29.8822 54.1594
29.8831 54.2644
29.8843 54.3564
29.8853 54.4368
29.8867 54.5072
29.888 54.3188
29.8894 54.279
29.8904 54.2441
29.8918 54.0886
29.8928 53.9525
29.8942 53.9585
29.8954 53.8386
29.8966 53.7338
29.8978 53.6421
29.899 53.5618
29.9002 53.4916
29.9014 53.4301
29.9026 53.2514
29.9038 53.095
29.9048 52.9581
29.9062 52.8383
29.9074 52.7335
29.9086 52.5168
29.9098 52.3272
29.9108 52.1613
29.9117 52.0162
29.9127 51.8891
29.9137 51.778
29.9146 51.6807
29.9156 51.5957
29.9165 51.5212
29.9175 51.456
29.9185 51.399
29.9197 51.3492
29.9206 51.3055
29.9221 51.3923
29.923 51.4683
29.9242 51.5347
29.9252 51.5929
29.9262 51.6438
29.9274 51.6883
29.9283 51.7273
29.929 51.7614
29.9302 51.7912
29.9312 51.8173
29.9322 51.8401
29.9334 51.8601
29.9343 51.8776
29.9355 51.8929
29.9365 51.9063
29.9375 51.918
29.9387 51.9283
29.9396 51.9372
29.9411 52.0701
29.942 52.1863
29.9432 52.288
29.9442 52.377
29.9454 52.4549
29.9461 52.523
29.9471 52.5826
29.948 52.6348
29.9488 52.5555
29.95 52.486
29.9509 52.4253
29.9514 52.3721
