0.0 36200
0.102037 39096
0.104801 41992
0.107564 44888
0.110327 47784
0.113091 50680
0.115313 53576
0.117091 56472
0.121683 59368
0.123165 62264
0.124646 65160
0.126127 68056
0.127609 70952
0.128993 73848
0.130279 76744
0.131549 79640
0.132801 82536
0.134053 85432
0.13527 88328
0.136488 91224
0.137705 94120
0.138867 97016
0.140028 99912
0.14119 102808
0.142324 105704
0.143346 108600
0.144314 111496
0.145228 114392
0.146059 117288
0.146889 120184
0.147647 123080
0.148405 125976
0.1491 128872
0.149794 131768
0.150489 134664
0.151158 137560
0.151802 140456
0.152443 143352
0.153082 146248
0.153697 149144
0.15429 152040
0.15488 154936
0.155466 157832
0.156052 160728
0.1566 163624
0.157147 166520
0.157687 169416
0.158226 172312
0.158743 175208
0.15926 178104
0.15976 181000
0.160244 183896
0.160728 186792
0.161213 189688
0.161697 192584
0.162181 195480
0.162665 198376
0.16315 201272
0.163634 204168
0.164118 207064
0.164603 209960
0.165085 212856
0.165566 215752
0.166046 218648
0.166527 221544
0.167008 224440
0.167488 227336
0.167969 230232
0.168449 233128
0.16893 236024
0.169411 238920
0.169891 241816
0.170372 244712
0.170853 247608
0.171333 250504
0.171814 253400
0.172295 256296
0.172775 259192
0.173256 262088
0.173736 264984
0.174217 267880
0.174698 270776
0.175178 273672
0.175659 276568
0.17614 279464
0.17662 282360
0.177101 285256
0.177582 288152
0.178062 291048
0.178543 293944
0.179024 296840
0.179504 299736
0.179985 302632
0.180465 305528
0.180946 308424
0.181427 311320
0.181907 314216
0.182388 317112
0.182869 320008
0.183349 322904
0.18383 325800
0.184311 328696
0.184791 331592
0.185272 334488
0.185752 337384
0.186233 340280
0.186714 343176
0.187194 346072
0.187675 348968
0.188156 351864
0.188636 354760
0.196807 357656
0.197288 360552
0.330428 359104
0.330428 357656
0.330428 359104
0.375368 360552
0.375608 360718
0.390024 126654
0.390024 128102
0.390505 130998
0.390986 133894
0.391466 136790
0.391947 139686
0.392428 142582
0.392908 145478
0.393389 148374
0.39387 151270
0.39435 154166
0.394831 157062
0.395312 159958
0.395792 162854
0.396273 165750
0.396753 168646
0.397234 171542
0.397715 174438
0.398195 177334
0.398676 180230
0.399157 183126
0.399637 186022
0.400118 188918
0.400599 191814
0.401079 194710
0.40156 197606
0.40204 200502
0.402521 203398
0.403002 206294
0.403482 209190
0.403963 212086
0.404444 214982
0.404924 217878
0.405405 220774
0.405886 223670
0.406366 226566
0.406847 229462
0.407328 232358
0.407808 235254
0.408289 238150
0.408769 241046
0.40925 243942
0.409731 246838
0.410211 249734
0.410692 252630
0.411173 255526
0.411653 258422
0.412134 261318
0.412615 264214
0.413095 267110
0.413576 270006
0.414056 272902
0.414537 275798
0.415018 278694
0.415498 281590
0.415979 284486
0.41646 287382
0.41694 290278
0.417421 293174
0.417902 296070
0.418382 298966
0.418863 301862
0.419344 304758
0.419824 307654
0.420305 310550
0.420785 313446
0.421266 316342
0.421747 319238
0.422227 322134
0.422708 325030
0.423189 327926
0.423669 330822
0.42415 333718
0.424631 336614
0.425111 339510
0.425592 342406
0.426072 345302
0.426553 348198
0.427034 254757
0.430641 128872
0.430641 127424
0.430641 128872
0.434727 130320
0.434967 131768
0.435207 133216
0.435448 134664
0.435688 136112
0.435928 137560
0.436168 139008
0.436409 140456
0.436649 141904
0.436889 143352
0.43713 144800
0.43737 146248
0.43761 147696
0.437851 149144
0.438091 150592
0.438331 152040
0.438572 153488
0.438812 154936
0.439052 156384
0.439293 157832
0.439533 159280
0.439773 160728
0.440014 162176
0.440254 163624
0.440494 165072
0.440735 166520
0.440975 167968
0.441215 169416
0.441456 170864
0.441696 172312
0.441936 173760
0.442176 175208
0.442417 176656
0.442657 178104
0.442897 179552
0.443138 181000
0.443378 182448
0.443618 183896
0.443859 185344
0.444099 186792
0.444339 188240
0.44458 189688
0.44482 191136
0.44506 192584
0.445301 194032
0.445541 195480
0.445781 196928
0.446022 198376
0.446262 199824
0.446502 201272
0.446743 202720
0.446983 204168
0.447223 205616
0.447464 207064
0.447704 208512
0.448006 209960
0.448246 211408
0.448487 212856
0.448727 214304
0.448967 215752
0.449208 217200
0.449448 218648
0.449688 220096
0.449928 221544
0.450169 222992
0.450409 224440
0.450649 225888
0.45089 227336
0.45113 228784
0.45137 230232
0.451611 231680
0.451851 233128
0.452089 254757
0.452089 126654
0.452089 128102
0.452569 130998
0.45305 133894
0.453531 136790
0.454011 139686
0.454492 142582
0.454973 145478
0.455453 148374
0.455934 151270
0.456415 154166
0.456895 157062
0.457376 159958
0.457856 162854
0.458337 165750
0.458818 168646
0.459298 171542
0.459779 174438
0.46026 177334
0.46074 180230
0.461221 183126
0.461702 186022
0.462182 188918
0.462663 191814
0.463144 194710
0.463624 197606
0.464105 200502
0.464585 203398
0.465066 206294
0.465547 209190
0.466027 212086
0.466508 214982
0.466989 217878
0.467469 220774
0.46795 223670
0.468431 226566
0.468911 229462
0.469392 232358
0.469872 235254
0.470353 238150
0.470834 241046
0.471314 243942
0.471795 246838
0.472276 249734
0.472756 251861
0.56552 248251
0.587629 251147
0.607816 248251
0.749124 251147
0.769311 248251
0.910619 251147
0.930806 248251
1.07211 251147
1.0923 248251
1.23361 251147
1.2538 248251
1.3951 251147
1.41529 248251
1.5566 251147
1.57679 248251
1.71809 251147
1.73828 248251
1.87959 251147
1.89978 248251
2.04108 251147
2.06127 248251
2.20258 251147
2.22277 248251
2.36407 251147
2.38426 248251
2.52557 251147
2.54576 248251
2.68706 251147
2.70725 248251
2.84856 251147
2.86875 248251
3.01005 251147
3.03024 248251
3.17155 251147
3.19174 248251
3.33304 251147
3.35323 248251
3.49454 251147
3.51473 248251
3.65604 251147
3.67622 248251
3.81753 251147
3.83772 248251
3.97903 251147
3.99921 248251
4.14052 251147
4.16071 248251
4.30202 251147
4.3222 248251
4.46351 251147
4.4837 248251
4.62501 251147
4.64519 248251
4.7865 251147
4.80669 248251
4.948 251147
4.96818 248251
5.10949 251147
5.12968 248251
5.27099 251147
5.29117 248251
5.43248 251147
5.45267 248251
5.59398 251147
5.61416 248251
5.75547 251147
5.77566 248251
5.91697 251147
5.93715 248251
6.07846 251147
6.09865 248251
6.23996 251147
6.26014 248251
6.40145 251147
6.42164 248251
6.56295 251147
6.58313 248251
6.72444 251147
6.74463 248251
6.88594 251147
6.90612 248251
7.04743 251147
7.06762 248251
7.20893 251147
7.22911 248251
7.37042 251147
7.39061 248251
7.53192 251147
7.5521 248251
7.69341 251147
7.7136 248251
7.85491 251147
7.87509 248251
8.0164 251147
8.03659 248251
8.1779 251147
8.19808 248251
8.33939 251147
8.35958 248251
8.50089 251147
8.52107 248251
8.66238 251147
8.68257 248251
8.82388 251147
8.84406 248251
8.98537 251147
9.00556 248251
9.14687 251147
9.16705 248251
9.30836 251147
9.32855 248251
9.46986 251147
9.49004 248251
9.63135 251147
9.65154 248251
9.79285 251147
9.81303 248251
9.95434 251147
9.97453 248251
10.0411 141474
10.0411 5792
10.0421 8688
10.0421 5792
10.0428 8688
10.0428 5792
10.0433 8688
10.0433 5792
10.0438 8688
10.0438 5792
10.0442 8688
10.0442 5792
10.0447 8688
10.0447 5792
10.0452 8688
10.0452 5792
10.0457 8688
10.0457 5792
10.0462 8688
10.0462 5792
10.0466 8688
10.0466 5792
10.0471 8688
10.0471 5792
10.0476 8688
10.0476 5792
10.0481 8688
10.0481 5792
10.0486 8688
10.0486 5792
10.049 8688
10.049 5792
10.0495 8688
10.0495 5792
10.05 8688
10.05 5792
10.0505 8688
10.0505 5792
10.051 8688
10.051 5792
10.0514 8688
10.0514 5792
10.0519 8688
10.0519 5792
10.0524 8688
10.0524 5792
10.0529 8688
10.0529 5792
10.0534 8688
10.0534 5792
10.0539 8688
10.0539 5792
10.0543 8688
10.0543 5792
10.0548 8688
10.0548 5792
10.0553 8688
10.0553 5792
10.0558 8688
10.0558 5792
10.0563 8688
10.0563 5792
10.0567 8688
10.0567 5792
10.0572 8688
10.0572 5792
10.0577 8688
10.0577 5792
10.0582 8688
10.0582 5792
10.0587 8688
10.0587 5792
10.0591 8688
10.0591 5792
10.0596 8688
10.0596 5792
10.0601 8688
10.0601 5792
10.0606 8688
10.0606 5792
10.0611 8688
10.0611 5792
10.0615 8688
10.0615 5792
10.062 8688
10.062 5792
10.0627 8688
10.0627 5792
10.0632 8688
10.0632 5792
10.0637 8688
10.0637 5792
10.0642 8688
10.0642 5792
10.0844 8688
10.0844 5792
10.0852 8688
10.0852 5792
10.1054 8688
10.1054 5792
10.1059 8688
10.1059 5792
10.1262 8688
10.1262 5792
10.1269 8688
10.1269 5792
10.1471 8688
10.1471 5792
10.1481 8688
10.1481 5792
10.1683 8688
10.1683 5792
10.1698 8688
10.1698 5792
10.1904 8688
10.1904 5792
10.1924 8688
10.1924 5792
10.2135 8688
10.2135 5792
10.2159 8688
10.2159 5792
10.2375 8688
10.2375 5792
10.2404 8688
10.2404 5792
10.2625 8688
10.2625 5792
10.2659 254757
10.2659 255342
10.3111 258238
10.3337 255342
10.3368 201177
10.4904 204073
10.5127 201177
10.6687 204073
10.6908 201177
10.8484 204073
10.8705 201177
11.0294 204073
11.0525 201177
11.1003 125289
11.1013 126442
11.2116 129338
11.2339 126442
11.2577 127453
11.2599 128712
11.2608 131537
11.3896 134433
11.4115 131537
11.4375 133628
11.4408 135794
11.4444 137937
11.568 140833
11.5905 137937
11.7465 140833
11.7684 137937
11.9239 140833
11.9465 137937
12.0943 138684
12.1017 140907
12.1036 143803
12.1262 140907
12.1647 142153
12.1673 143498
12.2707 144964
12.2822 147860
12.3043 144964
12.4343 146413
12.4372 147894
12.4598 150790
12.4821 147894
12.5891 148374
12.5968 150824
12.6374 153720
12.6592 150824
12.771 152274
12.8131 155170
12.8356 152274
12.9423 152759
12.9916 155655
13.0137 152759
13.1687 155655
13.1908 152759
13.3456 155655
13.3675 152759
13.3898 151551
13.3968 152614
13.3999 153070
13.4042 153842
13.4057 154622
13.4064 155410
13.4105 156206
13.5246 159102
13.5465 156206
13.5749 157826
13.5785 159837
13.5828 160667
13.5852 161505
13.7027 164401
13.7251 161505
13.7503 162964
13.8806 165860
13.9029 162964
13.9269 164076
14.0584 166972
14.0803 164076
14.236 166972
14.2511 169868
14.2518 169877
14.2583 166981
14.4133 169877
14.4155 172773
14.4162 172781
14.4359 169885
14.583 171875
14.5902 174771
14.5909 175634
14.6126 172738
14.7661 175634
14.7882 172738
14.9125 173714
14.9219 175642
14.943 178538
14.9649 175642
15.0757 176635
15.0771 177106
15.1199 180002
15.1422 177106
15.2485 177587
15.253 178558
15.2965 181454
15.3186 178558
15.4727 181454
15.4948 178558
15.65 181454
15.6726 178558
15.8279 181454
15.8497 178558
15.8968 176057
16.0045 178953
16.0264 176057
16.0655 176868
16.0677 177775
16.1809 180671
16.2028 177775
16.2369 178692
16.2393 180571
16.3575 183467
16.3799 180571
16.4109 182429
16.4207 183366
16.5361 186262
16.5587 183366
16.5822 184313
16.5856 185210
16.7144 188106
16.7365 185210
16.892 188106
16.9139 185210
17.0578 184624
17.0686 187520
17.0775 188166
17.091 185270
17.2446 186742
17.246 189638
17.2679 186742
17.4152 188201
17.4217 189637
17.4231 192533
17.4455 189637
17.5875 190073
17.5947 190922
17.5997 193818
17.6216 190922
17.748 191077
17.7757 193973
17.798 191077
17.905 191404
17.91 193317
17.9177 194043
17.9516 196939
17.9734 194043
18.083 194981
18.128 197877
18.1503 194981
18.3044 197877
18.3265 194981
18.482 197877
18.5041 194981
18.6593 197877
18.6814 194981
18.8355 197877
18.8576 194981
18.9056 193363
19.0121 196259
19.0342 193363
19.0652 193553
19.0722 194549
19.0741 195556
19.189 198452
19.2111 195556
19.2402 196574
19.2426 198367
19.3651 201263
19.387 198367
19.5406 201263
19.5627 198367
19.5862 200140
19.7177 203036
19.7398 200140
19.8934 203036
19.9152 200140
20.0373 197556
20.0698 200452
20.0782 202256
20.0919 199360
20.1082 199436
20.1101 200445
20.1111 202697
20.1126 203170
20.1135 205411
20.1217 206104
20.1224 206453
20.1248 206817
20.1255 207449
20.126 208084
20.1616 209482
20.1633 209792
20.1647 210120
20.1681 212945
20.1731 212173
20.1738 211450
20.1743 210817
20.1748 210263
20.1754 209779
20.1762 209355
20.1766 208984
20.1773 208660
20.1779 207190
20.1787 207090
20.1792 207003
20.1798 206926
20.1804 206859
20.181 206800
20.1817 206748
20.1823 206703
20.1829 205479
20.186 204736
20.1868 205457
20.188 204814
20.1887 205555
20.205 205544
20.2432 208440
20.2639 208260
20.2648 207652
20.267 210548
20.2675 210740
20.2696 213636
20.2701 214237
20.2723 217133
20.2727 217665
20.2744 220561
20.2754 222123
20.279 219227
20.2836 221062
20.2862 223958
20.2867 224139
20.2925 226484
20.2968 227071
20.4229 229967
20.4439 227071
20.5924 229967
20.614 227071
20.7596 208926
20.7616 211822
20.7825 208926
20.9146 182312
20.93 185208
20.9512 182312
21.0985 185208
21.1196 182312
21.2333 181397
21.2679 184293
21.2891 181397
21.3727 178897
21.4196 170698
21.4381 173594
21.4592 170698
21.6077 173594
21.6291 170698
21.7418 166485
21.7776 169381
21.7985 166485
21.8846 162318
21.9319 155447
21.9461 158343
21.9672 155447
22.1162 158343
22.1376 155447
22.2734 154401
22.2871 157297
22.308 154401
22.4246 148884
22.4577 151780
22.4779 139362
22.4789 136466
22.6262 139362
22.6476 136466
22.7971 139362
22.8182 136466
22.8245 126737
22.9675 129633
22.973 129540
22.9891 126644
23.023 115662
23.1405 118558
23.1621 115662
23.3116 118558
23.3327 115662
23.3657 111758
23.4829 114654
23.5041 111758
23.5147 110657
23.5639 101701
23.6531 104597
23.675 101701
23.8242 104597
23.8461 101701
23.9124 99339
23.9955 102235
24.0167 99339
24.0645 96555
24.1171 89769
24.1695 92665
24.1916 89769
24.343 92665
24.3652 89769
24.4671 85445
24.5161 88341
24.5384 85445
24.6237 84244
24.6766 76127
24.6898 79023
24.7119 76127
24.8648 79023
24.8867 76127
25.039 79023
25.0616 76127
25.1491 71463
25.2152 74359
25.2368 71463
25.2551 67497
25.3892 70393
25.4122 67497
25.5651 70393
25.5711 68757
25.5865 65861
25.7309 62359
25.7371 65255
25.7593 62359
25.8371 61598
25.915 64494
25.9366 61598
26.0914 64494
26.1125 61598
26.1539 56398
26.268 59294
26.2896 56398
26.3622 55745
26.4437 58641
26.4663 55745
26.621 58641
26.6441 55745
26.6821 55531
26.734 50011
26.8008 52907
26.8244 50011
26.9815 52907
27.0051 50011
27.0459 49289
27.1577 52185
27.1795 49289
27.2567 49215
27.312 46578
27.3374 49474
27.3619 46578
27.5232 49474
27.5451 46578
27.6313 44854
27.7027 47750
27.7251 44854
27.8806 47750
27.9015 44854
28.0589 47750
28.0822 44854
28.1593 42361
28.2398 45257
28.2615 42361
28.3179 40458
28.4191 43354
28.4424 40458
28.5957 43354
28.6195 40458
28.7837 43354
28.808 40458
28.8363 37971
28.9666 40867
28.9904 37971
29.056 37051
29.1569 39947
29.1797 37051
29.3379 39947
29.3616 37051
29.4164 35902
29.5159 38798
29.5409 35902
29.6993 38798
29.7243 35902
29.8855 38798
29.9072 35902
29.9536 35281
29.9896 35627
29.9939 37456
30.0665 40352
30.1027 43248
30.1059 43710
30.1275 43895
30.1305 44241
30.1332 44854
30.1361 45079
30.1389 47975
30.1417 50071
30.1727 52967
30.1753 53212
30.1924 50569
30.2085 53465
30.2102 53690
30.214 55320
30.2159 58216
30.2183 59690
30.2664 38747
30.2664 5792
30.2686 8688
30.2686 5792
30.271 8688
30.271 5792
30.2734 8688
30.2734 5792
30.2758 8688
30.2758 5792
30.2782 8688
30.2782 5792
30.2806 8688
30.2806 5792
30.283 8688
30.283 5792
30.2854 8688
30.2854 5792
30.2878 8688
30.2878 5792
30.2902 8688
30.2902 5792
30.3097 8688
30.3097 5792
30.313 8688
30.313 5792
30.3314 8688
30.3314 5792
30.3348 8688
30.3348 5792
30.3533 8688
30.3533 5792
30.3572 8688
30.3572 5792
30.3764 8688
30.3764 5792
30.3807 8688
30.3807 5792
30.3988 8688
30.3988 5792
30.4036 8688
30.4036 5792
30.4213 8688
30.4213 5792
30.4264 8688
30.4264 5792
30.4439 8688
30.4439 5792
30.4492 8688
30.4492 5792
30.4668 8688
30.4668 5792
30.4723 8688
30.4723 5792
30.4898 254757
30.4898 59239
30.4956 59145
30.5405 48663
30.5528 51454
30.5622 54350
30.5879 51454
30.6232 51480
30.7568 54376
30.7806 51480
30.826 53182
30.9575 56078
30.9837 53182
31.0063 53729
31.0111 55600
31.0183 56463
31.0209 56785
31.0233 59538
31.1053 62102
31.1574 64998
31.181 62102
31.2096 64246
31.2264 66199
31.3497 69095
31.3752 66199
31.4115 68395
31.4163 69006
31.4177 70267
31.4194 73132
31.547 76028
31.5722 73132
31.5936 73811
31.5965 75200
31.5982 78096
31.5996 78155
31.6052 78862
31.6126 81084
31.7412 83980
31.7655 81084
31.7727 82532
31.7912 82884
31.7928 85780
31.7945 85794
31.9342 88690
31.9575 85794
31.9947 87456
32.001 89413
32.1113 90855
32.1271 93751
32.1509 90855
32.173 92052
32.1774 93186
32.1829 95568
32.1887 97990
32.2757 100309
32.2944 101015
32.3179 103911
32.3422 101015
32.3771 101752
32.3821 103108
32.4549 103370
32.4609 104134
32.4624 104200
32.5124 107096
32.5366 104200
32.5712 105848
32.577 106331
32.6993 106675
32.7049 109571
32.7289 106675
32.7561 107002
32.7582 108544
32.7642 108821
32.7671 109334
32.7681 109852
32.769 112702
32.7722 113240
32.7731 113784
32.8964 116680
32.9199 113784
32.9389 114888
32.9411 116015
32.9471 117859
32.951 120153
32.9562 123049
32.9584 123616
33.0884 126512
33.112 123616
33.1173 124104
33.1355 124187
33.1367 127039
33.141 127365
33.2785 130261
33.3021 128779
33.4587 129804
33.4674 132700
33.472 134501
33.4912 131605
33.6371 133103
33.6484 134566
33.6585 137462
33.682 134566
33.7214 136389
33.7233 137038
33.7243 139859
33.7978 139984
33.7988 140113
33.8019 140500
33.8038 140549
33.805 140739
33.8072 140929
33.8178 142249
33.8485 145145
33.8719 142249
33.9098 142778
33.9137 144195
33.9843 144840
34.0367 147736
34.0607 144840
34.0934 145544
34.097 146256
34.2266 149152
34.2501 146256
34.259 146906
34.2638 147619
34.2859 149009
34.415 151905
34.439 149009
34.4662 149037
34.4703 151873
34.4734 153234
34.4791 153968
34.4808 154709
34.4835 155457
34.6044 158353
34.6281 155457
34.6517 155620
34.6527 158516
34.6534 158529
34.6565 161425
34.6572 161439
34.6599 161943
34.794 164839
34.8173 161943
34.8254 162242
34.8319 164348
34.8425 165616
34.8459 166859
34.9824 169755
35.005 170168
35.0059 167272
35.1703 170168
35.1722 171785
35.1936 168889
35.3296 170261
35.3311 170399
35.3325 171939
35.3599 174835
35.384 171939
35.4212 172063
35.4241 173205
35.5096 175395
35.5483 178291
35.5721 175395
35.606 175695
35.6091 175971
35.6841 176804
35.6865 177336
35.6872 177347
35.6882 177357
35.6889 177367
35.6916 178917
35.7365 181813
35.7601 178917
35.9247 181813
35.9485 178917
36.115 181813
36.1388 178917
36.1717 181111
36.1751 183068
36.1806 183961
36.1835 184863
36.3034 187759
36.3272 184863
36.3532 185773
36.3558 187727
36.3592 189662
36.3637 190592
36.4918 193488
36.5151 190592
36.5401 191533
36.5423 192512
36.5445 193472
36.6805 196368
36.704 193472
36.8689 196368
36.8879 197811
36.8922 194915
37.0575 197811
37.0583 199289
37.0813 196393
37.2344 197337
37.2411 197837
37.2462 200733
37.27 197837
37.4103 198395
37.4204 199314
37.4344 202210
37.4582 199314
37.5697 199816
37.5704 200827
37.6228 203723
37.6466 200827
37.7614 202327
37.8117 205223
37.835 202327
37.9994 205223
38.0227 202327
38.1873 205223
38.2106 202327
38.2409 202793
38.2459 203771
38.2486 204758
38.2505 205756
38.2551 206764
38.3762 209660
38.3997 206764
38.4264 206955
38.4276 207989
38.4324 209614
38.4351 211428
38.5648 214324
38.5886 211428
38.6179 211931
38.7535 214827
38.777 211931
38.9412 214827
38.9551 217710
38.9645 214814
39.1293 217710
39.1382 218534
39.1529 215638
39.3139 216718
39.3168 219614
39.3401 216718
39.4812 217070
39.4891 218182
39.505 221078
39.5285 218182
39.6506 218563
39.6737 219658
39.6936 222554
39.7172 219658
39.8299 221643
39.8318 222649
39.8813 225545
39.9048 222649
39.9974 224460
40.0003 224523
40.0022 224556
40.0036 224590
40.0051 224626
40.0118 224782
40.0161 224917
40.0181 224966
40.0195 224088
40.02 221513
40.0205 220428
40.0209 218530
40.0214 217884
40.0219 216114
40.0224 214566
40.0229 213389
40.0233 212202
40.0238 209994
40.0245 209232
40.0251 208792
40.0257 208208
40.0263 207697
40.027 206274
40.0276 206029
40.0282 205815
40.0288 204659
40.0294 204642
40.0301 204627
40.0307 204613
40.0313 204863
40.0319 203677
40.0332 203907
40.035 204158
40.0369 203706
40.0394 204320
40.04 203958
40.0418 203431
40.0634 206327
40.0856 209170
40.0881 212066
40.0886 214857
40.0905 217753
40.091 220544
40.093 223440
40.0934 225758
40.0939 225215
40.0949 224799
40.0954 227695
40.0959 230121
40.0969 229870
40.0979 232766
40.0983 235308
40.0988 235157
40.0998 235042
40.1003 237938
40.1008 240574
40.1018 240505
40.1028 243401
40.1032 246070
40.1052 246755
40.1067 246834
40.1071 246913
40.1076 246991
40.1081 247070
40.1086 247149
40.1091 247251
40.1096 250147
40.11 252897
40.1163 254326
40.1206 255197
40.1225 252301
40.124 252939
40.1264 253356
40.1293 253853
40.1321 254039
40.1345 254061
40.2672 256957
40.2888 254061
40.4335 256957
40.4542 254061
40.5988 256957
40.6195 254061
40.7642 256957
40.7849 254061
40.9295 256957
40.9502 254061
41.0949 256957
41.1155 254061
41.2602 256957
41.2809 254061
41.4255 256957
41.4462 254061
41.5909 256957
41.6116 254061
41.7562 256957
41.7769 254061
41.9216 256957
41.9422 254061
42.0869 256957
42.1076 254061
42.2522 256957
42.2729 254061
42.4176 256957
42.4383 254061
42.5829 256957
42.6036 254061
42.7483 256957
42.7689 254061
42.9136 256957
42.9343 254061
43.0789 256957
43.0996 254061
43.2443 256957
43.265 254061
43.4096 256957
43.4303 254061
43.575 256957
43.5956 254061
43.7403 256957
43.761 254061
43.9056 256957
43.9263 254061
44.071 256957
44.0917 254061
44.2363 256957
44.257 254061
44.4017 256957
44.4223 254061
44.567 256957
44.5877 254061
44.7324 256957
44.753 254061
44.8977 256957
44.9184 254061
45.063 256957
45.0837 254061
45.2284 256957
45.249 254061
45.3937 256957
45.4144 254061
45.5591 256957
45.5797 254061
45.7244 256957
45.7451 254061
45.8897 256957
45.9104 254061
46.0551 256957
46.0757 254061
46.2204 256957
46.2411 254061
46.3858 256957
46.4064 254061
46.5511 256957
46.5718 254061
46.7164 256957
46.7371 254061
46.8818 256957
46.9024 254061
47.0471 256957
47.0678 254061
47.2125 256957
47.2331 254061
47.3778 256957
47.3985 254061
47.5431 256957
47.5638 254061
47.7085 256957
47.7291 254061
47.8738 256957
47.8945 254061
48.0392 256957
48.0598 254061
48.2045 256957
48.2252 254061
48.3698 256957
48.3905 254061
48.5352 256957
48.5558 254061
48.7005 256957
48.7212 254061
48.8659 256957
48.8865 254061
49.0312 256957
49.0519 254061
49.1965 256957
49.2172 254061
49.3619 256957
49.3825 254061
49.5272 256957
49.5479 254061
49.6926 256957
49.7132 254061
49.8579 256957
49.8786 254061
