0.516956 58.998 96.4057 230 708608
0.517076 57.869 88.8783 182 579072
0.51972 54.562 73.0343 73 495616
0.51984 50.498 65.3776 13 257024
0.51996 47.248 69.8747 12 260096
0.52008 44.599 73.5055 9 262656
0.5202 42.432 76.7134 6 265728
0.52032 40.675 79.7423 4 268800
0.520441 39.269 82.5975 3 270336
0.520561 38.12 84.7832 1 257536
0.521282 34.797 59.5895 0 259072
0.521642 32.164 64.8278 0 260608
0.521883 30.081 69.7019 0 261632
0.522123 28.438 74.1363 0 263168
0.522483 27.148 78.0858 0 264704
0.522724 26.14 81.54 0 266240
0.522964 25.358 84.5114 0 267776
0.523204 24.756 87.0344 0 269312
0.523565 24.299 89.148 0 270336
0.523805 23.957 90.9042 0 271872
0.524045 23.708 92.3476 0 273408
0.524286 23.532 93.5305 0 274944
0.524646 23.416 94.4886 0 276480
0.524887 23.347 95.264 0 278016
0.525127 23.315 95.8916 0 279040
0.525367 23.314 96.3926 0 280576
0.525728 23.338 96.7898 0 282112
0.525968 23.38 97.1114 0 283648
0.526208 23.438 97.3653 0 285184
0.526449 23.509 97.564 0 286208
0.526809 23.589 97.7242 0 287744
0.527049 23.678 97.8461 0 289280
0.52729 23.773 97.9424 0 290816
0.52753 23.872 98.0214 0 292352
0.527891 23.976 98.0794 0 293888
0.528131 24.084 98.1206 0 294912
0.528371 24.193 98.1573 0 296448
0.528732 24.305 98.1816 0 297984
0.528972 24.419 98.1976 0 299520
0.529212 24.533 98.2135 0 301056
0.529453 24.649 98.2213 0 302592
0.529813 24.766 98.225 0 303616
0.530053 24.884 98.2247 0 305152
0.530294 25.002 98.2245 0 306688
0.530534 25.12 98.2242 0 308224
0.530895 25.239 98.2201 0 309760
0.531135 25.358 98.2159 0 311296
0.531375 25.477 98.2119 0 312320
0.531616 25.596 98.2078 0 313856
0.531976 25.716 98.2 0 315392
0.532216 25.836 98.1923 0 316928
0.532457 25.956 98.1846 0 318464
0.532697 26.075 98.1808 0 320000
0.533057 26.195 98.1732 0 321024
0.533298 26.315 98.1658 0 322560
0.533538 26.435 98.1584 0 324096
0.533778 26.555 98.151 0 325632
0.534139 26.675 98.1437 0 327168
0.534379 26.795 98.1365 0 328192
0.53462 26.916 98.1257 0 329728
0.53498 27.036 98.1187 0 331264
0.53522 27.156 98.1117 0 332800
0.535461 27.276 98.1047 0 334336
0.535701 27.396 98.0978 0 335872
0.536061 27.516 98.091 0 336896
0.536302 27.636 98.0842 0 338432
0.536542 27.757 98.074 0 339968
0.536782 27.877 98.0674 0 341504
0.537143 27.997 98.0608 0 343040
0.537383 28.117 98.0543 0 344576
0.537624 28.237 98.0478 0 345600
0.537864 28.357 98.0414 0 347136
0.538224 28.477 98.035 0 348672
0.538465 28.598 98.0253 0 350208
0.538705 28.718 98.0191 0 351744
0.538945 28.838 98.0129 0 353280
0.539306 28.958 98.0068 0 354304
0.539546 29.078 98.0007 0 355840
0.539786 29.198 97.9947 0 357376
0.540027 29.319 97.9853 0 358912
0.540387 29.439 97.9794 0 360448
0.540628 29.559 97.9735 0 361984
0.540748 29.655 97.6564 0 268800
0.540868 29.708 97.0922 0 271360
0.540988 29.726 96.6437 0 274432
0.541108 29.741 96.595 0 277504
0.541228 29.728 96.2476 0 280064
0.541348 29.719 96.2767 0 283136
0.541469 29.687 95.9903 0 286208
0.541589 29.661 96.0744 0 288768
0.541709 29.617 95.826 0 291840
0.541829 29.581 95.9427 0 294912
0.541949 29.529 95.7193 0 297472
0.542069 29.487 95.8557 0 300544
0.54219 29.429 95.651 0 303616
0.54231 29.383 95.8007 0 306176
0.54243 29.322 95.6049 0 309248
0.54255 29.273 95.765 0 312320
0.54267 29.21 95.5749 0 314880
0.54279 29.16 95.7388 0 317952
0.542911 29.095 95.5546 0 321024
0.543031 29.044 95.7224 0 323584
0.543151 28.979 95.5373 0 326656
0.543271 28.926 95.7124 0 329728
0.543391 28.861 95.5266 0 332288
0.543511 28.808 95.7023 0 335360
0.543632 28.742 95.519 0 337920
0.543752 28.689 95.6955 0 340992
0.544112 28.671 96.1596 0 344064
0.544473 28.704 96.8562 0 346624
0.544953 28.779 97.4088 0 349696
0.545314 28.887 97.8466 0 352768
0.545794 29.021 98.1932 0 355328
0.546275 29.177 98.4622 0 358400
0.546756 29.349 98.6746 0 361472
0.547236 29.535 98.8376 0 364032
0.547717 29.732 98.9619 0 367104
0.548198 29.938 99.0548 0 370176
0.548678 30.151 99.1235 0 372736
0.549159 30.369 99.1748 0 375808
0.54964 30.591 99.2124 0 378880
0.55012 30.817 99.2367 0 381440
0.550601 31.046 99.2509 0 384512
0.551202 31.277 99.2586 0 387584
0.551682 31.511 99.2568 0 390144
0.552163 31.745 99.2549 0 393216
0.552644 31.981 99.2469 0 396288
0.553124 32.217 99.239 0 398848
0.553605 32.455 99.2251 0 401920
0.554085 32.693 99.2115 0 404992
0.554566 32.931 99.198 0 407552
0.555047 33.17 99.1817 0 410624
0.555527 33.409 99.1656 0 413696
0.556008 33.648 99.1498 0 416256
0.556489 33.888 99.1313 0 419328
0.556969 34.127 99.1159 0 422400
0.55745 34.367 99.0979 0 424960
0.557931 34.607 99.0801 0 428032
0.558411 34.847 99.0625 0 430592
0.558892 35.087 99.0452 0 433664
0.559372 35.327 99.0282 0 436736
0.559853 35.568 99.0085 0 439296
0.560334 35.808 98.992 0 442368
0.560814 36.048 98.9756 0 445440
0.561295 36.288 98.9594 0 448000
0.561776 36.528 98.9435 0 451072
0.562256 36.769 98.9251 0 454144
0.562737 37.009 98.9096 0 456704
0.563218 37.249 98.8943 0 459776
0.563698 37.49 98.8765 0 462848
0.564179 37.73 98.8616 0 465408
0.56466 37.97 98.8469 0 468480
0.56514 38.21 98.8323 0 471552
0.565621 38.451 98.8154 0 474112
0.566101 38.691 98.8013 0 477184
0.566582 38.931 98.7873 0 480256
0.567063 39.172 98.771 0 482816
0.567543 39.412 98.7573 0 485888
0.568024 39.652 98.7439 0 488960
0.568505 39.893 98.7281 0 491520
0.568865 40.109 98.4852 0 493056
0.679412 40.33 98.52 0 495616
0.704526 40.459 97.6333 0 493056
0.734686 40.49 96.7002 0 488960
0.840907 40.563 97.0974 0 492032
0.865901 40.573 96.5024 0 488960
1.0024 40.629 96.9396 0 492032
1.0274 40.626 96.3765 0 488960
1.1639 40.672 96.8371 0 492032
1.18889 40.66 96.2959 0 488960
1.32539 40.699 96.7729 0 492032
1.35039 40.682 96.2438 0 488960
1.48689 40.716 96.7325 0 492032
1.51188 40.696 96.2107 0 488960
1.64838 40.727 96.7064 0 492032
1.67338 40.705 96.1895 0 488960
1.80988 40.734 96.6897 0 492032
1.83487 40.71 96.1776 0 488960
1.97137 40.739 96.6779 0 492032
1.99637 40.714 96.1682 0 488960
2.13287 40.742 96.6708 0 492032
2.15786 40.716 96.1635 0 488960
2.29436 40.744 96.666 0 492032
2.31936 40.718 96.1588 0 488960
2.45586 40.745 96.6636 0 492032
2.48085 40.719 96.1564 0 488960
2.61735 40.746 96.6613 0 492032
2.64235 40.719 96.1564 0 488960
2.77885 40.746 96.6613 0 492032
2.80384 40.72 96.154 0 488960
2.94034 40.747 96.6589 0 492032
2.96534 40.72 96.154 0 488960
3.10184 40.747 96.6589 0 492032
3.12683 40.72 96.154 0 488960
3.26333 40.747 96.6589 0 492032
3.28833 40.72 96.154 0 488960
3.42483 40.747 96.6589 0 492032
3.44982 40.72 96.154 0 488960
3.58632 40.747 96.6589 0 492032
3.61132 40.72 96.154 0 488960
3.74782 40.747 96.6589 0 492032
3.77281 40.72 96.154 0 488960
3.90931 40.747 96.6589 0 492032
3.93431 40.72 96.154 0 488960
4.07081 40.747 96.6589 0 492032
4.0958 40.72 96.154 0 488960
4.2323 40.747 96.6589 0 492032
4.2573 40.72 96.154 0 488960
4.3938 40.747 96.6589 0 492032
4.41879 40.72 96.154 0 488960
4.55529 40.747 96.6589 0 492032
4.58029 40.72 96.154 0 488960
4.71679 40.747 96.6589 0 492032
4.74178 40.72 96.154 0 488960
4.87828 40.747 96.6589 0 492032
4.90328 40.72 96.154 0 488960
5.03978 40.747 96.6589 0 492032
5.06477 40.72 96.154 0 488960
5.20127 40.747 96.6589 0 492032
5.22627 40.72 96.154 0 488960
5.36277 40.747 96.6589 0 492032
5.38776 40.72 96.154 0 488960
5.52426 40.747 96.6589 0 492032
5.54926 40.72 96.154 0 488960
5.68576 40.747 96.6589 0 492032
5.71075 40.72 96.154 0 488960
5.84725 40.747 96.6589 0 492032
5.87225 40.72 96.154 0 488960
6.00875 40.747 96.6589 0 492032
6.03374 40.72 96.154 0 488960
6.17024 40.747 96.6589 0 492032
6.19524 40.72 96.154 0 488960
6.33174 40.747 96.6589 0 492032
6.35673 40.72 96.154 0 488960
6.49323 40.747 96.6589 0 492032
6.51823 40.72 96.154 0 488960
6.65473 40.747 96.6589 0 492032
6.67972 40.72 96.154 0 488960
6.81622 40.747 96.6589 0 492032
6.84122 40.72 96.154 0 488960
6.97772 40.747 96.6589 0 492032
7.00271 40.72 96.154 0 488960
7.13921 40.747 96.6589 0 492032
7.16421 40.72 96.154 0 488960
7.30071 40.747 96.6589 0 492032
7.3257 40.72 96.154 0 488960
7.4622 40.747 96.6589 0 492032
7.4872 40.72 96.154 0 488960
7.6237 40.747 96.6589 0 492032
7.64869 40.72 96.154 0 488960
7.78519 40.747 96.6589 0 492032
7.81019 40.72 96.154 0 488960
7.94669 40.747 96.6589 0 492032
7.97168 40.72 96.154 0 488960
8.10818 40.747 96.6589 0 492032
8.13318 40.72 96.154 0 488960
8.26968 40.747 96.6589 0 492032
8.29467 40.72 96.154 0 488960
8.43117 40.747 96.6589 0 492032
8.45617 40.72 96.154 0 488960
8.59267 40.747 96.6589 0 492032
8.61766 40.72 96.154 0 488960
8.75416 40.747 96.6589 0 492032
8.77916 40.72 96.154 0 488960
8.91566 40.747 96.6589 0 492032
8.94065 40.72 96.154 0 488960
9.07715 40.747 96.6589 0 492032
9.10215 40.72 96.154 0 488960
9.23865 40.747 96.6589 0 492032
9.26364 40.72 96.154 0 488960
9.40014 40.747 96.6589 0 492032
9.42514 40.72 96.154 0 488960
9.56164 40.747 96.6589 0 492032
9.58663 40.72 96.154 0 488960
9.72313 40.747 96.6589 0 492032
9.74813 40.72 96.154 0 488960
9.88463 40.747 96.6589 0 492032
9.90962 40.72 96.154 0 488960
10.0466 40.845 96.427 0 492032
