0.0 36200
10.1017 39096
10.1044 41992
10.1072 44888
10.1099 47784
10.1126 50680
10.1149 53576
10.1167 56472
10.1213 59368
10.1228 62264
10.1243 65160
10.1258 68056
10.1273 70952
10.1287 73848
10.13 76744
10.1312 79640
10.1325 82536
10.1337 85432
10.1349 88328
10.1361 91224
10.1373 94120
10.1384 97016
10.1396 99912
10.1407 102808
10.1418 105704
10.1428 108600
10.1439 111496
10.1447 114392
10.1455 117288
10.1463 120184
10.1471 123080
10.1479 125976
10.1486 128872
10.1493 131768
10.15 134664
10.1506 137560
10.1513 140456
10.1519 143352
10.1526 146248
10.1532 149144
10.1538 152040
10.1544 154936
10.1549 157832
10.1555 160728
10.1561 163624
10.1566 166520
10.1571 169416
10.1577 172312
10.1582 175208
10.1587 178104
10.1592 181000
10.1597 183896
10.1602 186792
10.1607 189688
10.1611 192584
10.1616 195480
10.1621 198376
10.1626 201272
10.1631 204168
10.1636 207064
10.1641 209960
10.1646 212856
10.165 215752
10.1654 218648
10.1659 221544
10.1663 224440
10.1668 227336
10.1672 230232
10.1676 233128
10.168 236024
10.1684 238920
10.1688 241816
10.1692 244712
10.1696 247608
10.17 250504
10.1704 253400
10.1707 256296
10.1711 259192
10.1714 262088
10.1718 264984
10.1722 267880
10.1725 270776
10.1728 273672
10.1732 276568
10.1735 279464
10.1738 282360
10.1742 285256
10.1745 288152
10.1748 291048
10.1751 293944
10.1754 296840
10.1757 299736
10.176 302632
10.1763 305528
10.1766 308424
10.1769 311320
10.1772 314216
10.1775 317112
10.1778 320008
10.1781 322904
10.1783 325800
10.1786 328696
10.1789 331592
10.1791 334488
10.1794 337384
10.1797 340280
10.1799 343176
10.1802 346072
10.1804 348968
10.1807 351864
10.1809 354760
10.1812 357656
10.1814 360552
10.1817 363448
10.1819 366344
10.1821 369240
10.1824 372136
10.1826 375032
10.1829 377928
10.1831 380824
10.1833 383720
10.1836 386616
10.1838 389512
10.1841 392408
10.1843 395304
10.1847 398200
10.185 401096
10.1854 403992
10.1857 406888
10.186 409784
10.1862 412680
10.1865 415576
10.1867 418472
10.1869 421368
10.1872 424264
10.1874 427160
10.1877 430056
10.1879 432952
10.1881 435848
10.1884 438744
10.1886 441640
10.1889 444536
10.1891 447432
10.1893 450328
10.1896 453224
10.1898 456120
10.1901 459016
10.1903 461912
10.1905 464808
10.1908 467704
10.191 470600
10.1913 473496
10.1915 476392
10.1917 479288
10.192 482184
10.1922 485080
10.1925 487976
10.1927 490872
10.1929 493768
10.1932 496664
10.1934 499560
10.1937 502456
10.1939 505352
10.1941 508248
10.1944 511144
10.1946 514040
10.1949 516936
10.1951 519832
10.1953 522728
10.1956 525624
10.1958 528520
10.1961 531416
10.1963 534312
10.1966 537208
10.1968 540104
10.197 543000
10.1973 545896
10.1975 548792
10.1978 551688
10.198 554584
10.1982 557480
10.1985 560376
10.1987 563272
10.199 566168
10.1992 569064
10.1994 571960
10.1997 574856
10.1999 577752
10.2002 580648
10.2004 583544
10.2006 586440
10.2009 589336
10.2011 592232
10.2014 595128
10.2016 598024
10.2018 600920
10.2021 603816
10.2023 606712
10.2026 609608
10.2028 612504
10.203 615400
10.2033 618296
10.2035 621192
10.2038 624088
10.204 626984
10.2042 629880
10.2045 632776
10.2047 635672
10.205 638568
10.2052 641464
10.2054 644360
10.2059 647256
10.2062 650152
10.2064 653048
10.2069 655944
10.2071 658840
10.2074 661736
10.2076 664632
10.2078 667528
10.2081 670424
10.2083 673320
10.2086 676216
10.2088 679112
10.209 682008
10.2093 684904
10.2175 687800
10.2184 690696
10.2187 693592
10.3309 692144
10.3309 690696
10.3309 692144
10.3899 693592
10.3899 4294967295
10.3899 32768000
10.3958 694891
10.4336 489424
10.4336 487976
10.4336 489424
10.466 490872
10.4661 486019
10.4753 694891
10.4753 242285
10.4753 243733
10.4756 246629
10.4758 249525
10.476 252421
10.4763 255317
10.4765 258213
10.4768 261109
10.4771 264005
10.4774 266901
10.4776 269797
10.4778 272693
10.4781 275589
10.4783 278485
10.4786 281381
10.4788 284277
10.479 287173
10.4793 290069
10.4795 292965
10.4798 295861
10.48 298757
10.4802 301653
10.4805 304549
10.4807 307445
10.481 310341
10.4812 313237
10.4815 316133
10.4818 319029
10.4821 321925
10.4823 324821
10.4825 327717
10.4828 330613
10.483 333509
10.4833 336405
10.4835 339301
10.4837 342197
10.484 345093
10.4843 347989
10.4846 350885
10.4848 353781
10.4851 356677
10.4853 359573
10.4855 362469
10.4858 365365
10.4861 368261
10.4864 371157
10.4866 374053
10.4869 376949
10.4871 379845
10.4873 382741
10.4876 385637
10.4878 388533
10.4881 391429
10.4883 394325
10.4885 397221
10.4889 400117
10.4891 403013
10.4894 405909
10.4896 408805
10.4899 411701
10.4901 414597
10.4903 417493
10.4906 420389
10.4908 423285
10.4911 426181
10.4913 429077
10.4915 431973
10.4918 434869
10.492 437765
10.4923 440661
10.4925 443557
10.4927 446453
10.493 449349
10.4932 452245
10.4936 455141
10.4938 458037
10.4941 460933
10.4943 463829
10.4945 466725
10.4948 469621
10.495 472517
10.4953 475413
10.4955 478309
10.4957 481205
10.496 483123
10.6219 482086
10.6317 484982
10.6517 482086
10.6955 476904
10.7923 479800
10.8124 476904
10.8368 477112
10.8382 477213
10.9532 480109
10.9733 477213
11.0021 477602
11.1141 480498
11.1342 477602
11.2751 480498
11.2793 480403
11.2953 477507
11.3232 477787
11.4367 480683
11.4569 477787
11.4672 478552
11.4688 478646
11.4734 479008
11.5981 481904
11.6182 479008
11.7596 481904
11.7627 481448
11.7798 478552
11.7871 478646
11.7886 478739
11.7932 479094
11.7948 479179
11.9208 482075
11.941 479179
11.9552 479263
12.0822 482159
12.1024 479263
12.1196 479584
12.1208 479661
12.2436 482557
12.2637 479661
12.2853 479958
12.4049 482854
12.425 479958
12.4461 480029
12.4474 480100
12.452 480370
12.566 483266
12.5861 480370
12.6148 480563
12.727 483459
12.7472 480563
12.888 483459
12.9081 480563
12.9394 480866
13.0489 483762
13.069 480866
13.1025 481038
13.2097 483934
13.2298 481038
13.3705 483934
13.3905 481038
13.4248 481203
13.5311 484099
13.5512 481203
13.5852 481256
13.5864 481309
13.6916 484205
13.7117 481309
13.7254 482069
13.8522 484965
13.8722 482069
13.8892 482278
14.013 485174
14.0331 482278
14.1738 485174
14.194 482278
14.2085 482328
14.2097 482377
14.2167 482660
14.3346 485556
14.3549 482660
14.4956 485556
14.5158 482660
14.5387 482793
14.6565 485689
14.6766 482793
14.7048 483044
14.8174 485940
14.8375 483044
14.8677 483162
14.9783 486058
14.9985 483162
15.1393 486058
15.1595 483162
15.1927 483349
15.1939 483385
15.3007 486281
15.3208 483385
15.4617 486281
15.4819 483385
15.5158 483421
15.517 483456
15.6229 486352
15.6429 483456
15.784 486352
15.8042 483456
15.8412 483491
15.8424 483525
15.8436 483559
15.9455 486455
15.9657 483559
16.1067 486455
16.1269 483559
16.2124 483491
16.2676 486387
16.2877 483491
16.3969 481982
16.4284 484878
16.4485 481982
16.4842 482069
16.4854 482112
16.5891 485008
16.6091 482112
16.6484 482154
16.7501 485050
16.7701 482154
16.911 485050
16.931 482154
16.9481 482836
17.072 485732
17.0923 482836
17.1142 483044
17.1154 483084
17.2332 485980
17.2533 483084
17.2801 483200
17.2813 483238
17.3944 486134
17.4146 483238
17.4483 483421
17.5554 486317
17.5755 483421
17.7164 486317
17.7366 483421
17.7717 483456
17.7729 483491
17.8775 486387
17.8977 483491
18.0387 486387
18.0587 483491
18.1441 483456
18.1998 486352
18.22 483456
18.257 483491
18.3611 486387
18.3811 483491
18.5223 486387
18.5424 483491
18.582 483559
18.6835 486455
18.7035 483559
18.8441 486455
18.8642 483559
18.9458 482154
19.0049 485050
19.0249 482154
19.1289 482112
19.1655 485008
19.1857 482112
19.3267 485008
19.3467 482112
19.3865 482154
19.4877 485050
19.5077 482154
19.6486 485050
19.6686 482154
19.6869 482879
19.6884 482921
19.6966 483200
19.8095 486096
19.8297 483200
19.9705 486096
19.9906 483200
20.0206 483313
20.041 460384
20.041 5792
20.0413 8688
20.0413 5792
20.0415 8688
20.0415 5792
20.0417 8688
20.0417 5792
20.042 8688
20.042 5792
20.0422 8688
20.0422 5792
20.0425 8688
20.0425 5792
20.0427 8688
20.0427 5792
20.0429 8688
20.0429 5792
20.0432 8688
20.0432 5792
20.0434 8688
20.0434 5792
20.0437 8688
20.0437 5792
20.0439 8688
20.0439 5792
20.0441 8688
20.0441 5792
20.0445 8688
20.0445 5792
20.0447 8688
20.0447 5792
20.045 8688
20.045 5792
20.0452 8688
20.0452 5792
20.0455 8688
20.0455 5792
20.0457 8688
20.0457 5792
20.046 8688
20.046 5792
20.0462 8688
20.0462 5792
20.0464 8688
20.0464 5792
20.0467 8688
20.0467 5792
20.0469 8688
20.0469 5792
20.0472 8688
20.0472 5792
20.0474 8688
20.0474 5792
20.0476 8688
20.0476 5792
20.0479 8688
20.0479 5792
20.0481 8688
20.0481 5792
20.0484 8688
20.0484 5792
20.0486 8688
20.0486 5792
20.0488 8688
20.0488 5792
20.0491 8688
20.0491 5792
20.0493 8688
20.0493 5792
20.0496 8688
20.0496 5792
20.0498 8688
20.0498 5792
20.05 8688
20.05 5792
20.0503 8688
20.0503 5792
20.0505 8688
20.0505 5792
20.0508 8688
20.0508 5792
20.051 8688
20.051 5792
20.0512 8688
20.0512 5792
20.0516 8688
20.0516 5792
20.0518 8688
20.0518 5792
20.0521 8688
20.0521 5792
20.0523 8688
20.0523 5792
20.0526 8688
20.0526 5792
20.0528 8688
20.0528 5792
20.053 8688
20.053 5792
20.0533 8688
20.0533 5792
20.0535 8688
20.0535 5792
20.0538 8688
20.0538 5792
20.054 8688
20.054 5792
20.0542 8688
20.0542 5792
20.0545 8688
20.0545 5792
20.0547 8688
20.0547 5792
20.055 8688
20.055 5792
20.0552 8688
20.0552 5792
20.0554 8688
20.0554 5792
20.0557 8688
20.0557 5792
20.0559 8688
20.0559 5792
20.0562 8688
20.0562 5792
20.0564 8688
20.0564 5792
20.0566 8688
20.0566 5792
20.0569 8688
20.0569 5792
20.0571 8688
20.0571 5792
20.0574 8688
20.0574 5792
20.0576 8688
20.0576 5792
20.0578 8688
20.0578 5792
20.0581 8688
20.0581 5792
20.0583 8688
20.0583 5792
20.0586 8688
20.0586 5792
20.0588 8688
20.0588 5792
20.059 8688
20.059 5792
20.0593 8688
20.0593 5792
20.0596 8688
20.0596 5792
20.0599 8688
20.0599 5792
20.0601 8688
20.0601 5792
20.0604 8688
20.0604 5792
20.0606 8688
20.0606 5792
20.0609 8688
20.0609 5792
20.0611 8688
20.0611 5792
20.0613 8688
20.0613 5792
20.0616 8688
20.0616 5792
20.0618 8688
20.0618 5792
20.0621 8688
20.0621 5792
20.0623 8688
20.0623 5792
20.0625 8688
20.0625 5792
20.0628 8688
20.0628 5792
20.063 8688
20.063 5792
20.0633 8688
20.0633 5792
20.0635 8688
20.0635 5792
20.0637 8688
20.0637 5792
20.064 8688
20.064 5792
20.0642 8688
20.0642 5792
20.0645 8688
20.0645 5792
20.0647 8688
20.0647 5792
20.0649 8688
20.0649 5792
20.0652 8688
20.0652 5792
20.0654 8688
20.0654 5792
20.0657 8688
20.0657 5792
20.0659 8688
20.0659 5792
20.0661 8688
20.0661 5792
20.0664 8688
20.0664 5792
20.0666 8688
20.0666 5792
20.0669 8688
20.0669 5792
20.0671 8688
20.0671 5792
20.0675 8688
20.0675 5792
20.0677 8688
20.0677 5792
20.0679 8688
20.0679 5792
20.0682 8688
20.0682 5792
20.0684 8688
20.0684 5792
20.0687 8688
20.0687 5792
20.0689 8688
20.0689 5792
20.0691 8688
20.0691 5792
20.0694 8688
20.0694 5792
20.0696 8688
20.0696 5792
20.0699 8688
20.0699 5792
20.0701 8688
20.0701 5792
20.0703 8688
20.0703 5792
20.0706 8688
20.0706 5792
20.0708 8688
20.0708 5792
20.0711 8688
20.0711 5792
20.0713 8688
20.0713 5792
20.0715 8688
20.0715 5792
20.0719 8688
20.0719 5792
20.0724 8688
20.0724 5792
20.0728 8688
20.0728 5792
20.073 8688
20.073 5792
20.0732 8688
20.0732 5792
20.0735 8688
20.0735 5792
20.0737 8688
20.0737 5792
20.074 8688
20.074 5792
20.0742 8688
20.0742 5792
20.0744 8688
20.0744 5792
20.0747 8688
20.0747 5792
20.0749 8688
20.0749 5792
20.0752 8688
20.0752 5792
20.0754 8688
20.0754 5792
20.0756 8688
20.0756 5792
20.076 8688
20.076 5792
20.0762 8688
20.0762 5792
20.0765 8688
20.0765 5792
20.0767 8688
20.0767 5792
20.077 8688
20.077 5792
20.097 8688
20.097 5792
20.0973 8688
20.0973 5792
20.1173 8688
20.1173 5792
20.1177 8688
20.1177 5792
20.1378 8688
20.1378 5792
20.1381 8688
20.1381 5792
20.1582 8688
20.1582 5792
20.1584 8688
20.1584 5792
20.1786 8688
20.1786 5792
20.1788 8688
20.1788 5792
20.1991 8688
20.1991 5792
20.1993 8688
20.1993 5792
20.2194 8688
20.2194 5792
20.2198 8688
20.2198 5792
20.2401 8688
20.2401 5792
20.2407 8688
20.2407 5792
20.2616 8688
20.2616 5792
20.2625 8688
20.2625 5792
20.2892 694891
20.2892 19968
20.3497 22864
20.4067 24088
20.5146 26830
20.5173 27633
20.5243 28093
20.5458 28409
20.5744 28485
20.6625 31381
20.6683 32509
20.7118 34308
20.7436 34856
20.7614 34949
20.7658 35139
20.7704 35331
20.7746 35527
20.7789 35625
20.7876 38521
20.792 39874
20.8318 42770
20.8354 43096
20.858 40200
20.8687 42459
20.8874 45355
20.8919 45956
21.0296 48852
21.0525 45956
21.0746 48055
21.22 50951
21.243 48741
21.2781 50788
21.4109 53684
21.4354 50788
21.4683 53372
21.5465 55837
21.6037 58733
21.6286 55837
21.6518 56172
21.6609 58091
21.7972 60987
21.8206 58091
21.8542 59787
21.8576 59928
21.8593 60935
21.8609 62444
21.9894 65340
22.0127 62444
22.0339 65340
22.0359 65691
22.0419 68221
22.0478 69971
22.1794 72867
22.2002 72883
22.2025 69987
22.2153 72883
22.2175 73108
22.3652 74640
22.3714 77536
22.396 74640
22.4239 74901
22.4305 77384
22.4371 79426
22.5211 82322
22.5227 82537
22.5601 85433
22.5836 82537
22.6153 83549
22.6228 86060
22.6897 86420
22.6968 86996
22.7088 87606
22.7486 90502
22.772 87606
22.8025 89863
22.808 90312
22.8095 93208
22.8108 93279
22.815 94818
22.9354 97714
22.9588 94818
22.9877 95289
22.9928 97496
22.9971 98469
22.998 101365
22.9991 101412
23.0001 101667
23.001 102699
23.0026 102960
23.1189 105856
23.142 102960
23.1667 103753
23.1677 104832
23.1687 107728
23.1696 107882
23.1714 109019
23.1724 111915
23.1734 112103
23.1764 114618
23.1807 116983
23.3057 119879
23.3286 116983
23.3315 117014
23.3455 118486
23.3499 121181
23.3541 123544
23.3594 124927
23.3647 127823
23.3656 127869
23.3678 128519
23.3689 128882
23.4893 131778
23.5042 133243
23.5131 130347
23.5433 131113
23.5525 131695
23.5561 133867
23.6631 134329
23.6659 135323
23.675 138219
23.6985 135323
23.7278 137909
23.7305 139406
23.734 141573
23.8429 144469
23.8439 144558
23.8594 147454
23.8829 144558
23.905 144838
23.9084 147063
23.9117 149650
23.915 152223
23.9184 154384
23.9896 154608
23.9903 154826
23.991 154991
23.9919 155157
23.9927 155322
24.0102 157515
24.0445 160411
24.0675 157515
24.1005 158638
24.1042 161139
24.1064 162801
24.1096 164438
24.2288 167334
24.2518 164438
24.2793 165682
24.2829 168138
24.2866 169729
24.4126 172625
24.4354 169729
24.4599 170418
24.4635 171599
24.467 174085
24.4686 174534
24.4692 175438
24.4698 178334
24.4704 178389
24.4722 181285
24.4728 181340
24.474 181811
24.4746 182763
24.4752 183724
24.4759 184209
24.4772 185187
24.5967 188083
24.6194 185187
24.6403 185782
24.6409 188678
24.6415 188758
24.6432 191119
24.6459 191323
24.6465 191930
24.647 192540
24.6482 194861
24.6507 196420
24.6513 197010
24.6522 197080
24.7809 199976
24.8038 197080
24.8129 199976
24.8137 200000
24.8299 202536
24.833 205408
24.964 208304
24.9723 209730
24.9871 206834
25.137 209730
25.1376 209769
25.1482 212665
25.1714 209769
25.2066 210045
25.2077 211605
25.2079 213722
25.2081 215885
25.2084 218092
25.2089 219214
25.2102 219779
25.3038 222675
25.3045 222952
25.3314 225848
25.3545 222952
25.386 223267
25.3881 225021
25.3908 226758
25.393 228475
25.4679 229088
25.4867 230001
25.5147 232897
25.5379 230001
25.5684 230760
25.571 232444
25.5732 234110
25.6488 236286
25.6549 236932
25.699 239828
25.722 236932
25.7485 237863
25.751 240160
25.7536 241820
25.7556 243463
25.8832 246359
25.9064 243463
25.9352 244466
25.9373 245453
25.9398 247665
25.942 248289
25.9423 249548
25.9433 250182
25.9438 250820
25.9453 251461
25.9463 252105
25.9468 252753
25.9494 253404
25.9499 254059
26.0671 256955
26.0901 254059
26.112 255379
26.1137 256963
26.1158 259859
26.1163 259867
26.1176 260540
26.118 263436
26.1185 263452
26.1208 263662
26.1212 264137
26.1217 264389
26.1222 264681
26.1248 264762
26.2501 267658
26.2729 264762
26.2803 266217
26.2813 267689
26.2966 268203
26.299 271071
26.4338 273967
26.4566 271071
26.4571 273048
26.6063 273535
26.6067 274533
26.6135 276001
26.6167 278897
26.6395 276001
26.6657 276494
26.6675 277986
26.6693 279461
26.6711 280921
26.6729 282365
26.6747 283066
26.7744 285668
26.7873 286097
26.8003 288993
26.823 286097
26.8572 286607
26.8594 287992
26.9332 290536
26.9542 291044
26.9834 293940
27.0063 291044
27.0361 291686
27.0378 293055
27.0395 294409
27.1136 295180
27.1146 295270
27.1151 295306
27.1165 295396
27.1209 295790
27.1237 295930
27.1242 295945
27.1671 298841
27.1898 295945
27.219 296845
27.2211 298198
27.2228 299536
27.2248 300860
27.35 303756
27.3728 300860
27.4041 301407
27.4168 302171
27.4172 302939
27.5332 305835
27.5561 302939
27.5803 304472
27.5821 307368
27.5825 307415
27.5834 308732
27.5852 309543
27.5855 312439
27.5859 312478
27.5874 315374
27.5878 315413
27.5913 316243
27.5925 317078
27.5928 317918
27.5945 318762
27.5949 319611
27.5966 319730
27.5979 320465
27.7165 323361
27.7392 320465
27.7608 321921
27.7627 322523
27.7632 325419
27.7636 325442
27.7664 326164
27.8993 329060
27.922 326164
28.0824 329060
28.0847 331956
28.085 331986
28.1051 329090
28.2133 329091
28.2451 330170
28.2462 331083
28.2559 332156
28.2656 335052
28.2887 332156
28.3233 332767
28.3249 333069
28.3263 335069
28.426 335696
28.4306 337816
28.4414 338048
28.4451 338075
28.4492 340971
28.4719 338075
28.5053 338178
28.5778 338656
28.5796 339679
28.5801 339680
28.5804 339681
28.5808 339682
28.5821 341224
28.6322 344120
28.6551 341224
28.688 341409
28.6894 342521
28.691 342745
28.7624 345403
28.815 348299
28.8377 345403
28.9978 348299
29.0207 345403
29.0548 346663
29.0602 347545
29.0617 348431
29.0628 349322
29.0642 350218
29.0654 351118
29.181 354014
29.2039 351118
29.2274 352489
29.2291 354501
29.231 356502
29.2324 358493
29.2337 359531
29.2353 361498
29.2382 362443
29.2395 363393
29.3639 366289
29.3867 363393
29.4095 363455
29.411 364456
29.4121 365446
29.4135 366426
29.5468 369322
29.5697 366426
29.7296 369322
29.7299 370107
29.7354 372291
29.7525 369395
29.8914 372191
29.8998 372413
29.9125 375309
29.9352 372413
29.9524 374538
29.9529 374589
29.9534 374640
29.9536 377536
29.9539 377702
29.9541 377754
29.9546 380216
29.9556 382723
29.956 382776
29.9565 382828
29.9568 385724
29.957 385882
29.9572 385934
29.9577 388378
29.9582 388431
29.9587 388484
29.9589 391380
29.9592 391534
29.9594 391587
29.9599 391641
29.9601 394537
29.9604 394691
29.9608 396496
29.9613 396550
29.9618 396604
29.962 399500
29.9623 399646
29.9825 399356
29.9827 395817
29.983 392721
29.9832 392178
29.9834 389537
29.9837 387226
29.9839 385204
29.9842 383435
29.9844 381887
29.9846 380532
29.9849 377181
29.9851 376415
29.9854 375744
29.9857 372992
29.986 372749
29.9863 372537
29.9867 370185
29.9877 368305
29.9887 367046
29.9897 366202
29.9907 365637
29.9917 365258
29.9927 365004
29.9937 364834
29.9947 364720
29.9957 364644
29.9967 364593
29.9977 364559
29.9987 364536
29.9997 364520
30.0007 364510
30.0017 364503
30.0027 364499
30.0037 364495
30.0044 367353
30.0047 367351
30.0057 367350
30.0067 367349
30.0077 367348
30.0114 366715
30.0118 365437
30.0124 365252
30.0128 364158
30.0138 363300
30.0148 362726
30.0158 362341
30.0168 362084
30.0178 361911
30.0188 361795
30.0198 361718
30.0208 361666
30.0218 361631
30.0228 361608
30.0238 361592
30.0248 361582
30.0258 361575
30.0268 361570
30.0278 361567
30.0288 361565
30.0298 361564
30.0308 361563
30.0318 361562
30.0719 361561
30.0838 364457
30.1057 367353
30.106 369592
30.107 372488
30.1073 375298
30.1083 378194
30.1086 381004
30.1097 383900
30.1099 386709
30.111 389605
30.1113 392076
30.1123 394972
30.1126 397776
30.1136 400672
30.1139 403477
30.115 406373
30.1152 409177
30.1163 412073
30.1166 414878
30.1176 417774
30.1179 420578
30.119 423474
30.1192 426279
30.1203 429175
30.1205 431979
30.1216 434875
30.1219 437680
30.1229 440576
30.1232 443380
30.124 443265
30.1243 446161
30.1245 448964
30.129 448887
30.1297 449103
30.13 448812
30.1302 449146
30.1305 449481
30.1307 449817
30.131 452713
30.1312 455203
30.132 455014
30.1329 454902
30.1339 454837
30.1342 457733
30.1344 460484
30.1349 460445
30.1366 463341
30.1368 465809
30.1385 468705
30.1387 470046
30.1402 472942
30.1404 473695
30.1416 476591
30.1418 476751
30.143 479647
30.1433 479774
30.1445 482670
30.1447 482763
30.1457 485158
30.1469 487522
30.1483 490202
30.1498 492411
30.1512 491291
30.1529 492814
30.1543 493649
30.1563 494156
30.1579 494200
30.2941 497096
30.315 494200
30.458 497096
30.4783 494200
30.6213 497096
30.6417 494200
30.7846 497096
30.805 494200
30.9479 497096
30.9683 494200
31.1112 497096
31.1316 494200
31.2745 497096
31.2949 494200
31.4379 497096
31.4583 494200
31.6012 497096
31.6216 494200
31.7645 497096
31.7849 494200
31.9278 497096
31.9482 494200
32.0911 497096
32.1115 494200
32.2545 497096
32.2749 494200
32.4178 497096
32.4382 494200
32.5811 497096
32.6015 494200
32.7444 497096
32.7648 494200
32.9077 497096
32.9281 494200
33.071 497096
33.0914 494200
33.2343 497096
33.2547 494200
33.3976 497096
33.418 494200
33.561 497096
33.5814 494200
33.7243 497096
33.7447 494200
33.8876 497096
33.908 494200
34.0509 497096
34.0713 494200
34.2142 497096
34.2346 494200
34.3775 497096
34.3979 494200
34.5409 497096
34.5612 494200
34.7042 497096
34.7246 494200
34.8675 497096
34.8879 494200
35.0308 497096
35.0512 494200
35.1941 497096
35.2145 494200
35.3574 497096
35.3778 494200
35.5207 497096
35.5411 494200
35.6841 497096
35.7045 494200
35.8166 492196
35.8474 495092
35.8678 492196
35.8722 494200
36.0107 497096
36.0311 494200
36.174 497096
36.1944 494200
36.3373 497096
36.3577 494200
36.5006 497096
36.521 494200
36.664 497096
36.6843 494200
36.8273 497096
36.8477 494200
36.9906 497096
37.011 494200
37.154 497096
37.1743 494200
37.3173 497096
37.3377 494200
37.4806 497096
37.501 494200
37.644 497096
37.6645 494200
37.8073 497096
37.8278 494200
37.9708 497096
37.9912 494200
38.134 497096
38.1545 494200
38.2975 497096
38.3179 494200
38.4608 497096
38.4812 494200
38.6242 497096
38.6446 494200
38.7875 497096
38.8079 494200
38.9509 497096
38.9712 494200
39.1142 497096
39.1346 494200
39.2775 497096
39.2979 494200
39.4409 497096
39.4613 494200
39.6042 497096
39.6246 494200
39.7676 497096
39.7881 494200
