0.1 3.359360
0.120000 14.480000
0.140000 24.326400
0.160000 48.073600
0.180000 87.459200
0.200000 96.726400
0.220000 96.147200
0.240000 96.726400
0.260000 96.147200
0.280000 96.147200
0.300000 96.726400
0.320000 73.558400
0.340000 0.000000
0.360000 0.000000
0.380000 312.188800
0.400000 96.147200
0.420000 74.137600
0.440000 0.000000
0.460000 0.000000
0.480000 240.947200
0.500000 166.809600
0.520000 96.726400
0.540000 96.147200
0.560000 96.726400
0.580000 96.147200
0.600000 96.726400
0.620000 96.147200
0.640000 96.726400
0.660000 96.147200
0.680000 96.147200
0.700000 96.726400
0.720000 96.147200
0.740000 96.726400
0.760000 96.147200
0.780000 96.726400
0.800000 96.147200
0.820000 96.726400
0.840000 96.147200
0.860000 96.147200
0.880000 96.726400
0.900000 96.147200
0.920000 96.726400
0.940000 96.147200
0.960000 96.726400
0.980000 96.147200
1.000000 96.726400
1.020000 96.147200
1.040000 96.147200
1.060000 96.726400
1.080000 96.147200
1.100000 96.726400
1.120000 96.147200
1.140000 96.726400
1.160000 96.147200
1.180000 96.726400
1.200000 96.147200
1.220000 96.147200
1.240000 96.726400
1.260000 96.147200
1.280000 96.726400
1.300000 96.147200
1.320000 96.726400
1.340000 96.147200
1.360000 96.726400
1.380000 96.147200
1.400000 96.147200
1.420000 96.726400
1.440000 96.147200
1.460000 96.726400
1.480000 96.147200
1.500000 96.726400
1.520000 96.147200
1.540000 96.726400
1.560000 96.147200
1.580000 96.147200
1.600000 96.726400
1.620000 96.147200
1.640000 96.726400
1.660000 96.147200
1.680000 96.726400
1.700000 96.147200
1.720000 96.726400
1.740000 96.147200
1.760000 96.147200
1.780000 96.726400
1.800000 96.147200
1.820000 96.726400
1.840000 96.147200
1.860000 96.726400
1.880000 96.147200
1.900000 96.726400
1.920000 96.147200
1.940000 96.147200
1.960000 96.726400
1.980000 96.147200
2.000000 96.726400
2.020000 96.147200
2.040000 96.726400
2.060000 96.147200
2.080000 96.726400
2.100000 96.147200
2.120000 96.147200
2.140000 96.726400
2.160000 96.147200
2.180000 96.726400
2.200000 96.147200
2.220000 96.726400
2.240000 96.147200
2.260000 96.726400
2.280000 96.147200
2.300000 96.147200
2.320000 96.726400
2.340000 96.147200
2.360000 96.726400
2.380000 96.147200
2.400000 96.726400
2.420000 96.147200
2.440000 96.726400
2.460000 96.147200
2.480000 96.147200
2.500000 96.726400
2.520000 96.147200
2.540000 96.726400
2.560000 96.147200
2.580000 96.726400
2.600000 96.147200
2.620000 96.726400
2.640000 96.147200
2.660000 96.147200
2.680000 96.726400
2.700000 96.147200
2.720000 96.726400
2.740000 96.147200
2.760000 96.726400
2.780000 96.147200
2.800000 96.726400
2.820000 96.147200
2.840000 96.147200
2.860000 96.726400
2.880000 96.147200
2.900000 96.726400
2.920000 96.147200
2.940000 96.726400
2.960000 96.147200
2.980000 96.726400
3.000000 96.147200
3.020000 96.147200
3.040000 96.726400
3.060000 96.147200
3.080000 96.726400
3.100000 96.147200
3.120000 96.726400
3.140000 96.147200
3.160000 96.726400
3.180000 96.147200
3.200000 96.147200
3.220000 96.726400
3.240000 96.147200
3.260000 96.726400
3.280000 96.147200
3.300000 96.726400
3.320000 96.147200
3.340000 96.726400
3.360000 96.147200
3.380000 96.147200
3.400000 96.726400
3.420000 96.147200
3.440000 96.726400
3.460000 96.147200
3.480000 96.726400
3.500000 96.147200
3.520000 96.726400
3.540000 96.147200
3.560000 96.147200
3.580000 96.726400
3.600000 96.147200
3.620000 96.726400
3.640000 96.147200
3.660000 96.726400
3.680000 96.147200
3.700000 96.726400
3.720000 96.147200
3.740000 96.147200
3.760000 96.726400
3.780000 96.147200
3.800000 96.726400
3.820000 96.147200
3.840000 96.726400
3.860000 96.147200
3.880000 96.726400
3.900000 96.147200
3.920000 96.147200
3.940000 96.726400
3.960000 96.147200
3.980000 96.726400
4.000000 96.147200
4.020000 96.726400
4.040000 96.147200
4.060000 96.726400
4.080000 96.147200
4.100000 96.147200
4.120000 96.726400
4.140000 96.147200
4.160000 96.726400
4.180000 96.147200
4.200000 96.726400
4.220000 96.147200
4.240000 96.726400
4.260000 96.147200
4.280000 96.147200
4.300000 96.726400
4.320000 96.147200
4.340000 96.726400
4.360000 96.147200
4.380000 96.726400
4.400000 96.147200
4.420000 96.726400
4.440000 96.147200
4.460000 96.147200
4.480000 96.726400
4.500000 96.147200
4.520000 96.726400
4.540000 96.147200
4.560000 96.726400
4.580000 96.147200
4.600000 96.726400
4.620000 96.147200
4.640000 96.147200
4.660000 96.726400
4.680000 96.147200
4.700000 96.726400
4.720000 96.147200
4.740000 96.726400
4.760000 96.147200
4.780000 96.726400
4.800000 96.147200
4.820000 96.147200
4.840000 96.726400
4.860000 96.147200
4.880000 96.726400
4.900000 96.147200
4.920000 96.726400
4.940000 96.147200
4.960000 96.726400
4.980000 96.147200
5.000000 96.147200
5.020000 96.726400
5.040000 96.147200
5.060000 96.726400
5.080000 96.147200
5.100000 96.726400
5.120000 96.147200
5.140000 96.726400
5.160000 96.147200
5.180000 96.147200
5.200000 96.726400
5.220000 96.147200
5.240000 96.726400
5.260000 96.147200
5.280000 96.726400
5.300000 96.147200
5.320000 96.726400
5.340000 96.147200
5.360000 96.147200
5.380000 96.726400
5.400000 96.147200
5.420000 96.726400
5.440000 96.147200
5.460000 96.726400
5.480000 96.147200
5.500000 96.726400
5.520000 96.147200
5.540000 96.147200
5.560000 96.726400
5.580000 96.147200
5.600000 96.726400
5.620000 96.147200
5.640000 96.726400
5.660000 96.147200
5.680000 96.726400
5.700000 96.147200
5.720000 96.147200
5.740000 96.726400
5.760000 96.147200
5.780000 96.726400
5.800000 96.147200
5.820000 96.726400
5.840000 96.147200
5.860000 96.726400
5.880000 96.147200
5.900000 96.147200
5.920000 96.726400
5.940000 96.147200
5.960000 96.726400
5.980000 96.147200
6.000000 96.726400
6.020000 96.147200
6.040000 96.726400
6.060000 96.147200
6.080000 96.147200
6.100000 96.726400
6.120000 96.147200
6.140000 96.726400
6.160000 96.147200
6.180000 96.726400
6.200000 96.147200
6.220000 96.726400
6.240000 96.147200
6.260000 96.147200
6.280000 96.726400
6.300000 96.147200
6.320000 96.726400
6.340000 96.147200
6.360000 96.726400
6.380000 96.147200
6.400000 96.726400
6.420000 96.147200
6.440000 96.147200
6.460000 96.726400
6.480000 96.147200
6.500000 96.726400
6.520000 96.147200
6.540000 96.726400
6.560000 96.147200
6.580000 96.726400
6.600000 96.147200
6.620000 96.147200
6.640000 96.726400
6.660000 96.147200
6.680000 96.726400
6.700000 96.147200
6.720000 96.726400
6.740000 96.147200
6.760000 96.726400
6.780000 96.147200
6.800000 96.147200
6.820000 96.726400
6.840000 96.147200
6.860000 96.726400
6.880000 96.147200
6.900000 96.726400
6.920000 96.147200
6.940000 96.726400
6.960000 96.147200
6.980000 96.147200
7.000000 96.726400
7.020000 96.147200
7.040000 96.726400
7.060000 96.147200
7.080000 96.726400
7.100000 96.147200
7.120000 96.726400
7.140000 96.147200
7.160000 96.147200
7.180000 96.726400
7.200000 96.147200
7.220000 96.726400
7.240000 96.147200
7.260000 96.726400
7.280000 96.147200
7.300000 96.726400
7.320000 96.147200
7.340000 96.147200
7.360000 96.726400
7.380000 96.147200
7.400000 96.726400
7.420000 96.147200
7.440000 96.726400
7.460000 96.147200
7.480000 96.726400
7.500000 96.147200
7.520000 96.147200
7.540000 96.726400
7.560000 96.147200
7.580000 96.726400
7.600000 96.147200
7.620000 96.726400
7.640000 96.147200
7.660000 96.726400
7.680000 96.147200
7.700000 96.147200
7.720000 96.726400
7.740000 96.147200
7.760000 96.726400
7.780000 96.147200
7.800000 96.726400
7.820000 96.147200
7.840000 96.726400
7.860000 96.147200
7.880000 96.147200
7.900000 96.726400
7.920000 96.147200
7.940000 96.726400
7.960000 96.147200
7.980000 96.726400
8.000000 96.147200
8.020000 96.726400
8.040000 96.147200
8.060000 96.147200
8.080000 96.726400
8.100000 96.147200
8.120000 96.726400
8.140000 96.147200
8.160000 96.726400
8.180000 96.147200
8.200000 96.726400
8.220000 96.147200
8.240000 96.726400
8.260000 96.147200
8.280000 96.147200
8.300000 96.726400
8.320000 96.147200
8.340000 96.726400
8.360000 96.147200
8.380000 96.726400
8.400000 96.147200
8.420000 96.726400
8.440000 96.147200
8.460000 96.147200
8.480000 96.726400
8.500000 96.147200
8.520000 96.726400
8.540000 96.147200
8.560000 96.726400
8.580000 96.147200
8.600000 96.726400
8.620000 96.147200
8.640000 96.147200
8.660000 96.726400
8.680000 96.147200
8.700000 96.726400
8.720000 96.147200
8.740000 96.726400
8.760000 96.147200
8.780000 96.726400
8.800000 96.147200
8.820000 96.147200
8.840000 96.726400
8.860000 96.147200
8.880000 96.726400
8.900000 96.147200
8.920000 96.726400
8.940000 96.147200
8.960000 96.726400
8.980000 96.147200
9.000000 96.147200
9.020000 96.726400
9.040000 96.147200
9.060000 96.726400
9.080000 96.147200
9.100000 96.726400
9.120000 96.147200
9.140000 96.726400
9.160000 96.147200
9.180000 96.147200
9.200000 96.726400
9.220000 96.147200
9.240000 96.726400
9.260000 96.147200
9.280000 96.726400
9.300000 96.147200
9.320000 96.726400
9.340000 96.147200
9.360000 96.147200
9.380000 96.726400
9.400000 96.147200
9.420000 96.726400
9.440000 96.147200
9.460000 96.726400
9.480000 96.147200
9.500000 96.726400
9.520000 96.147200
9.540000 96.147200
9.560000 96.726400
9.580000 96.147200
9.600000 96.726400
9.620000 96.147200
9.640000 96.726400
9.660000 96.147200
9.680000 96.726400
9.700000 96.147200
9.720000 96.147200
9.740000 96.726400
9.760000 96.147200
9.780000 96.726400
9.800000 96.147200
9.820000 96.726400
9.840000 96.147200
9.860000 96.726400
9.880000 96.147200
9.900000 96.147200
9.920000 96.726400
9.940000 96.147200
9.960000 96.726400
9.980000 96.147200
10.000000 96.726400
10.020000 96.147200
10.040000 96.147200
10.060000 64.870400
10.080000 5.212800
10.100000 9.846400
10.120000 16.217600
10.140000 25.484800
10.160000 48.652800
10.180000 85.142400
10.200000 96.147200
10.220000 96.726400
10.240000 96.147200
10.260000 96.726400
10.280000 96.147200
10.300000 96.726400
10.320000 96.147200
10.340000 5.212800
10.360000 2.316800
10.380000 281.491200
10.400000 96.726400
10.420000 96.147200
10.440000 18.534400
10.460000 2.316800
10.480000 268.748800
10.500000 96.147200
10.520000 96.726400
10.540000 96.147200
10.560000 96.147200
10.580000 96.726400
10.600000 96.147200
10.620000 96.726400
10.640000 96.147200
10.660000 96.726400
10.680000 96.147200
10.700000 96.726400
10.720000 96.147200
10.740000 96.726400
10.760000 96.147200
10.780000 96.147200
10.800000 96.726400
10.820000 96.147200
10.840000 96.726400
10.860000 96.147200
10.880000 96.726400
10.900000 96.147200
10.920000 96.726400
10.940000 96.147200
10.960000 96.147200
10.980000 96.726400
11.000000 96.147200
11.020000 96.726400
11.040000 96.147200
11.060000 96.726400
11.080000 96.147200
11.100000 96.726400
11.120000 96.147200
11.140000 96.147200
11.160000 96.726400
11.180000 96.147200
11.200000 96.726400
11.220000 96.147200
11.240000 96.726400
11.260000 96.147200
11.280000 96.726400
11.300000 96.147200
11.320000 96.147200
11.340000 96.726400
11.360000 96.147200
11.380000 96.726400
11.400000 96.147200
11.420000 96.726400
11.440000 96.147200
11.460000 96.726400
11.480000 96.147200
11.500000 96.147200
11.520000 96.726400
11.540000 96.147200
11.560000 96.726400
11.580000 96.147200
11.600000 96.726400
11.620000 96.147200
11.640000 96.726400
11.660000 96.147200
11.680000 96.147200
11.700000 96.726400
11.720000 96.147200
11.740000 96.726400
11.760000 96.147200
11.780000 96.726400
11.800000 96.147200
11.820000 96.726400
11.840000 96.147200
11.860000 96.147200
11.880000 96.726400
11.900000 96.147200
11.920000 96.726400
11.940000 96.147200
11.960000 96.726400
11.980000 96.147200
12.000000 96.726400
12.020000 96.147200
12.040000 96.147200
12.060000 96.726400
12.080000 96.147200
12.100000 96.726400
12.120000 96.147200
12.140000 96.726400
12.160000 96.147200
12.180000 96.726400
12.200000 96.147200
12.220000 96.147200
12.240000 96.726400
12.260000 96.147200
12.280000 96.726400
12.300000 96.147200
12.320000 96.726400
12.340000 96.147200
12.360000 96.726400
12.380000 96.147200
12.400000 96.147200
12.420000 96.726400
12.440000 96.147200
12.460000 96.726400
12.480000 96.147200
12.500000 96.726400
12.520000 96.147200
12.540000 96.726400
12.560000 96.147200
12.580000 96.147200
12.600000 96.726400
12.620000 96.147200
12.640000 96.726400
12.660000 96.147200
12.680000 96.726400
12.700000 96.147200
12.720000 96.726400
12.740000 96.147200
12.760000 96.147200
12.780000 96.726400
12.800000 96.147200
12.820000 96.726400
12.840000 96.147200
12.860000 96.726400
12.880000 96.147200
12.900000 96.726400
12.920000 96.147200
12.940000 96.147200
12.960000 96.726400
12.980000 96.147200
13.000000 96.726400
13.020000 96.147200
13.040000 96.726400
13.060000 96.147200
13.080000 96.726400
13.100000 96.147200
13.120000 96.147200
13.140000 96.726400
13.160000 96.147200
13.180000 96.726400
13.200000 96.147200
13.220000 96.726400
13.240000 96.147200
13.260000 96.726400
13.280000 96.147200
13.300000 96.147200
13.320000 96.726400
13.340000 96.147200
13.360000 96.726400
13.380000 96.147200
13.400000 96.726400
13.420000 96.147200
13.440000 96.726400
13.460000 96.147200
13.480000 96.147200
13.500000 96.726400
13.520000 96.147200
13.540000 96.726400
13.560000 96.147200
13.580000 96.726400
13.600000 96.147200
13.620000 96.726400
13.640000 96.147200
13.660000 96.147200
13.680000 96.726400
13.700000 96.147200
13.720000 96.726400
13.740000 96.147200
13.760000 96.726400
13.780000 96.147200
13.800000 96.726400
13.820000 96.147200
13.840000 96.147200
13.860000 96.726400
13.880000 96.147200
13.900000 96.726400
13.920000 96.147200
13.940000 96.726400
13.960000 96.147200
13.980000 96.726400
14.000000 96.147200
14.020000 96.147200
14.040000 96.726400
14.060000 96.147200
14.080000 96.726400
14.100000 96.147200
14.120000 96.726400
14.140000 96.147200
14.160000 96.726400
14.180000 96.147200
14.200000 96.147200
14.220000 96.726400
14.240000 96.147200
14.260000 96.726400
14.280000 96.147200
14.300000 96.726400
14.320000 96.147200
14.340000 96.726400
14.360000 96.147200
14.380000 96.147200
14.400000 96.726400
14.420000 96.147200
14.440000 96.726400
14.460000 96.147200
14.480000 96.726400
14.500000 96.147200
14.520000 96.726400
14.540000 96.147200
14.560000 96.147200
14.580000 96.726400
14.600000 96.147200
14.620000 96.726400
14.640000 96.147200
14.660000 96.726400
14.680000 96.147200
14.700000 96.726400
14.720000 96.147200
14.740000 96.147200
14.760000 96.726400
14.780000 96.147200
14.800000 96.726400
14.820000 96.147200
14.840000 96.726400
14.860000 96.147200
14.880000 96.726400
14.900000 96.147200
14.920000 96.147200
14.940000 96.726400
14.960000 96.147200
14.980000 96.726400
15.000000 96.147200
15.020000 96.726400
15.040000 96.147200
15.060000 96.726400
15.080000 96.147200
15.100000 96.147200
15.120000 96.726400
15.140000 96.147200
15.160000 96.726400
15.180000 96.147200
15.200000 96.726400
15.220000 96.147200
15.240000 96.726400
15.260000 96.147200
15.280000 96.147200
15.300000 96.726400
15.320000 96.147200
15.340000 96.726400
15.360000 96.147200
15.380000 96.726400
15.400000 96.147200
15.420000 96.726400
15.440000 96.147200
15.460000 96.147200
15.480000 96.726400
15.500000 96.147200
15.520000 96.726400
15.540000 96.147200
15.560000 96.726400
15.580000 96.147200
15.600000 96.726400
15.620000 96.147200
15.640000 96.147200
15.660000 96.726400
15.680000 96.147200
15.700000 96.726400
15.720000 96.147200
15.740000 96.726400
15.760000 96.147200
15.780000 96.726400
15.800000 96.147200
15.820000 96.147200
15.840000 96.726400
15.860000 96.147200
15.880000 96.726400
15.900000 96.147200
15.920000 96.726400
15.940000 96.147200
15.960000 96.726400
15.980000 96.147200
16.000000 96.147200
16.020000 96.726400
16.040000 96.147200
16.060000 96.726400
16.080000 96.147200
16.100000 96.726400
16.120000 96.147200
16.140000 96.726400
16.160000 96.147200
16.180000 96.147200
16.200000 96.726400
16.220000 96.147200
16.240000 96.726400
16.260000 96.147200
16.280000 96.726400
16.300000 96.147200
16.320000 96.726400
16.340000 96.147200
16.360000 96.147200
16.380000 96.726400
16.400000 96.147200
16.420000 96.726400
16.440000 96.147200
16.460000 96.726400
16.480000 96.147200
16.500000 96.726400
16.520000 96.147200
16.540000 96.147200
16.560000 96.726400
16.580000 96.147200
16.600000 96.726400
16.620000 96.147200
16.640000 96.726400
16.660000 96.147200
16.680000 96.726400
16.700000 96.147200
16.720000 96.147200
16.740000 96.726400
16.760000 96.147200
16.780000 96.726400
16.800000 96.147200
16.820000 96.726400
16.840000 96.147200
16.860000 96.726400
16.880000 96.147200
16.900000 96.147200
16.920000 96.726400
16.940000 96.147200
16.960000 96.726400
16.980000 96.147200
17.000000 96.726400
17.020000 96.147200
17.040000 96.726400
17.060000 96.147200
17.080000 96.147200
17.100000 96.726400
17.120000 96.147200
17.140000 96.726400
17.160000 96.147200
17.180000 96.726400
17.200000 96.147200
17.220000 96.726400
17.240000 96.147200
17.260000 96.147200
17.280000 96.726400
17.300000 96.147200
17.320000 96.726400
17.340000 96.147200
17.360000 96.726400
17.380000 96.147200
17.400000 96.726400
17.420000 96.147200
17.440000 96.147200
17.460000 96.726400
17.480000 96.147200
17.500000 96.726400
17.520000 96.147200
17.540000 96.726400
17.560000 96.147200
17.580000 96.726400
17.600000 96.147200
17.620000 96.147200
17.640000 96.726400
17.660000 96.147200
17.680000 96.726400
17.700000 96.147200
17.720000 96.726400
17.740000 96.147200
17.760000 96.726400
17.780000 96.147200
17.800000 96.147200
17.820000 96.726400
17.840000 96.147200
17.860000 96.726400
17.880000 96.147200
17.900000 96.726400
17.920000 96.147200
17.940000 96.726400
17.960000 96.147200
17.980000 96.147200
18.000000 96.726400
18.020000 96.147200
18.040000 96.726400
18.060000 96.147200
18.080000 96.726400
18.100000 96.147200
18.120000 96.726400
18.140000 96.147200
18.160000 96.726400
18.180000 96.147200
18.200000 96.147200
18.220000 96.726400
18.240000 96.147200
18.260000 96.726400
18.280000 96.147200
18.300000 96.726400
18.320000 96.147200
18.340000 96.726400
18.360000 96.147200
18.380000 96.147200
18.400000 96.726400
18.420000 96.147200
18.440000 96.726400
18.460000 96.147200
18.480000 96.726400
18.500000 96.147200
18.520000 96.726400
18.540000 96.147200
18.560000 96.147200
18.580000 96.726400
18.600000 96.147200
18.620000 96.726400
18.640000 96.147200
18.660000 96.726400
18.680000 96.147200
18.700000 96.726400
18.720000 96.147200
18.740000 96.147200
18.760000 96.726400
18.780000 96.147200
18.800000 96.726400
18.820000 96.147200
18.840000 96.726400
18.860000 96.147200
18.880000 96.726400
18.900000 96.147200
18.920000 96.147200
18.940000 96.726400
18.960000 96.147200
18.980000 96.726400
19.000000 96.147200
19.020000 96.726400
19.040000 96.147200
19.060000 96.726400
19.080000 96.147200
19.100000 96.147200
19.120000 96.726400
19.140000 96.147200
19.160000 96.726400
19.180000 96.147200
19.200000 96.726400
19.220000 96.147200
19.240000 96.726400
19.260000 96.147200
19.280000 96.147200
19.300000 96.726400
19.320000 96.147200
19.340000 96.726400
19.360000 96.147200
19.380000 96.726400
19.400000 96.147200
19.420000 96.726400
19.440000 96.147200
19.460000 96.147200
19.480000 96.726400
19.500000 96.147200
19.520000 96.726400
19.540000 96.147200
19.560000 96.726400
19.580000 96.147200
19.600000 96.726400
19.620000 96.147200
19.640000 96.147200
19.660000 96.726400
19.680000 96.147200
19.700000 96.726400
19.720000 96.147200
19.740000 96.726400
19.760000 96.147200
19.780000 96.726400
19.800000 96.147200
19.820000 96.147200
19.840000 96.726400
19.860000 96.147200
19.880000 96.726400
19.900000 96.147200
19.920000 96.726400
19.940000 96.147200
19.960000 96.726400
19.980000 96.147200
20.000000 96.147200
20.020000 96.726400
20.040000 96.147200
20.060000 96.726400
20.080000 35.910400
20.100000 6.950400
20.120000 8.108800
20.140000 9.267200
20.160000 13.900800
20.180000 16.796800
20.200000 32.435200
20.220000 54.444800
20.240000 92.092800
20.260000 96.147200
20.280000 96.726400
20.300000 96.147200
20.320000 96.147200
20.340000 96.726400
20.360000 96.147200
20.380000 96.726400
20.400000 4.054400
20.420000 4.054400
20.440000 4.054400
20.460000 373.584000
20.480000 96.147200
20.500000 24.905600
20.520000 167.968000
20.540000 96.147200
20.560000 96.726400
20.580000 96.147200
20.600000 96.726400
20.620000 96.147200
20.640000 96.726400
20.660000 96.147200
20.680000 96.147200
20.700000 96.726400
20.720000 96.147200
20.740000 96.726400
20.760000 96.147200
20.780000 96.726400
20.800000 96.147200
20.820000 96.726400
20.840000 96.147200
20.860000 96.147200
20.880000 96.726400
20.900000 96.147200
20.920000 96.726400
20.940000 96.147200
20.960000 96.726400
20.980000 96.147200
21.000000 96.726400
21.020000 96.147200
21.040000 96.147200
21.060000 96.726400
21.080000 96.147200
21.100000 96.726400
21.120000 96.147200
21.140000 96.726400
21.160000 96.147200
21.180000 96.726400
21.200000 96.147200
21.220000 96.147200
21.240000 96.726400
21.260000 96.147200
21.280000 96.726400
21.300000 96.147200
21.320000 96.726400
21.340000 96.147200
21.360000 96.726400
21.380000 96.147200
21.400000 96.147200
21.420000 96.726400
21.440000 96.147200
21.460000 96.726400
21.480000 96.147200
21.500000 96.726400
21.520000 96.147200
21.540000 96.726400
21.560000 96.147200
21.580000 96.147200
21.600000 96.726400
21.620000 96.147200
21.640000 96.726400
21.660000 96.147200
21.680000 96.726400
21.700000 96.147200
21.720000 96.726400
21.740000 96.147200
21.760000 96.147200
21.780000 96.726400
21.800000 96.147200
21.820000 96.726400
21.840000 96.147200
21.860000 96.726400
21.880000 96.147200
21.900000 96.726400
21.920000 96.147200
21.940000 96.147200
21.960000 96.726400
21.980000 96.147200
22.000000 96.726400
22.020000 96.147200
22.040000 96.726400
22.060000 96.147200
22.080000 96.726400
22.100000 96.147200
22.120000 96.147200
22.140000 96.726400
22.160000 96.147200
22.180000 96.726400
22.200000 96.147200
22.220000 96.726400
22.240000 96.147200
22.260000 96.726400
22.280000 96.147200
22.300000 96.147200
22.320000 96.726400
22.340000 96.147200
22.360000 96.726400
22.380000 96.147200
22.400000 96.726400
22.420000 96.147200
22.440000 96.726400
22.460000 96.147200
22.480000 96.147200
22.500000 96.726400
22.520000 96.147200
22.540000 96.726400
22.560000 96.147200
22.580000 96.726400
22.600000 96.147200
22.620000 96.726400
22.640000 96.147200
22.660000 96.726400
22.680000 96.147200
22.700000 96.147200
22.720000 96.726400
22.740000 96.147200
22.760000 96.726400
22.780000 96.147200
22.800000 96.726400
22.820000 96.147200
22.840000 96.726400
22.860000 96.147200
22.880000 96.147200
22.900000 96.726400
22.920000 96.147200
22.940000 96.726400
22.960000 96.147200
22.980000 96.726400
23.000000 96.147200
23.020000 96.726400
23.040000 96.147200
23.060000 96.147200
23.080000 96.726400
23.100000 96.147200
23.120000 96.726400
23.140000 96.147200
23.160000 96.726400
23.180000 96.147200
23.200000 96.726400
23.220000 96.147200
23.240000 96.147200
23.260000 96.726400
23.280000 96.147200
23.300000 96.726400
23.320000 96.147200
23.340000 96.726400
23.360000 96.147200
23.380000 96.726400
23.400000 96.147200
23.420000 96.147200
23.440000 96.726400
23.460000 96.147200
23.480000 96.726400
23.500000 96.147200
23.520000 96.726400
23.540000 96.147200
23.560000 96.726400
23.580000 96.147200
23.600000 96.147200
23.620000 96.726400
23.640000 96.147200
23.660000 96.726400
23.680000 96.147200
23.700000 96.726400
23.720000 96.147200
23.740000 96.726400
23.760000 96.147200
23.780000 96.147200
23.800000 96.726400
23.820000 96.147200
23.840000 96.726400
23.860000 96.147200
23.880000 96.726400
23.900000 96.147200
23.920000 96.726400
23.940000 96.147200
23.960000 96.147200
23.980000 96.726400
24.000000 96.147200
24.020000 96.726400
24.040000 96.147200
24.060000 96.726400
24.080000 96.147200
24.100000 96.726400
24.120000 96.147200
24.140000 96.147200
24.160000 96.726400
24.180000 96.147200
24.200000 96.726400
24.220000 96.147200
24.240000 96.726400
24.260000 96.147200
24.280000 96.726400
24.300000 96.147200
24.320000 96.147200
24.340000 96.726400
24.360000 96.147200
24.380000 96.726400
24.400000 96.147200
24.420000 96.726400
24.440000 96.147200
24.460000 96.726400
24.480000 96.147200
24.500000 96.147200
24.520000 96.726400
24.540000 96.147200
24.560000 96.726400
24.580000 96.147200
24.600000 96.726400
24.620000 96.147200
24.640000 96.726400
24.660000 96.147200
24.680000 96.147200
24.700000 96.726400
24.720000 96.147200
24.740000 96.726400
24.760000 96.147200
24.780000 96.726400
24.800000 96.147200
24.820000 96.726400
24.840000 96.147200
24.860000 96.147200
24.880000 96.726400
24.900000 96.147200
24.920000 96.726400
24.940000 96.147200
24.960000 96.726400
24.980000 96.147200
25.000000 96.726400
25.020000 96.147200
25.040000 96.147200
25.060000 96.726400
25.080000 96.147200
25.100000 96.726400
25.120000 96.147200
25.140000 96.726400
25.160000 96.147200
25.180000 96.726400
25.200000 96.147200
25.220000 96.147200
25.240000 96.726400
25.260000 96.147200
25.280000 96.726400
25.300000 96.147200
25.320000 96.726400
25.340000 96.147200
25.360000 96.726400
25.380000 96.147200
25.400000 96.147200
25.420000 96.726400
25.440000 96.147200
25.460000 96.726400
25.480000 96.147200
25.500000 96.726400
25.520000 96.147200
25.540000 96.726400
25.560000 96.147200
25.580000 96.147200
25.600000 96.726400
25.620000 96.147200
25.640000 96.726400
25.660000 96.147200
25.680000 96.726400
25.700000 96.147200
25.720000 96.726400
25.740000 96.147200
25.760000 96.147200
25.780000 96.726400
25.800000 96.147200
25.820000 96.726400
25.840000 96.147200
25.860000 96.726400
25.880000 96.147200
25.900000 96.726400
25.920000 96.147200
25.940000 96.147200
25.960000 96.726400
25.980000 96.147200
26.000000 96.726400
26.020000 96.147200
26.040000 96.726400
26.060000 96.147200
26.080000 96.726400
26.100000 96.147200
26.120000 96.147200
26.140000 96.726400
26.160000 96.147200
26.180000 96.726400
26.200000 96.147200
26.220000 96.726400
26.240000 96.147200
26.260000 96.726400
26.280000 96.147200
26.300000 96.147200
26.320000 96.726400
26.340000 96.147200
26.360000 96.726400
26.380000 96.147200
26.400000 96.726400
26.420000 96.147200
26.440000 96.726400
26.460000 96.147200
26.480000 96.147200
26.500000 96.726400
26.520000 96.147200
26.540000 96.726400
26.560000 96.147200
26.580000 96.726400
26.600000 96.147200
26.620000 96.726400
26.640000 96.147200
26.660000 96.147200
26.680000 96.726400
26.700000 96.147200
26.720000 96.726400
26.740000 96.147200
26.760000 96.726400
26.780000 96.147200
26.800000 96.726400
26.820000 96.147200
26.840000 96.147200
26.860000 96.726400
26.880000 96.147200
26.900000 96.726400
26.920000 96.147200
26.940000 96.726400
26.960000 96.147200
26.980000 96.726400
27.000000 96.147200
27.020000 96.147200
27.040000 96.726400
27.060000 96.147200
27.080000 96.726400
27.100000 96.147200
27.120000 96.726400
27.140000 96.147200
27.160000 96.726400
27.180000 96.147200
27.200000 96.147200
27.220000 96.726400
27.240000 96.147200
27.260000 96.726400
27.280000 96.147200
27.300000 96.726400
27.320000 96.147200
27.340000 96.726400
27.360000 96.147200
27.380000 96.147200
27.400000 96.726400
27.420000 96.147200
27.440000 96.726400
27.460000 96.147200
27.480000 96.726400
27.500000 96.147200
27.520000 96.726400
27.540000 96.147200
27.560000 96.147200
27.580000 96.726400
27.600000 96.147200
27.620000 96.726400
27.640000 96.147200
27.660000 96.726400
27.680000 96.147200
27.700000 96.726400
27.720000 96.147200
27.740000 96.147200
27.760000 96.726400
27.780000 96.147200
27.800000 96.726400
27.820000 96.147200
27.840000 96.726400
27.860000 96.147200
27.880000 96.726400
27.900000 96.147200
27.920000 96.147200
27.940000 96.726400
27.960000 96.147200
27.980000 96.726400
28.000000 96.147200
28.020000 96.726400
28.040000 96.147200
28.060000 96.726400
28.080000 96.147200
28.100000 96.147200
28.120000 96.726400
28.140000 96.147200
28.160000 96.726400
28.180000 96.147200
28.200000 96.726400
28.220000 96.147200
28.240000 96.726400
28.260000 96.147200
28.280000 96.147200
28.300000 96.726400
28.320000 96.147200
28.340000 96.726400
28.360000 96.147200
28.380000 96.726400
28.400000 96.147200
28.420000 96.726400
28.440000 96.147200
28.460000 96.147200
28.480000 96.726400
28.500000 96.147200
28.520000 96.726400
28.540000 96.147200
28.560000 96.726400
28.580000 96.147200
28.600000 96.726400
28.620000 96.147200
28.640000 96.147200
28.660000 96.726400
28.680000 96.147200
28.700000 96.726400
28.720000 96.147200
28.740000 96.726400
28.760000 96.147200
28.780000 96.726400
28.800000 96.147200
28.820000 96.147200
28.840000 96.726400
28.860000 96.147200
28.880000 96.726400
28.900000 96.147200
28.920000 96.726400
28.940000 96.147200
28.960000 96.726400
28.980000 96.147200
29.000000 96.147200
29.020000 96.726400
29.040000 96.147200
29.060000 96.726400
29.080000 96.147200
29.100000 96.726400
29.120000 96.147200
29.140000 96.726400
29.160000 96.147200
29.180000 96.147200
29.200000 96.726400
29.220000 96.147200
29.240000 96.726400
29.260000 96.147200
29.280000 96.726400
29.300000 96.147200
29.320000 96.726400
29.340000 96.147200
29.360000 96.147200
29.380000 96.726400
29.400000 96.147200
29.420000 96.726400
29.440000 96.147200
29.460000 96.726400
29.480000 96.147200
29.500000 96.726400
29.520000 96.147200
29.540000 96.147200
29.560000 96.726400
29.580000 96.147200
29.600000 96.726400
29.620000 96.147200
29.640000 96.726400
29.660000 96.147200
29.680000 96.726400
29.700000 96.147200
29.720000 96.147200
29.740000 96.726400
29.760000 96.147200
29.780000 96.726400
29.800000 96.147200
29.820000 96.726400
29.840000 96.147200
29.860000 96.726400
29.880000 96.147200
29.900000 96.147200
29.920000 96.726400
29.940000 96.147200
29.960000 96.726400
29.980000 89.776000
30.000000 69.504000
30.020000 69.504000
30.040000 70.083200
30.060000 70.083200
30.080000 70.083200
30.100000 74.716800
30.120000 88.038400
30.140000 95.568000
30.160000 96.726400
30.180000 96.147200
30.200000 96.726400
30.220000 96.147200
30.240000 96.726400
30.260000 96.147200
30.280000 96.726400
30.300000 96.147200
30.320000 96.147200
30.340000 96.726400
30.360000 96.147200
30.380000 96.726400
30.400000 96.147200
30.420000 96.726400
30.440000 96.147200
30.460000 96.726400
30.480000 96.147200
30.500000 96.147200
30.520000 96.726400
30.540000 96.147200
30.560000 96.726400
30.580000 96.147200
30.600000 96.726400
30.620000 96.147200
30.640000 96.726400
30.660000 96.147200
30.680000 96.147200
30.700000 96.726400
30.720000 96.147200
30.740000 96.726400
30.760000 96.147200
30.780000 96.726400
30.800000 96.147200
30.820000 96.726400
30.840000 96.147200
30.860000 96.147200
30.880000 96.726400
30.900000 96.147200
30.920000 96.726400
30.940000 96.147200
30.960000 96.726400
30.980000 96.147200
31.000000 96.726400
31.020000 96.147200
31.040000 96.147200
31.060000 96.726400
31.080000 96.147200
31.100000 96.726400
31.120000 96.147200
31.140000 96.726400
31.160000 96.147200
31.180000 96.726400
31.200000 96.147200
31.220000 96.147200
31.240000 96.726400
31.260000 96.147200
31.280000 96.726400
31.300000 96.147200
31.320000 96.726400
31.340000 96.147200
31.360000 96.726400
31.380000 96.147200
31.400000 96.147200
31.420000 96.726400
31.440000 96.147200
31.460000 96.726400
31.480000 96.147200
31.500000 96.726400
31.520000 96.147200
31.540000 96.726400
31.560000 96.147200
31.580000 96.147200
31.600000 96.726400
31.620000 96.147200
31.640000 96.726400
31.660000 96.147200
31.680000 96.726400
31.700000 96.147200
31.720000 96.726400
31.740000 96.147200
31.760000 96.147200
31.780000 96.726400
31.800000 96.147200
31.820000 96.726400
31.840000 96.147200
31.860000 96.726400
31.880000 96.147200
31.900000 96.726400
31.920000 96.147200
31.940000 96.147200
31.960000 96.726400
31.980000 96.147200
32.000000 96.726400
32.020000 96.147200
32.040000 96.726400
32.060000 96.147200
32.080000 96.726400
32.100000 96.147200
32.120000 96.147200
32.140000 96.726400
32.160000 96.147200
32.180000 96.726400
32.200000 96.147200
32.220000 96.726400
32.240000 96.147200
32.260000 96.726400
32.280000 96.147200
32.300000 96.147200
32.320000 96.726400
32.340000 96.147200
32.360000 96.726400
32.380000 96.147200
32.400000 96.726400
32.420000 96.147200
32.440000 96.726400
32.460000 96.147200
32.480000 96.147200
32.500000 96.726400
32.520000 96.147200
32.540000 96.726400
32.560000 96.147200
32.580000 96.726400
32.600000 96.147200
32.620000 96.726400
32.640000 96.147200
32.660000 96.147200
32.680000 96.726400
32.700000 96.147200
32.720000 96.726400
32.740000 96.147200
32.760000 96.726400
32.780000 96.147200
32.800000 96.726400
32.820000 96.147200
32.840000 96.147200
32.860000 96.726400
32.880000 96.147200
32.900000 96.726400
32.920000 96.147200
32.940000 96.726400
32.960000 96.147200
32.980000 96.726400
33.000000 96.147200
33.020000 96.147200
33.040000 96.726400
33.060000 96.147200
33.080000 96.726400
33.100000 96.147200
33.120000 96.726400
33.140000 96.147200
33.160000 96.726400
33.180000 96.147200
33.200000 96.147200
33.220000 96.726400
33.240000 96.147200
33.260000 96.726400
33.280000 96.147200
33.300000 96.726400
33.320000 96.147200
33.340000 96.726400
33.360000 96.147200
33.380000 96.147200
33.400000 96.726400
33.420000 96.147200
33.440000 96.726400
33.460000 96.147200
33.480000 96.726400
33.500000 96.147200
33.520000 96.726400
33.540000 96.147200
33.560000 96.147200
33.580000 96.726400
33.600000 96.147200
33.620000 96.726400
33.640000 96.147200
33.660000 96.726400
33.680000 96.147200
33.700000 96.726400
33.720000 96.147200
33.740000 96.147200
33.760000 96.726400
33.780000 96.147200
33.800000 96.726400
33.820000 96.147200
33.840000 96.726400
33.860000 96.147200
33.880000 96.726400
33.900000 96.147200
33.920000 96.147200
33.940000 96.726400
33.960000 96.147200
33.980000 96.726400
34.000000 96.147200
34.020000 96.726400
34.040000 96.147200
34.060000 96.726400
34.080000 96.147200
34.100000 96.147200
34.120000 96.726400
34.140000 96.147200
34.160000 96.726400
34.180000 96.147200
34.200000 96.726400
34.220000 96.147200
34.240000 96.726400
34.260000 96.147200
34.280000 96.147200
34.300000 96.726400
34.320000 96.147200
34.340000 96.726400
34.360000 96.147200
34.380000 96.726400
34.400000 96.147200
34.420000 96.726400
34.440000 96.147200
34.460000 96.147200
34.480000 96.726400
34.500000 96.147200
34.520000 96.726400
34.540000 96.147200
34.560000 96.726400
34.580000 96.147200
34.600000 96.726400
34.620000 96.147200
34.640000 96.726400
34.660000 96.147200
34.680000 96.147200
34.700000 96.726400
34.720000 96.147200
34.740000 96.726400
34.760000 96.147200
34.780000 96.726400
34.800000 96.147200
34.820000 96.726400
34.840000 96.147200
34.860000 96.147200
34.880000 96.726400
34.900000 96.147200
34.920000 96.726400
34.940000 96.147200
34.960000 96.726400
34.980000 96.147200
35.000000 96.726400
35.020000 96.147200
35.040000 96.147200
35.060000 96.726400
35.080000 96.147200
35.100000 96.726400
35.120000 96.147200
35.140000 96.726400
35.160000 96.147200
35.180000 96.726400
35.200000 96.147200
35.220000 96.147200
35.240000 96.726400
35.260000 96.147200
35.280000 96.726400
35.300000 96.147200
35.320000 96.726400
35.340000 96.147200
35.360000 96.726400
35.380000 96.147200
35.400000 96.147200
35.420000 96.726400
35.440000 96.147200
35.460000 96.726400
35.480000 96.147200
35.500000 96.726400
35.520000 96.147200
35.540000 96.726400
35.560000 96.147200
35.580000 96.147200
35.600000 96.726400
35.620000 96.147200
35.640000 96.726400
35.660000 96.147200
35.680000 96.726400
35.700000 96.147200
35.720000 96.726400
35.740000 96.147200
35.760000 96.147200
35.780000 96.726400
35.800000 96.147200
35.820000 96.726400
35.840000 96.147200
35.860000 96.726400
35.880000 96.147200
35.900000 96.726400
35.920000 96.147200
35.940000 96.147200
35.960000 96.726400
35.980000 96.147200
36.000000 96.726400
36.020000 96.147200
36.040000 96.726400
36.060000 96.147200
36.080000 96.726400
36.100000 96.147200
36.120000 96.147200
36.140000 96.726400
36.160000 96.147200
36.180000 96.726400
36.200000 96.147200
36.220000 96.726400
36.240000 96.147200
36.260000 96.726400
36.280000 96.147200
36.300000 96.147200
36.320000 96.726400
36.340000 96.147200
36.360000 96.726400
36.380000 96.147200
36.400000 96.726400
36.420000 96.147200
36.440000 96.726400
36.460000 96.147200
36.480000 96.147200
36.500000 96.726400
36.520000 96.147200
36.540000 96.726400
36.560000 96.147200
36.580000 96.726400
36.600000 96.147200
36.620000 96.726400
36.640000 96.147200
36.660000 96.147200
36.680000 96.726400
36.700000 96.147200
36.720000 96.726400
36.740000 96.147200
36.760000 96.726400
36.780000 96.147200
36.800000 96.726400
36.820000 96.147200
36.840000 96.147200
36.860000 96.726400
36.880000 96.147200
36.900000 96.726400
36.920000 96.147200
36.940000 96.726400
36.960000 96.147200
36.980000 96.726400
37.000000 96.147200
37.020000 96.147200
37.040000 96.726400
37.060000 96.147200
37.080000 96.726400
37.100000 96.147200
37.120000 96.726400
37.140000 96.147200
37.160000 96.726400
37.180000 96.147200
37.200000 96.147200
37.220000 96.726400
37.240000 96.147200
37.260000 96.726400
37.280000 96.147200
37.300000 96.726400
37.320000 96.147200
37.340000 96.726400
37.360000 96.147200
37.380000 96.147200
37.400000 96.726400
37.420000 96.147200
37.440000 96.726400
37.460000 96.147200
37.480000 96.726400
37.500000 96.147200
37.520000 96.726400
37.540000 96.147200
37.560000 96.147200
37.580000 96.726400
37.600000 96.147200
37.620000 96.726400
37.640000 96.147200
37.660000 96.726400
37.680000 96.147200
37.700000 96.726400
37.720000 96.147200
37.740000 96.147200
37.760000 96.726400
37.780000 96.147200
37.800000 96.726400
37.820000 96.147200
37.840000 96.726400
37.860000 96.147200
37.880000 96.726400
37.900000 96.147200
37.920000 96.147200
37.940000 96.726400
37.960000 96.147200
37.980000 96.726400
38.000000 96.147200
38.020000 96.726400
38.040000 96.147200
38.060000 96.726400
38.080000 96.147200
38.100000 96.147200
38.120000 96.726400
38.140000 96.147200
38.160000 96.726400
38.180000 96.147200
38.200000 96.726400
38.220000 96.147200
38.240000 96.726400
38.260000 96.147200
38.280000 96.147200
38.300000 96.726400
38.320000 96.147200
38.340000 96.726400
38.360000 96.147200
38.380000 96.726400
38.400000 96.147200
38.420000 96.726400
38.440000 96.147200
38.460000 96.147200
38.480000 96.726400
38.500000 96.147200
38.520000 96.726400
38.540000 96.147200
38.560000 96.726400
38.580000 96.147200
38.600000 96.726400
38.620000 96.147200
38.640000 96.147200
38.660000 96.726400
38.680000 96.147200
38.700000 96.726400
38.720000 96.147200
38.740000 96.726400
38.760000 96.147200
38.780000 96.726400
38.800000 96.147200
38.820000 96.147200
38.840000 96.726400
38.860000 96.147200
38.880000 96.726400
38.900000 96.147200
38.920000 96.726400
38.940000 96.147200
38.960000 96.726400
38.980000 96.147200
39.000000 96.147200
39.020000 96.726400
39.040000 96.147200
39.060000 96.726400
39.080000 96.147200
39.100000 96.726400
39.120000 96.147200
39.140000 96.726400
39.160000 96.147200
39.180000 96.147200
39.200000 96.726400
39.220000 96.147200
39.240000 96.726400
39.260000 96.147200
39.280000 96.726400
39.300000 96.147200
39.320000 96.726400
39.340000 96.147200
39.360000 96.147200
39.380000 96.726400
39.400000 96.147200
39.420000 96.726400
39.440000 96.147200
39.460000 96.726400
39.480000 96.147200
39.500000 96.726400
39.520000 96.147200
39.540000 96.147200
39.560000 96.726400
39.580000 96.147200
39.600000 96.726400
39.620000 96.147200
39.640000 96.726400
39.660000 96.147200
39.680000 96.726400
39.700000 96.147200
39.720000 96.147200
39.740000 96.726400
39.760000 96.147200
39.780000 96.726400
39.800000 96.147200
39.820000 96.726400
39.840000 96.147200
39.860000 96.726400
39.880000 96.147200
39.900000 96.147200
39.920000 75.875200
39.940000 0.000000
39.960000 0.000000
39.980000 0.000000
40.000000 0.000000
40.020000 0.000000
40.040000 0.000000
40.060000 0.000000
40.080000 0.000000
40.100000 0.000000
40.120000 0.000000
40.140000 0.000000
40.160000 0.579200
40.180000 0.000000
40.200000 0.000000
40.220000 0.000000
40.240000 0.000000
40.260000 0.000000
40.280000 0.000000
40.300000 0.000000
40.320000 0.000000
40.340000 0.000000
40.360000 0.000000
40.380000 0.000000
40.400000 0.000000
40.420000 0.000000
40.440000 0.000000
40.460000 0.000000
40.480000 0.000000
40.500000 0.000000
40.520000 0.000000
40.540000 0.000000
40.560000 0.000000
40.580000 0.000000
40.600000 0.000000
40.620000 0.000000
40.640000 0.000000
40.660000 0.000000
40.680000 0.579200
40.700000 0.000000
40.720000 0.000000
40.740000 0.000000
40.760000 0.000000
40.780000 0.000000
40.800000 0.000000
40.820000 0.000000
40.840000 0.000000
40.860000 0.000000
40.880000 0.000000
40.900000 0.000000
40.920000 0.000000
40.940000 0.000000
40.960000 0.000000
40.980000 0.000000
41.000000 0.000000
41.020000 0.000000
41.040000 0.000000
41.060000 0.000000
41.080000 0.000000
41.100000 0.000000
41.120000 0.000000
41.140000 0.000000
41.160000 0.000000
41.180000 0.000000
41.200000 0.579200
41.220000 0.000000
41.240000 0.000000
41.260000 0.000000
41.280000 0.000000
41.300000 0.000000
41.320000 0.000000
41.340000 0.000000
41.360000 0.000000
41.380000 0.000000
41.400000 0.000000
41.420000 0.000000
41.440000 0.000000
41.460000 0.000000
41.480000 0.000000
41.500000 0.000000
41.520000 0.000000
41.540000 0.000000
41.560000 0.000000
41.580000 0.000000
41.600000 0.000000
41.620000 0.000000
41.640000 0.000000
41.660000 0.000000
41.680000 0.000000
41.700000 0.000000
41.720000 0.579200
41.740000 0.000000
41.760000 0.000000
41.780000 0.000000
41.800000 0.000000
41.820000 0.000000
41.840000 0.000000
41.860000 0.000000
41.880000 0.000000
41.900000 0.000000
41.920000 0.000000
41.940000 0.000000
41.960000 0.000000
41.980000 0.000000
42.000000 0.000000
42.020000 0.000000
42.040000 0.000000
42.060000 0.000000
42.080000 0.000000
42.100000 0.000000
42.120000 0.000000
42.140000 0.000000
42.160000 0.000000
42.180000 0.000000
42.200000 0.000000
42.220000 0.000000
42.240000 0.579200
42.260000 0.000000
42.280000 0.000000
42.300000 0.000000
42.320000 0.000000
42.340000 0.000000
42.360000 0.000000
42.380000 0.000000
42.400000 0.000000
42.420000 0.000000
42.440000 0.000000
42.460000 0.000000
42.480000 0.000000
42.500000 0.000000
42.520000 0.000000
42.540000 0.000000
42.560000 0.000000
42.580000 0.000000
42.600000 0.000000
42.620000 0.000000
42.640000 0.000000
42.660000 0.000000
42.680000 0.000000
42.700000 0.000000
42.720000 0.000000
42.740000 0.000000
42.760000 0.579200
42.780000 0.000000
42.800000 0.000000
42.820000 0.000000
42.840000 0.000000
42.860000 0.000000
42.880000 0.000000
42.900000 0.000000
42.920000 0.000000
42.940000 0.000000
42.960000 0.000000
42.980000 0.000000
43.000000 0.000000
43.020000 0.000000
43.040000 0.000000
43.060000 0.000000
43.080000 0.000000
43.100000 0.000000
43.120000 0.000000
43.140000 0.000000
43.160000 0.000000
43.180000 0.000000
43.200000 0.000000
43.220000 0.000000
43.240000 0.000000
43.260000 0.000000
43.280000 0.579200
43.300000 0.000000
43.320000 0.000000
43.340000 0.000000
43.360000 0.000000
43.380000 0.000000
43.400000 0.000000
43.420000 0.000000
43.440000 0.000000
43.460000 0.000000
43.480000 0.000000
43.500000 0.000000
43.520000 0.000000
43.540000 0.000000
43.560000 0.000000
43.580000 0.000000
43.600000 0.000000
43.620000 0.000000
43.640000 0.000000
43.660000 0.000000
43.680000 0.000000
43.700000 0.000000
43.720000 0.000000
43.740000 0.000000
43.760000 0.000000
43.780000 0.000000
43.800000 0.579200
43.820000 0.000000
43.840000 0.000000
43.860000 0.000000
43.880000 0.000000
43.900000 0.000000
43.920000 0.000000
43.940000 0.000000
43.960000 0.000000
43.980000 0.000000
44.000000 0.000000
44.020000 0.000000
44.040000 0.000000
44.060000 0.000000
44.080000 0.000000
44.100000 0.000000
44.120000 0.000000
44.140000 0.000000
44.160000 0.000000
44.180000 0.000000
44.200000 0.000000
44.220000 0.000000
44.240000 0.000000
44.260000 0.000000
44.280000 0.000000
44.300000 0.000000
44.320000 0.579200
44.340000 0.000000
44.360000 0.000000
44.380000 0.000000
44.400000 0.000000
44.420000 0.000000
44.440000 0.000000
44.460000 0.000000
44.480000 0.000000
44.500000 0.000000
44.520000 0.000000
44.540000 0.000000
44.560000 0.000000
44.580000 0.000000
44.600000 0.000000
44.620000 0.000000
44.640000 0.000000
44.660000 0.000000
44.680000 0.000000
44.700000 0.000000
44.720000 0.000000
44.740000 0.000000
44.760000 0.000000
44.780000 0.000000
44.800000 0.000000
44.820000 0.000000
44.840000 0.000000
44.860000 0.579200
44.880000 0.000000
44.900000 0.000000
44.920000 0.000000
44.940000 0.000000
44.960000 0.000000
44.980000 0.000000
45.000000 0.000000
45.020000 0.000000
45.040000 0.000000
45.060000 0.000000
45.080000 0.000000
45.100000 0.000000
45.120000 0.000000
45.140000 0.000000
45.160000 0.000000
45.180000 0.000000
45.200000 0.000000
45.220000 0.000000
45.240000 0.000000
45.260000 0.000000
45.280000 0.000000
45.300000 0.000000
45.320000 0.000000
45.340000 0.000000
45.360000 0.000000
45.380000 0.579200
45.400000 0.000000
45.420000 0.000000
45.440000 0.000000
45.460000 0.000000
45.480000 0.000000
45.500000 0.000000
45.520000 0.000000
45.540000 0.000000
45.560000 0.000000
45.580000 0.000000
45.600000 0.000000
45.620000 0.000000
45.640000 0.000000
45.660000 0.000000
45.680000 0.000000
45.700000 0.000000
45.720000 0.000000
45.740000 0.000000
45.760000 0.000000
45.780000 0.000000
45.800000 0.000000
45.820000 0.000000
45.840000 0.000000
45.860000 0.000000
45.880000 0.000000
45.900000 0.579200
45.920000 0.000000
45.940000 0.000000
45.960000 0.000000
45.980000 0.000000
46.000000 0.000000
46.020000 0.000000
46.040000 0.000000
46.060000 0.000000
46.080000 0.000000
46.100000 0.000000
46.120000 0.000000
46.140000 0.000000
46.160000 0.000000
46.180000 0.000000
46.200000 0.000000
46.220000 0.000000
46.240000 0.000000
46.260000 0.000000
46.280000 0.000000
46.300000 0.000000
46.320000 0.000000
46.340000 0.000000
46.360000 0.000000
46.380000 0.000000
46.400000 0.000000
46.420000 0.579200
46.440000 0.000000
46.460000 0.000000
46.480000 0.000000
46.500000 0.000000
46.520000 0.000000
46.540000 0.000000
46.560000 0.000000
46.580000 0.000000
46.600000 0.000000
46.620000 0.000000
46.640000 0.000000
46.660000 0.000000
46.680000 0.000000
46.700000 0.000000
46.720000 0.000000
46.740000 0.000000
46.760000 0.000000
46.780000 0.000000
46.800000 0.000000
46.820000 0.000000
46.840000 0.000000
46.860000 0.000000
46.880000 0.000000
46.900000 0.000000
46.920000 0.000000
46.940000 0.000000
46.960000 0.000000
46.980000 0.000000
47.000000 0.000000
47.020000 0.000000
47.040000 0.000000
47.060000 0.000000
47.080000 0.000000
47.100000 0.000000
47.120000 0.000000
47.140000 0.000000
47.160000 0.579200
47.180000 0.000000
47.200000 0.000000
47.220000 0.000000
47.240000 0.000000
47.260000 0.000000
47.280000 0.000000
47.300000 0.000000
47.320000 0.000000
47.340000 0.000000
47.360000 0.000000
47.380000 0.000000
47.400000 0.000000
47.420000 0.000000
47.440000 0.000000
47.460000 0.000000
47.480000 0.000000
47.500000 0.000000
47.520000 0.000000
47.540000 0.000000
47.560000 0.000000
47.580000 0.000000
47.600000 0.000000
47.620000 0.000000
47.640000 0.000000
47.660000 0.000000
47.680000 0.000000
47.700000 0.000000
47.720000 0.000000
47.740000 0.000000
47.760000 0.000000
47.780000 0.000000
47.800000 0.000000
47.820000 0.000000
47.840000 0.000000
47.860000 0.000000
47.880000 0.000000
47.900000 0.579200
47.920000 0.000000
47.940000 0.000000
47.960000 0.000000
47.980000 0.000000
48.000000 0.000000
48.020000 0.000000
48.040000 0.000000
48.060000 0.000000
48.080000 0.000000
48.100000 0.000000
48.120000 0.000000
48.140000 0.000000
48.160000 0.000000
48.180000 0.000000
48.200000 0.000000
48.220000 0.000000
48.240000 0.000000
48.260000 0.000000
48.280000 0.000000
48.300000 0.000000
48.320000 0.000000
48.340000 0.000000
48.360000 0.000000
48.380000 0.000000
48.400000 0.000000
48.420000 0.000000
48.440000 0.000000
48.460000 0.000000
48.480000 0.000000
48.500000 0.000000
48.520000 0.000000
48.540000 0.000000
48.560000 0.000000
48.580000 0.000000
48.600000 0.000000
48.620000 0.000000
48.640000 0.579200
48.660000 0.000000
48.680000 0.000000
48.700000 0.000000
48.720000 0.000000
48.740000 0.000000
48.760000 0.000000
48.780000 0.000000
48.800000 0.000000
48.820000 0.000000
48.840000 0.000000
48.860000 0.000000
48.880000 0.000000
48.900000 0.000000
48.920000 0.000000
48.940000 0.000000
48.960000 0.000000
48.980000 0.000000
49.000000 0.000000
49.020000 0.000000
49.040000 0.000000
49.060000 0.000000
49.080000 0.000000
49.100000 0.000000
49.120000 0.000000
49.140000 0.000000
49.160000 0.000000
49.180000 0.000000
49.200000 0.000000
49.220000 0.000000
49.240000 0.000000
49.260000 0.000000
49.280000 0.000000
49.300000 0.000000
49.320000 0.000000
49.340000 0.000000
49.360000 0.000000
49.380000 0.579200
49.400000 0.000000
49.420000 0.000000
49.440000 0.000000
49.460000 0.000000
49.480000 0.000000
49.500000 0.000000
49.520000 0.000000
49.540000 0.000000
49.560000 0.000000
49.580000 0.000000
49.600000 0.000000
49.620000 0.000000
49.640000 0.000000
49.660000 0.000000
49.680000 0.000000
49.700000 0.000000
49.720000 0.000000
49.740000 0.000000
49.760000 0.000000
49.780000 0.000000
49.800000 0.000000
49.820000 0.000000
49.840000 0.000000
49.860000 0.000000
49.880000 0.000000
49.900000 0.000000
49.920000 0.000000
49.940000 0.000000
49.960000 0.000000
49.980000 0.000000
