0.0 69
20.1399 69.125
20.1403 69.3594
20.2104 78.3145
20.211 77.4001
20.2112 76.6001
20.2813 84.6501
20.2817 82.9438
20.2821 81.5759
20.2825 80.3789
20.2827 79.3315
20.2831 78.4151
20.3529 86.2382
20.3535 84.4584
20.3537 82.9011
20.354 81.5385
20.3543 80.4712
20.3547 79.4123
20.3549 78.4857
20.3553 77.8
20.3556 77.2
20.3559 76.675
20.3565 76.3406
20.3568 75.9231
20.426 84.3077
20.5487 80.2692
20.549 76.7356
20.5495 73.7686
20.5497 71.1725
20.5499 68.901
20.5504 67.0383
20.5507 65.4086
20.5509 63.8575
20.5514 62.6253
20.5517 61.4221
20.5522 60.4944
20.6006 65.6826
20.6009 64.0972
20.6014 62.8351
20.6018 61.7307
20.6021 60.7644
20.6023 59.9188
20.6026 59.179
20.6028 58.5316
20.6033 58.0901
20.6035 57.5789
20.6038 57.1315
20.6041 56.8651
20.6045 56.5069
20.6047 56.1936
20.6051 56.0444
20.6054 55.7888
20.6059 55.5652
20.6064 55.3696
20.6552 55.3234
20.6556 55.283
20.656 55.2476
20.6564 55.2166
20.6566 55.0646
20.6569 54.9315
20.6571 54.94
20.6575 54.9475
20.6578 54.8291
20.6581 54.8505
20.6583 54.8692
20.6588 54.8855
20.659 54.8998
20.6593 54.9123
20.6596 54.9233
20.66 54.8079
20.6605 54.8319
20.6611 54.9779
20.7105 61.1057
20.7108 60.3425
20.7113 59.7997
20.7117 59.1997
20.7119 58.6747
20.7121 58.3404
20.7124 58.0478
20.7127 57.6669
20.7131 57.4585
20.7133 57.2762
20.7136 56.9917
20.7141 56.8677
20.7143 56.7592
20.7146 56.5393
20.7148 56.3469
20.7153 56.3036
20.7156 56.2656
20.7161 56.2324
20.7167 56.0784
20.7665 56.0686
20.7668 56.06
20.7673 56.0525
20.7677 56.0459
20.7679 56.0402
20.7681 56.0352
20.7684 56.0308
20.7687 56.0269
20.7691 56.0236
20.7693 56.0206
20.7696 56.018
20.7701 56.0158
20.7703 56.0138
20.7705 56.0121
20.7708 56.0106
20.7713 56.0092
20.7716 56.0081
20.7721 56.0071
20.7727 56.0062
20.8231 56.1304
20.8233 56.2391
20.8238 56.3342
20.8243 56.4174
20.8245 56.4903
20.8247 56.554
20.825 56.4847
20.8252 56.5491
20.8257 56.6055
20.8259 56.5298
20.8262 56.5886
20.8265 56.64
20.8269 56.56
20.8271 56.615
20.8274 56.6631
20.8277 56.7052
20.8281 56.7421
20.8286 56.7743
20.8292 56.8025
20.88 63.2022
20.8803 62.4269
20.8807 61.7486
20.8811 61.28
20.8815 60.745
20.8817 60.2769
20.8819 59.8673
20.8822 59.6339
20.8825 59.3046
20.8829 59.0165
20.8831 58.8895
20.8834 58.6533
20.8839 58.4466
20.8841 58.3908
20.8843 58.217
20.8846 58.0648
20.8851 58.0567
20.8854 57.9246
20.8859 57.8091
20.8865 57.7079
20.9378 57.6194
20.9382 57.667
20.9385 57.7086
20.939 57.745
20.9392 57.7769
20.9395 57.8048
20.9397 57.8292
20.94 57.7255
20.9405 57.7599
20.9407 57.7899
20.9409 57.6911
20.9413 57.7297
20.9417 57.7635
20.9419 57.6681
20.9421 57.7096
20.9425 57.7459
20.9429 57.6526
20.9433 57.6961
20.9438 57.7341
20.9444 57.7673
20.9962 57.9214
20.9964 58.0562
20.9969 58.0492
20.9973 58.168
20.9976 58.147
20.9979 58.1287
20.9981 58.2376
20.9984 58.3329
20.9987 58.4163
20.9991 58.4892
20.9993 58.5531
20.9996 58.6089
21.0001 58.6578
21.0003 58.7006
21.0005 58.738
21.0008 58.6458
21.0013 58.69
21.0016 58.7288
21.0021 58.7627
21.0027 58.7924
21.055 65.1933
21.0553 64.4191
21.0556 63.7418
21.056 63.274
21.0564 62.7398
21.0568 62.2723
21.057 61.9883
21.0572 61.6147
21.0575 61.2879
21.0578 61.0019
21.0582 60.7517
21.0584 60.5327
21.0587 60.3411
21.0592 60.1735
21.0595 60.0268
21.0598 59.8984
21.06 59.9111
21.0605 59.7972
21.0609 59.6976
21.0613 59.6104
21.0619 59.5341
21.1147 59.5923
21.115 59.6433
21.1153 59.6879
21.1158 59.6019
21.1161 59.6517
21.1165 59.6952
21.1167 59.6083
21.117 59.5323
21.1172 59.5907
21.1176 59.6419
21.1179 59.5616
21.1182 59.6164
21.1184 59.6644
21.1189 59.5813
21.1191 59.6337
21.1194 59.6795
21.1197 59.5945
21.1201 59.6452
21.1206 59.6896
21.1211 59.7284
21.1217 59.7623
21.1749 59.792
21.1751 59.943
21.1754 59.9501
21.1758 59.9564
21.1762 60.0868
21.1766 60.076
21.1768 60.0665
21.177 60.1832
21.1773 60.2853
21.1776 60.2496
21.178 60.3434
21.1782 60.4255
21.1785 60.3723
21.179 60.3258
21.1792 60.41
21.1794 60.3588
21.1798 60.3139
21.1802 60.3997
21.1807 60.3497
21.1811 60.431
21.1817 60.3771
21.2354 67.08
21.2357 66.32
21.2359 65.53
21.2364 64.9637
21.2368 64.4683
21.2371 64.0347
21.2374 63.6554
21.2376 63.3235
21.2378 62.908
21.2382 62.6695
21.2386 62.4608
21.2388 62.1532
21.239 62.0091
21.2396 61.8829
21.2399 61.7726
21.2401 61.676
21.2405 61.5915
21.2409 61.5176
21.2413 61.4529
21.2418 61.3963
21.2424 61.3467
21.2965 68.0534
21.2968 67.1717
21.2971 66.5252
21.2976 65.9596
21.2978 65.3396
21.2983 64.9222
21.2985 64.4319
21.2988 64.0029
21.299 63.7526
21.2992 63.5335
21.2997 63.2168
21.3 62.9397
21.3002 62.8222
21.3006 62.5945
21.3012 62.5201
21.3014 62.4551
21.3017 62.2732
21.302 62.2391
21.3024 62.2092
21.3029 62.058
21.3033 62.0508
21.3039 61.9194
21.3584 61.9295
21.3587 61.9383
21.359 61.821
21.3594 61.8434
21.3597 61.863
21.3602 61.8801
21.3604 61.8951
21.3607 61.9082
21.3609 61.7947
21.3611 61.8203
21.3616 61.8428
21.3619 61.8625
21.3621 61.8796
21.3625 61.8947
21.3631 61.9079
21.3633 61.9194
21.3635 61.9294
21.3639 61.8133
21.3643 61.8366
21.3647 61.857
21.3652 61.8749
21.3658 61.8905
21.4209 61.9042
21.4212 62.0412
21.4215 62.161
21.4218 62.2659
21.4222 62.3577
21.4225 62.438
21.4229 62.3832
21.4231 62.4603
21.4234 62.5278
21.4236 62.5868
21.424 62.5135
21.4243 62.5743
21.4246 62.6275
21.4248 62.549
21.4254 62.6054
21.4258 62.5297
21.426 62.5885
21.4263 62.64
21.4267 62.685
21.4271 62.7243
21.4276 62.7588
21.4282 62.7889
21.4837 69.6903
21.4842 68.979
21.4844 68.2317
21.4847 67.5777
21.4851 67.1305
21.4854 66.6142
21.4859 66.1624
21.4861 65.8921
21.4863 65.5306
21.4866 65.2143
21.4868 64.9375
21.4873 64.8203
21.4875 64.5928
21.4878 64.3937
21.4883 64.3445
21.4887 64.1764
21.489 64.0293
21.4892 63.9007
21.4896 63.7881
21.4899 63.6896
21.4905 63.6034
21.4911 63.653
21.547 70.5713
21.5474 69.7499
21.5479 68.9062
21.5481 68.2929
21.5483 67.7563
21.5488 67.1618
21.5491 66.7665
21.5495 66.4207
21.5499 65.9931
21.5501 65.744
21.5504 65.526
21.5506 65.3352
21.5511 65.1683
21.5513 65.0223
21.5516 64.8945
21.5521 64.7827
21.5525 64.6849
21.5528 64.5992
21.553 64.5243
21.5534 64.4588
21.5537 64.4014
21.5543 64.3513
21.5549 64.1824
21.6112 64.1596
21.6117 64.1396
21.6121 64.2472
21.6124 64.2163
21.6126 64.1892
21.6131 64.2906
21.6133 64.2543
21.6138 64.2225
21.6141 64.3197
21.6143 64.2797
21.6145 64.2447
21.6149 64.2141
21.6153 64.1874
21.6155 64.164
21.6159 64.1435
21.6164 64.1255
21.6167 64.1098
21.617 64.0961
21.6172 64.0841
21.6177 64.0736
21.618 64.1894
21.6186 64.1657
21.6192 64.27
21.6758 64.2362
21.6762 64.3317
21.6767 64.4153
21.6769 64.3633
21.6772 64.4429
21.6776 64.5126
21.6779 64.4485
21.6784 64.5174
21.6786 64.5777
21.6788 64.5055
21.6791 64.5673
21.6794 64.6214
21.6798 64.6687
21.68 64.7101
21.6804 64.7464
21.6809 64.7781
21.6812 64.8058
21.6815 64.8301
21.6817 64.8513
21.6822 64.8699
21.6826 64.8862
21.6832 64.9004
21.6838 64.9128
21.7407 71.9237
21.7411 71.1833
21.7416 70.4104
21.7418 69.7341
21.742 69.2673
21.7425 68.7339
21.7428 68.2672
21.7432 67.9838
21.7435 67.6108
21.7437 67.2844
21.744 66.9989
21.7443 66.749
21.7447 66.5304
21.7449 66.3391
21.7453 66.1717
21.7458 66.0252
21.7461 66.0221
21.7464 65.8943
21.7466 65.7825
21.7471 65.8097
21.7474 65.7085
21.748 65.7449
21.7486 65.6518
21.8061 72.8203
21.8064 71.9678
21.8069 71.0968
21.8072 70.4597
21.8074 69.9023
21.8079 69.2895
21.8081 68.8783
21.8086 68.5185
21.8088 68.0787
21.8091 67.8189
21.8093 67.5915
21.8097 67.3926
21.81 67.2185
21.8103 67.0662
21.8107 66.9329
21.8111 66.8163
21.8115 66.7143
21.8117 66.5
21.812 66.3125
21.8125 66.2734
21.8128 66.1142
21.8134 66.1
21.814 66.0875
21.8718 73.2015
21.8722 72.3013
21.8725 71.5137
21.8729 70.8245
21.8731 70.2214
21.8735 69.6937
21.8739 69.232
21.8742 68.828
21.8746 68.4745
21.8748 68.1652
21.8751 67.8945
21.8753 67.6577
21.8758 67.4505
21.876 67.2692
21.8763 67.1105
21.8767 66.9717
21.8772 66.8503
21.8775 66.744
21.8777 66.651
21.8781 66.6946
21.8784 66.6078
21.8789 66.5318
21.8795 66.4653
21.8801 66.4072
21.9385 66.4813
21.9387 66.4211
21.9392 66.4935
21.9395 66.5568
21.9397 66.4872
21.9402 66.5513
21.9404 66.6074
21.9409 66.5315
21.9411 66.59
21.9414 66.6413
21.9416 66.5611
21.942 66.491
21.9423 66.5546
21.9426 66.4853
21.9429 66.4246
21.9434 66.4965
21.9438 66.4345
21.944 66.5052
21.9443 66.567
21.9447 66.4961
21.9451 66.5591
21.9456 66.6142
21.9462 66.6625
21.9468 66.5796
22.0054 66.6322
22.0058 66.6782
22.0062 66.7184
22.0064 66.7536
22.0068 66.7844
22.0071 66.8113
22.0075 66.8349
22.0078 66.8556
22.0081 66.8736
22.0083 66.8894
22.0086 66.9032
22.009 67.0403
22.0093 67.0353
22.0095 67.0309
22.01 67.027
22.0105 67.0236
22.0107 67.0207
22.011 66.8931
22.0113 66.9065
22.0117 66.9182
22.0122 66.9284
22.0126 66.9373
22.0132 66.9452
22.0138 66.952
22.0726 66.958
22.0731 67.0883
22.0733 67.2022
22.0736 67.177
22.0739 67.1548
22.0743 67.2605
22.0746 67.2279
22.0751 67.3244
22.0754 67.4089
22.0756 67.3578
22.0758 67.313
22.0763 67.3989
22.0766 67.349
22.0768 67.3054
22.0773 67.3922
22.0778 67.4682
22.078 67.5347
22.0782 67.5928
22.0786 67.6437
22.079 67.5633
22.0794 67.6179
22.0799 67.5406
22.0805 67.5981
22.0811 67.6483
22.1402 75.0673
22.1406 74.1838
22.141 73.2859
22.1412 72.6251
22.1415 72.047
22.1419 71.5411
22.1422 71.0985
22.1427 70.7112
22.1429 70.2473
22.1431 69.9664
22.1434 69.7206
22.1439 69.5055
22.1441 69.3173
22.1443 69.1526
22.1448 69.0086
22.1453 68.8825
22.1455 68.7722
22.1458 68.5507
22.1461 68.4818
22.1465 68.4216
22.147 68.3689
22.1475 68.3228
22.1481 68.4074
22.1487 68.3565
22.2084 75.6869
22.2087 74.7261
22.2092 74.0103
22.2095 73.384
22.2097 72.711
22.2101 72.2471
22.2104 71.8413
22.2108 71.3611
22.2111 71.066
22.2114 70.8077
22.2116 70.4567
22.212 70.1497
22.2123 70.0059
22.2126 69.7552
22.2129 69.5358
22.2134 69.4688
22.2138 69.2852
22.214 69.2496
22.2143 69.2184
22.2147 69.0661
22.2151 69.0578
22.2156 69.0506
22.2162 69.0443
22.2168 68.9137
22.2769 76.2995
22.2774 75.3871
22.2776 74.5887
22.2781 73.8901
22.2783 73.2788
22.2786 72.744
22.2789 72.151
22.2793 71.7571
22.2796 71.4125
22.28 70.9859
22.2802 70.7377
22.2805 70.5205
22.2808 70.3304
22.2812 70.1641
22.2814 70.0186
22.2818 69.8913
22.2823 69.7799
22.2826 69.6824
22.2829 69.4721
22.2831 69.4131
22.2836 69.3614
22.284 69.1913
22.2844 69.1673
22.285 69.1464
22.2856 69.1281
22.3458 69.1121
22.3464 69.0981
22.3467 69.0858
22.3472 69.0751
22.3474 69.0657
22.3476 69.0575
22.348 69.1753
22.3484 69.1534
22.3487 69.1342
22.3491 69.2424
22.3493 69.2121
22.3496 69.1856
22.3499 69.1624
22.3503 69.1421
22.3505 69.1244
22.3509 69.1088
22.3514 69.0952
22.3517 69.0833
22.352 69.0729
22.3522 69.0638
22.3527 69.0558
22.3531 69.1738
22.3535 69.1521
22.3541 69.1331
22.3547 69.1165
22.4154 69.2269
22.416 69.3235
22.4163 69.4081
22.4167 69.3571
22.417 69.3124
22.4172 69.3984
22.4176 69.3486
22.4179 69.305
22.4183 69.3919
22.4187 69.3429
22.4189 69.3
22.4191 69.3875
22.4195 69.4641
22.4199 69.4061
22.4201 69.4803
22.4205 69.5453
22.4209 69.4771
22.4213 69.5425
22.4215 69.5997
22.4218 69.5247
22.4223 69.5841
22.4226 69.5111
22.4231 69.5722
22.4237 69.5007
22.4243 69.5631
22.4853 69.6177
22.4858 69.5405
22.4862 69.5979
22.4866 69.6482
22.4868 69.6922
22.487 69.7306
22.4875 69.7643
22.4878 69.7938
22.4882 69.8196
22.4885 69.8421
22.4887 69.8618
22.489 69.7541
22.4894 69.7848
22.4897 69.8117
22.4899 69.7103
22.4904 69.7465
22.4909 69.7782
22.4911 69.8059
22.4914 69.8302
22.4917 69.8514
22.4921 69.87
22.4926 69.8862
22.493 69.9004
22.4936 69.9129
22.4942 69.9238
22.5554 69.9333
22.5558 69.9416
22.5562 69.9489
22.5565 69.9553
22.5567 69.9609
22.5571 69.9658
22.5574 69.9701
22.5578 69.9738
22.5582 69.9771
22.5584 69.9799
22.5586 69.9825
22.559 70.1096
22.5594 70.0959
22.5596 70.0839
22.56 70.0735
22.5606 70.0643
22.5609 70.0562
22.5612 70.0492
22.5614 70.0431
22.5619 70.0377
22.5623 70.033
22.5627 70.0288
22.5632 70.0252
22.5638 70.0221
22.5644 70.0193
22.6259 70.0169
22.6263 70.1398
22.6268 70.1223
22.627 70.232
22.6273 70.328
22.6275 70.412
22.628 70.3605
22.6282 70.4405
22.6287 70.5104
22.6289 70.4466
22.6292 70.5158
22.6294 70.5763
22.6299 70.5043
22.6301 70.5662
22.6304 70.6204
22.631 70.6679
22.6313 70.7094
22.6316 70.7457
22.6318 70.6525
22.6323 70.6959
22.6327 70.734
22.6331 70.7672
22.6336 70.7963
22.6342 70.8218
22.6348 70.844
22.6966 78.4885
22.6971 77.6775
22.6974 76.8428
22.6978 76.1124
22.698 75.4734
22.6983 74.9142
22.6986 74.4249
22.699 73.9968
22.6994 73.6222
22.6997 73.2944
22.7 73.0076
22.7002 72.7567
22.7006 72.5371
22.701 72.47
22.7013 72.2862
22.7018 72.1254
22.7022 72.1098
22.7025 71.971
22.7027 71.8497
22.7031 71.8684
22.7034 71.7599
22.7039 71.6649
22.7044 71.5818
22.705 71.6341
22.7056 71.5548
22.7676 79.2355
22.7681 78.331
22.7684 77.4146
22.7688 76.6128
22.769 76.0362
22.7693 75.4067
22.7696 74.8559
22.77 74.4989
22.7704 74.1865
22.7707 73.7882
22.771 73.4397
22.7712 73.2597
22.7716 72.9772
22.7721 72.8551
22.7724 72.6232
22.7728 72.4203
22.7733 72.3678
22.7736 72.1968
22.7739 72.0472
22.7741 72.0413
22.7746 71.9111
22.7749 71.7972
22.7754 71.8226
22.776 71.8448
22.7766 71.7392
22.839 79.3968
22.8395 78.4722
22.8398 77.5382
22.8402 76.8459
22.8404 76.2401
22.8407 75.5851
22.841 75.137
22.8414 74.7449
22.8417 74.2768
22.8421 73.9922
22.8423 73.7431
22.8426 73.5252
22.8429 73.2096
22.8434 73.0584
22.8438 72.8011
22.8441 72.701
22.8446 72.6133
22.845 72.4117
22.8452 72.3602
22.8455 72.3152
22.8459 72.1508
22.8463 72.1319
22.8468 72.1154
22.8474 72.101
22.848 71.9634
22.9106 79.718
22.9111 78.8782
22.9114 78.0184
22.9119 77.2661
22.9122 76.6079
22.9124 76.0319
22.9126 75.5279
22.9131 75.0869
22.9134 74.701
22.9138 74.3634
22.9141 74.068
22.9143 73.8095
22.9146 73.5833
22.915 73.5104
22.9155 73.3216
22.9158 73.1564
22.9162 73.0118
22.9167 72.8854
22.917 72.7747
22.9172 72.6779
22.9176 72.5931
22.9179 72.519
22.9184 72.4541
22.919 72.5223
22.9196 72.457
22.9826 80.2749
22.9831 79.3656
22.9835 78.4449
22.9839 77.6393
22.9843 77.0593
22.9845 76.4269
22.9847 75.8736
22.9851 75.5144
22.9855 75.0751
22.9858 74.6907
22.9862 74.4793
22.9864 74.1694
22.9867 73.8983
22.987 73.786
22.9875 73.5627
22.9879 73.3674
22.9882 73.3215
22.9887 73.1563
22.9891 73.1367
22.9893 73.1196
22.9895 72.9797
22.99 72.9822
22.9904 72.9845
22.991 72.8614
22.9916 72.7537
23.0547 80.5345
23.0551 79.5927
23.0556 78.6436
23.056 77.8132
23.0563 77.2115
23.0566 76.5601
23.0568 75.9901
23.0572 75.6163
23.0576 75.1643
23.0579 74.7687
23.0583 74.5476
23.0585 74.2292
23.0588 73.9505
23.0591 73.8317
23.0596 73.6028
23.06 73.4024
23.0603 73.3521
23.0608 73.1831
23.0612 73.1602
23.0614 73.0152
23.0616 72.8883
23.0621 72.9022
23.0625 72.7895
23.0631 72.8158
23.0637 72.8388
23.1271 80.734
23.1277 79.7672
23.1282 78.9213
23.1286 78.1811
23.129 77.6585
23.1293 77.0762
23.1295 76.5667
23.1298 76.1208
23.1302 75.7307
23.1305 75.3894
23.131 75.0907
23.1312 74.8294
23.1314 74.6007
23.1317 74.4006
23.1322 74.2255
23.1327 74.0723
23.1329 73.9383
23.1334 73.821
23.1339 73.7184
23.1341 73.6286
23.1343 73.55
23.1347 73.4813
23.1351 73.4211
23.1357 73.3685
23.1363 73.3224
23.1998 81.1571
23.2004 80.1375
23.2009 79.2453
23.2014 78.4646
23.2017 77.7815
23.2021 77.1838
23.2023 76.6609
23.2026 76.2033
23.2029 75.8029
23.2033 75.4525
23.2037 75.1459
23.204 75.0027
23.2043 74.7524
23.2045 74.5333
23.2049 74.3416
23.2053 74.1739
23.2057 74.0272
23.2061 74.0238
23.2065 73.8958
23.2069 73.7838
23.2071 73.6859
23.2074 73.6001
23.2079 73.5251
23.2084 73.4595
23.209 73.402
23.2729 81.2268
23.2735 80.3234
23.274 79.408
23.2744 78.732
23.2748 78.0155
23.2752 77.5136
23.2754 76.9494
23.2756 76.4557
23.276 76.1487
23.2764 75.8801
23.2767 75.5201
23.2771 75.3301
23.2773 75.0388
23.2776 74.784
23.2779 74.561
23.2784 74.4909
23.2788 74.3045
23.2791 74.2664
23.2796 74.1081
23.28 73.9696
23.2802 73.9734
23.2804 73.8517
23.2809 73.7453
23.2814 73.7771
23.282 73.805
23.3459 81.7044
23.3465 80.7413
23.347 79.8986
23.3475 79.1613
23.3479 78.3911
23.3483 77.8423
23.3486 77.237
23.3488 76.7073
23.3491 76.3689
23.3495 75.9478
23.3498 75.5793
23.3503 75.3819
23.3505 75.0842
23.3507 74.8237
23.351 74.5957
23.3515 74.5212
23.3519 74.3311
23.3522 74.2897
23.3527 74.1285
23.3531 74.1124
23.3534 74.0984
23.3536 73.9611
23.354 73.8409
23.3545 73.8608
23.3551 73.8782
23.419 81.6434
23.4196 80.688
23.4201 79.852
23.4206 78.9955
23.4209 78.2461
23.4214 77.7153
23.4216 77.1259
23.4219 76.6102
23.4221 76.2839
23.4226 75.8734
23.4228 75.5142
23.4233 75.3249
23.4236 75.0343
23.4238 74.78
23.424 74.6825
23.4245 74.5972
23.425 74.3976
23.4252 74.3479
23.4257 74.1794
23.4262 74.157
23.4264 74.0123
23.4267 73.8858
23.427 73.9001
23.4275 73.9126
23.4281 73.9235
23.4721 79.3081
23.4727 76.1445
23.4732 73.3765
23.4737 70.8294
23.474 68.7257
23.4745 66.885
23.4747 65.1494
23.475 63.6307
23.4752 62.4269
23.4757 61.2485
23.4759 60.2175
23.4764 59.4403
23.4767 58.6352
23.4769 57.9308
23.4771 57.4395
23.4776 56.8845
23.4781 56.524
23.4784 56.2085
23.4788 55.8074
23.4793 55.5815
23.4796 55.2588
23.4798 54.9765
23.4802 54.8544
23.4806 54.6226
23.4812 54.5448
23.5252 59.8517
23.5259 58.9952
23.5264 58.3708
23.5269 57.6995
23.5273 57.237
23.5277 56.7074
23.5281 56.369
23.5283 56.0729
23.5286 55.8137
23.5289 55.462
23.5293 55.2793
23.5297 55.1194
23.53 54.9794
23.5303 54.857
23.5305 54.7499
23.5309 54.5311
23.5313 54.4648
23.5317 54.2817
23.5321 54.2465
23.5325 54.2156
23.5329 54.0637
23.5331 54.0557
23.5334 54.0488
23.5339 53.9177
23.5345 53.928
23.5786 59.312
23.5793 58.648
23.5798 58.067
23.5802 57.5586
23.5806 57.1138
23.5811 56.7246
23.5814 56.384
23.5817 55.961
23.5819 55.5909
23.5823 55.392
23.5826 55.218
23.583 55.0657
23.5834 54.9325
23.5836 54.691
23.5839 54.4796
23.5842 54.4196
23.5847 54.3672
23.5851 54.3213
23.5854 54.2811
23.5859 54.121
23.5863 54.1059
23.5865 54.0926
23.5867 53.956
23.5872 53.9615
23.5878 53.9664
23.632 59.4706
23.6329 58.7867
23.6334 58.1884
23.6338 57.6648
23.6342 57.2067
23.6347 56.8059
23.6352 56.4552
23.6354 56.1483
23.6356 55.8797
23.6359 55.6448
23.6364 55.4392
23.6366 55.2593
23.6371 55.1019
23.6373 54.9641
23.6376 54.8436
23.6378 54.7382
23.6383 54.6459
23.6388 54.5652
23.639 54.4945
23.6395 54.4327
23.64 54.3786
23.6402 54.3313
23.6404 54.2899
23.6408 54.2536
23.6414 54.2219
23.6857 59.6942
23.6866 58.9824
23.6871 58.4846
23.6875 57.924
23.688 57.5585
23.6884 57.1137
23.6889 56.7245
23.6892 56.3839
23.6895 56.0859
23.6897 55.8252
23.6901 55.7221
23.6904 55.5068
23.6908 55.3184
23.6912 55.1536
23.6914 55.0094
23.6916 54.8833
23.692 54.7728
23.6925 54.6762
23.6928 54.5917
23.6932 54.5177
23.6937 54.453
23.694 54.5214
23.6943 54.4562
23.6945 54.3992
23.6951 54.4743
23.7396 59.915
23.7405 59.3006
23.741 58.7631
23.7415 58.1677
23.742 57.6467
23.7423 57.1909
23.7428 56.792
23.7432 56.568
23.7434 56.247
23.7437 55.9661
23.744 55.8454
23.7444 55.6147
23.7447 55.4129
23.7451 55.3612
23.7453 55.1911
23.7456 55.0422
23.7459 54.9119
23.7464 54.9229
23.7468 54.8076
23.7471 54.8316
23.7476 54.7277
23.748 54.6367
23.7482 54.5571
23.7485 54.4875
23.7491 54.5515
23.7935 59.9826
23.7946 59.3598
23.7951 58.8148
23.7956 58.213
23.7961 57.8113
23.7964 57.4599
23.7969 57.0274
23.7973 56.774
23.7975 56.4272
23.7977 56.1238
23.7981 55.9834
23.7985 55.7354
23.7988 55.5185
23.7992 55.4537
23.7994 55.272
23.7997 55.113
23.8 55.0989
23.8005 55.0865
23.8009 54.9507
23.8012 54.9569
23.8017 54.8372
23.8021 54.8576
23.8023 54.8754
23.8025 54.766
23.8031 54.7952
23.8477 60.1958
23.8488 59.5463
23.8493 58.978
23.8498 58.3558
23.8502 57.9363
23.8506 57.4443
23.8511 57.1387
23.8516 56.8714
23.8518 56.5125
23.852 56.3234
23.8523 56.158
23.8528 55.8882
23.853 55.7772
23.8535 55.6801
23.8537 55.47
23.854 55.2863
23.8542 55.2505
23.8548 55.0942
23.8553 55.0824
23.8555 55.0721
23.856 55.0631
23.8565 55.0552
23.8567 54.9233
23.857 54.8079
23.8575 54.8319
23.902 60.3529
23.9032 59.8088
23.9037 59.2077
23.9042 58.6817
23.9047 58.2215
23.905 57.8188
23.9055 57.4665
23.906 57.1582
23.9062 56.8884
23.9065 56.6523
23.9067 56.3208
23.9072 56.1557
23.9074 56.0112
23.9079 55.7598
23.9082 55.6649
23.9084 55.5817
23.9086 55.509
23.9092 55.4454
23.9097 55.3897
23.9101 55.341
23.9104 55.2984
23.9109 55.1361
23.9113 55.1191
23.9115 55.1042
23.9119 55.0912
23.9566 60.5798
23.9578 59.8823
23.9583 59.272
23.9588 58.738
23.9592 58.2708
23.9596 57.8619
23.9601 57.5042
23.9606 57.1912
23.9608 56.7923
23.961 56.5682
23.9613 56.3722
23.9618 56.2007
23.962 55.9256
23.9625 55.8099
23.9627 55.7087
23.963 55.4951
23.9632 55.4332
23.9638 55.379
23.9643 55.3317
23.9646 55.2902
23.965 55.1289
23.9655 55.1128
23.9658 55.0987
23.9661 55.0864
23.9664 55.0756
24.0113 60.6911
24.0125 60.1047
24.0129 59.4666
24.0134 58.9083
24.0139 58.4198
24.0144 57.9923
24.0147 57.6183
24.0152 57.291
24.0156 57.0046
24.0158 56.754
24.0161 56.5348
24.0164 56.3429
24.0168 56.1751
24.0171 56.1532
24.0175 56.009
24.0177 55.8829
24.018 55.7725
24.0185 55.676
24.019 55.5915
24.0194 55.5175
24.0197 55.4528
24.0202 55.5212
24.0206 55.4561
24.0209 55.3991
24.0211 55.3492
24.0661 60.9305
24.0674 60.3142
24.0679 59.6499
24.0683 59.1937
24.0688 58.6695
24.0693 58.3358
24.0697 57.9188
24.0701 57.679
24.0705 57.3441
24.0707 57.0511
24.071 56.7947
24.0713 56.5704
24.0717 56.3741
24.0721 56.3273
24.0724 56.1614
24.0727 56.0162
24.0729 55.8892
24.0734 55.903
24.0739 55.7902
24.0743 55.8164
24.0746 55.7143
24.0751 55.75
24.0755 55.6563
24.0758 55.5743
24.076 55.6275
24.121 61.049
24.1224 60.4179
24.1229 59.7407
24.1234 59.2731
24.1239 58.7389
24.1243 58.3966
24.1247 57.972
24.1252 57.7255
24.1255 57.3848
24.1258 57.0867
24.126 56.9509
24.1264 56.832
24.1267 56.603
24.1271 56.5276
24.1275 56.3367
24.1277 56.1696
24.1279 56.0234
24.1284 56.0205
24.1289 55.8929
24.1294 55.9063
24.1296 55.793
24.1301 55.8189
24.1306 55.7165
24.1308 55.627
24.1311 55.6736
24.1761 61.2144
24.1776 60.6876
24.178 60.1016
24.1785 59.5889
24.179 59.1403
24.1795 58.7478
24.1798 58.2793
24.1803 57.9944
24.1808 57.6201
24.181 57.4176
24.1813 57.2404
24.1815 56.9603
24.182 56.8403
24.1822 56.7353
24.1827 56.5183
24.183 56.3286
24.1832 56.2875
24.1836 56.2515
24.1841 56.2201
24.1845 56.1926
24.1849 56.0435
24.1853 56.0381
24.1857 55.9083
24.1861 55.9198
24.1863 55.9298
24.2314 61.4386
24.2328 60.7588
24.2333 60.1639
24.2338 59.5184
24.2343 59.0786
24.2348 58.5688
24.2351 58.2477
24.2356 57.9667
24.2361 57.7209
24.2363 57.5058
24.2366 57.1926
24.2368 56.9185
24.2373 56.8037
24.2375 56.5782
24.238 56.5059
24.2382 56.4427
24.2385 56.3874
24.2388 56.2139
24.2393 56.1872
24.2398 56.0388
24.2402 56.0339
24.2405 56.0297
24.241 56.026
24.2414 56.0227
24.2416 55.8949
24.2868 61.408
24.2882 60.857
24.2887 60.2499
24.2892 59.7187
24.2897 59.2538
24.2902 58.8471
24.2906 58.4912
24.291 58.0548
24.2915 57.798
24.2918 57.4482
24.2921 57.2672
24.2923 57.1088
24.2927 56.9702
24.293 56.8489
24.2934 56.7428
24.2938 56.5249
24.294 56.3343
24.2942 56.2925
24.2947 56.256
24.2952 56.224
24.2957 56.196
24.2959 56.0465
24.2964 56.0407
24.2969 55.9106
24.2971 55.9218
24.3423 61.5565
24.3437 60.987
24.3442 60.3636
24.3447 59.8182
24.3452 59.3409
24.3457 58.9233
24.3461 58.5579
24.3465 58.2381
24.347 57.9584
24.3475 57.7136
24.3477 57.4994
24.3479 57.1869
24.3483 57.0386
24.3487 56.9088
24.349 56.7952
24.3494 56.6958
24.3496 56.6088
24.3499 56.5327
24.3504 56.4661
24.3508 56.4078
24.3513 56.3569
24.3516 56.3123
24.352 56.3982
24.3525 56.3484
24.3528 56.3049
24.3979 61.7668
24.3995 61.1709
24.4 60.5246
24.4005 59.959
24.4009 59.4641
24.4014 59.0311
24.4019 58.6522
24.4023 58.3207
24.4027 58.0306
24.4032 57.9018
24.4035 57.6641
24.4037 57.456
24.4041 57.399
24.4044 57.2242
24.4048 57.0711
24.4051 56.9372
24.4054 56.8201
24.4056 56.7176
24.4061 56.7529
24.4066 56.6588
24.4071 56.7014
24.4073 56.6137
24.4078 56.537
24.4083 56.4699
24.4085 56.4112
24.4341 59.6098
24.4358 56.9085
24.4363 54.42
24.4367 52.2425
24.4372 50.3372
24.4377 48.67
24.4382 47.2113
24.4387 45.9349
24.439 44.818
24.4395 43.8408
24.4399 42.8607
24.4401 42.1281
24.4404 41.4871
24.4408 40.8012
24.4411 40.326
24.4416 39.9103
24.4418 39.4215
24.442 39.1188
24.4424 38.854
24.4429 38.4972
24.4434 38.3101
24.4437 38.0213
24.4441 37.8936
24.4446 37.7819
24.4449 37.5592
24.4698 40.4893
24.4715 40.0531
24.472 39.5465
24.4724 39.1032
24.4729 38.7153
24.4734 38.3759
24.4739 38.0789
24.4744 37.819
24.4747 37.5916
24.4752 37.3927
24.4756 37.2186
24.4758 37.0663
24.476 36.933
24.4765 36.8164
24.4768 36.7143
24.4772 36.625
24.4775 36.5469
24.4777 36.4785
24.4781 36.4187
24.4786 36.3664
24.479 36.4456
24.4794 36.3899
24.4798 36.3411
24.4802 36.2985
24.4806 36.2612
24.5055 39.3535
24.5072 39.1843
24.5076 38.7863
24.5081 38.563
24.5086 38.2426
24.5091 38.0873
24.5096 37.8264
24.51 37.7231
24.5104 37.5077
24.5109 37.3192
24.5112 37.1543
24.5115 37.01
24.5117 36.8838
24.5122 36.7733
24.5124 36.6766
24.5129 36.5921
24.5132 36.5181
24.5134 36.4533
24.5138 36.3966
24.5143 36.3471
24.5147 36.3037
24.5151 36.2657
24.5155 36.2325
24.5159 36.2034
24.5163 36.178
24.5412 39.2808
24.543 38.9957
24.5434 38.6212
24.5439 38.2936
24.5444 38.0069
24.5449 37.756
24.5454 37.5365
24.5459 37.3444
24.5462 37.1764
24.5467 37.0293
24.5472 37.0257
24.5474 36.8975
24.5477 36.7853
24.548 36.8121
24.5484 36.7106
24.5487 36.6218
24.5491 36.6691
24.5493 36.5854
24.5496 36.5122
24.5501 36.5732
24.5505 36.5016
24.551 36.5639
24.5513 36.4934
24.5517 36.4317
24.5522 36.5027
24.577 39.4399
24.5788 39.1349
24.5793 38.868
24.5797 38.5095
24.5802 38.3208
24.5807 38.0307
24.5812 37.9019
24.5817 37.6642
24.582 37.5811
24.5825 37.3835
24.583 37.2106
24.5832 37.0592
24.5835 36.9268
24.5838 36.811
24.5842 36.7096
24.5845 36.6209
24.5849 36.5433
24.5851 36.4754
24.5854 36.416
24.5859 36.364
24.5863 36.3185
24.5868 36.2787
24.5871 36.2438
24.5875 36.2133
24.588 36.3117
24.6128 39.2727
24.6147 39.1136
24.6152 38.8494
24.6157 38.4932
24.6161 38.3066
24.6166 38.0183
24.6171 37.891
24.6176 37.6546
24.6179 37.4478
24.6184 37.2668
24.6189 37.1085
24.6191 37.0949
24.6194 36.958
24.6198 36.8383
24.6201 36.8585
24.6205 36.7512
24.6208 36.6573
24.6211 36.7001
24.6213 36.6126
24.6218 36.536
24.6223 36.594
24.6228 36.5198
24.623 36.4548
24.6235 36.398
24.624 36.3482
24.6487 39.3047
24.6506 39.1416
24.6511 38.8739
24.6516 38.5147
24.6521 38.3253
24.6526 38.0347
24.653 37.9053
24.6535 37.6672
24.654 37.4588
24.6544 37.4014
24.655 37.2262
24.6553 37.198
24.6556 37.0482
24.6558 36.9172
24.6563 36.9275
24.6565 36.8116
24.657 36.8351
24.6572 36.8558
24.6575 36.7488
24.6578 36.6552
24.6583 36.6983
24.6588 36.611
24.6592 36.6596
24.6595 36.7022
24.66 36.7394
24.6848 39.772
24.6867 39.5505
24.6872 39.2317
24.6876 38.8277
24.6881 38.5992
24.6886 38.2743
24.6891 38.115
24.6896 37.8507
24.69 37.7443
24.6904 37.6513
24.691 37.5699
24.6914 37.4986
24.6916 37.3113
24.6918 37.1474
24.6923 37.129
24.6927 36.9879
24.6933 36.9894
24.6935 36.8657
24.6938 36.7575
24.6941 36.7878
24.6946 36.8143
24.6951 36.8375
24.6955 36.8578
24.6958 36.7506
24.6963 36.7818
24.721 39.8091
24.7231 39.7079
24.7236 39.3694
24.724 39.0733
24.7245 38.8141
24.725 38.5873
24.7255 38.3889
24.726 38.0903
24.7265 37.954
24.7268 37.7098
24.7274 37.621
24.7278 37.4184
24.728 37.3661
24.7283 37.3203
24.7287 37.2803
24.729 37.1203
24.7299 37.1052
24.7302 37.0921
24.7304 37.0806
24.7308 37.0705
24.7313 37.0617
24.7317 37.054
24.7321 37.0472
24.7325 37.0413
24.7329 37.0362
24.7577 40.0316
24.7597 39.7777
24.7602 39.4305
24.7607 39.1267
24.7612 38.8608
24.7617 38.6282
24.7621 38.4247
24.7626 38.2466
24.7631 38.2158
24.7636 38.0638
24.7641 38.0558
24.7645 37.9239
24.7648 37.8084
24.765 37.7073
24.7654 37.6189
24.7657 37.5415
24.7667 37.5989
24.7672 37.649
24.7677 37.5679
24.7679 37.4969
24.7684 37.5598
24.7689 37.4898
24.7693 37.5536
24.7696 37.4844
24.7701 37.5488
24.7948 40.6052
24.797 40.4046
24.7975 40.104
24.7979 39.716
24.7984 39.5015
24.7989 39.1888
24.7994 39.0402
24.7999 38.7852
24.8004 38.687
24.8008 38.4762
24.8013 38.4166
24.8018 38.2396
24.8022 38.2096
24.8024 38.1834
24.8026 38.0355
24.8031 38.031
24.8041 38.1522
24.8048 38.1331
24.8055 38.1165
24.806 38.1019
24.8066 38.2142
24.8071 38.3124
24.8076 38.3984
24.8079 38.3486
24.8083 38.43
24.833 41.5012
24.8352 41.4386
24.8357 41.1338
24.8362 40.867
24.8366 40.6337
24.8371 40.4295
24.8376 40.2508
24.8381 40.0944
24.8386 39.9576
24.839 39.8379
24.8395 39.7332
24.84 39.6415
24.8404 39.5613
24.8406 39.3662
24.8408 39.1954
24.8413 39.171
24.8423 39.1496
24.8432 39.1309
24.8442 39.2395
24.8449 39.2096
24.8459 39.3084
24.847 39.3948
24.8478 39.4705
24.8482 39.6617
24.8485 39.829
24.8733 42.9753
24.8755 42.8534
24.8759 42.4967
24.8764 42.3097
24.8769 42.0209
24.8774 41.8933
24.8779 41.6567
24.8783 41.5746
24.8788 41.3778
24.8793 41.3305
24.8798 41.1642
24.8803 41.1437
24.8806 41.0007
24.8809 40.8756
24.8811 40.8912
24.8816 40.9048
24.8824 40.9167
24.8836 40.9271
24.8848 40.9362
24.8858 40.9442
24.8872 41.2012
24.8888 41.426
24.8901 41.7478
24.891 41.9043
24.8916 42.0413
24.9174 45.4111
24.9197 45.4847
24.9202 45.4241
24.9206 45.3711
24.9211 45.3247
24.9216 45.2841
24.9221 45.2486
24.9226 45.2175
24.923 45.1903
24.9235 45.1665
24.924 45.0207
24.9245 45.0181
24.925 44.8909
24.9252 44.9045
24.9254 44.9164
24.9258 44.8019
24.9266 44.8267
24.9281 44.9733
24.9295 45.1017
24.9307 45.2139
24.9326 45.4372
24.9347 45.6326
24.9365 45.9285
24.9378 46.0624
24.9387 46.3046
24.9687 50.1415
24.971 50.4988
24.9715 50.6865
24.9719 50.7257
24.9724 50.885
24.9729 50.8993
24.9734 51.0369
24.9739 51.0323
24.9743 51.1533
24.9748 51.1341
24.9753 51.2423
24.9758 51.3371
24.9763 51.4199
24.9765 51.4924
24.9767 51.4309
24.9771 51.502
24.9778 51.5643
24.9794 51.7437
24.9811 51.9008
24.9825 52.0382
24.9849 52.2834
24.9874 52.623
24.9897 52.9201
24.9915 53.1801
24.9926 53.4076
25.0273 57.8566
25.0296 58.2495
25.0301 58.4684
25.0306 58.5348
25.0311 58.718
25.0315 58.7532
25.032 58.9091
25.0325 58.9204
25.033 58.9304
25.0335 58.9391
25.0339 58.9467
25.0344 58.9534
25.0349 58.9592
25.0351 58.9643
25.0354 58.9688
25.0357 58.9727
25.0365 58.9761
25.0381 59.2291
25.0401 59.4504
25.0418 59.5191
25.0446 59.8292
25.0476 60.2256
25.0504 60.5724
25.0527 60.8758
25.054 61.1414
25.0971 66.6237
25.0995 67.2957
25.1 67.7588
25.1005 68.0389
25.101 68.284
25.1015 68.4985
25.102 68.6862
25.1024 68.8504
25.1029 68.9941
25.1034 69.2449
25.1039 69.3393
25.1044 69.5469
25.1048 69.6035
25.1052 69.7781
25.1054 69.8058
25.1057 69.8301
25.1064 69.9763
25.1082 70.2293
25.1104 70.4506
25.1123 70.6443
25.1157 71.0638
25.1191 71.5558
25.1224 71.9863
25.1251 72.363
25.1267 72.5676
25.1703 77.9967
25.1726 77.6221
25.1731 77.1693
25.1736 76.6482
25.174 76.3171
25.1745 76.0275
25.175 75.7741
25.1755 75.5523
25.176 75.2333
25.1765 75.0791
25.1769 74.8192
25.1774 74.7168
25.1779 74.5022
25.1783 74.4394
25.1785 74.2595
25.1787 74.1021
25.1795 74.0893
25.1811 74.2031
25.1835 74.3028
25.1855 74.3899
25.1888 74.5912
25.1923 74.8923
25.1956 75.0307
25.1983 75.1519
25.1999 75.0079
25.2358 79.2569
25.2373 77.7248
25.2375 76.1342
25.2377 74.6174
25.238 73.2902
25.2382 72.129
25.2385 71.1128
25.2387 70.0987
25.2389 69.2114
25.2392 68.56
25.2394 67.865
25.2397 67.2569
25.2399 66.5997
25.2401 66.1498
25.2404 65.6311
25.2406 65.1772
25.2409 64.78
25.2425 64.5575
25.2449 64.3628
25.2469 64.1925
25.25 64.1684
25.2532 64.2724
25.2562 64.2383
25.2588 64.0835
25.2603 63.8231
25.3053 69.0952
25.3067 69.3333
25.3069 69.2916
25.3072 69.3802
25.3074 69.4577
25.3077 69.5255
25.3079 69.4598
25.3081 69.5273
25.3084 69.5864
25.3086 69.6381
25.3089 69.5583
25.3091 69.6135
25.3093 69.6618
25.3096 69.7041
25.3098 69.6161
25.3101 69.6641
25.3103 69.7061
25.312 69.8678
25.3144 70.1343
25.3163 70.3675
25.3194 70.6966
25.3227 70.9845
25.3257 71.1115
25.3282 71.2225
25.3298 71.1947
25.3751 76.6704
25.3756 75.8366
25.3769 75.107
25.3771 74.5936
25.3774 74.0194
25.3776 73.517
25.3778 73.0774
25.3781 72.8177
25.3783 72.4655
25.3786 72.1573
25.3788 71.8876
25.379 71.7767
25.3793 71.5546
25.3795 71.3603
25.3798 71.1902
25.38 71.1665
25.3802 71.0206
25.3805 70.8931
25.3823 70.9064
25.3847 70.7931
25.3866 70.694
25.3897 70.6072
25.3931 70.6563
25.396 70.5743
25.3986 70.5025
25.4002 70.5647
25.4459 70.4941
25.4463 70.5573
25.4475 70.6127
25.4478 70.5361
25.448 70.5941
25.4483 70.6448
25.4485 70.6892
25.4487 70.6031
25.449 70.5277
25.4492 70.5867
25.4495 70.6384
25.4497 70.5586
25.4499 70.4888
25.4502 70.5527
25.4504 70.6086
25.4507 70.5325
25.4509 70.4659
25.4513 70.5327
25.4531 70.5911
25.4555 70.6422
25.4574 70.6869
25.4605 70.7261
25.464 70.6353
25.4669 70.6809
25.4695 70.7208
25.4711 70.7557
25.5173 70.9112
25.5178 70.9223
25.519 71.057
25.5193 71.1749
25.5195 71.153
25.5197 71.1339
25.52 71.1172
25.5202 71.2275
25.5205 71.3241
25.5207 71.2836
25.521 71.2481
25.5212 71.3421
25.5214 71.4243
25.5217 71.3713
25.5219 71.3249
25.5222 71.4093
25.5224 71.4831
25.5228 71.4227
25.5246 71.3699
25.527 71.3237
25.529 71.4082
25.5321 71.4822
25.5356 71.5469
25.5385 71.6035
25.5413 71.6531
25.5428 71.5715
25.5894 71.625
25.5899 71.6719
25.5911 71.7129
25.5914 71.7488
25.5916 71.7802
25.5918 71.8077
25.5921 71.9567
25.5923 71.9621
25.5926 71.9669
25.5928 71.971
25.593 72.0996
25.5933 72.0872
25.5935 72.0763
25.5938 72.0667
25.594 72.1834
25.5942 72.1605
25.5945 72.1404
25.595 72.1229
25.5968 72.1075
25.5992 72.2191
25.6013 72.1917
25.6045 72.1677
25.6079 72.1468
25.6108 72.1284
25.6137 72.1124
25.6153 72.2233
25.6621 72.3204
25.6626 72.4053
25.6638 72.3547
25.6641 72.4353
25.6643 72.5059
25.6645 72.5677
25.6648 72.4967
25.665 72.5596
25.6653 72.6147
25.6655 72.6628
25.6657 72.58
25.666 72.5075
25.6662 72.5691
25.6665 72.6229
25.6667 72.5451
25.6669 72.4769
25.6673 72.5423
25.6678 72.5995
25.6696 72.6496
25.672 72.5684
25.6743 72.6223
25.6774 72.6695
25.6809 72.7108
25.6838 72.747
25.6868 72.7786
25.6883 72.8063
25.7353 72.8305
25.7357 72.8517
25.7369 72.9952
25.7371 73.1208
25.7374 73.1057
25.7376 73.0925
25.7378 73.0809
25.7381 73.1958
25.7383 73.1713
25.7386 73.1499
25.7388 73.1312
25.739 73.2398
25.7393 73.3348
25.7395 73.293
25.7398 73.2563
25.74 73.3493
25.7404 73.4306
25.7408 73.3768
25.7426 73.5797
25.745 73.8822
25.7475 74.147
25.7506 74.3786
25.7539 74.5813
25.7568 74.7586
25.7599 74.9138
25.7614 74.9246
25.8042 80.059
25.8045 78.6766
25.8057 77.592
25.806 76.518
25.8062 75.5783
25.8065 74.756
25.8067 74.0365
25.8069 73.4069
25.8072 72.8561
25.8074 72.3741
25.8077 71.9523
25.8079 71.5833
25.8081 71.2604
25.8084 70.9778
25.8086 70.7306
25.8089 70.5143
25.8091 70.325
25.8093 70.1594
25.8096 70.0144
25.8098 69.6376
25.8101 69.0579
25.8104 68.3007
25.8138 67.6381
25.8167 67.0583
25.8198 66.551
25.8212 65.9822
25.8646 70.6094
25.8652 69.4082
25.8663 68.4822
25.8667 67.5469
25.8669 66.7285
25.8671 66.0125
25.8674 65.3859
25.8676 64.8377
25.8679 64.358
25.8681 63.9382
25.8683 63.5709
25.8686 63.2496
25.8688 62.9684
25.8691 62.7223
25.8693 62.507
25.8695 62.3187
25.8698 62.1538
25.87 62.0096
25.8703 61.8834
25.8705 61.773
25.8707 61.6763
25.8711 61.5918
25.8747 61.8928
25.8776 62.1562
25.8807 62.3867
25.8822 62.4634
25.9255 67.6554
25.9261 66.9485
25.9272 66.3299
25.9277 65.6637
25.9279 65.0807
25.9282 64.6956
25.9284 64.2337
25.9287 63.8295
25.9289 63.4758
25.9291 63.2913
25.9294 63.0049
25.9296 62.7543
25.9299 62.535
25.9301 62.4681
25.9303 62.2846
25.9306 62.124
25.9308 61.9835
25.9311 61.9856
25.9313 61.8624
25.9315 61.7546
25.9318 61.6603
25.9321 61.7027
25.9357 61.9899
25.9387 62.2412
25.9419 62.461
25.9433 62.5284
25.9869 67.7123
25.9874 66.9983
25.9879 66.2485
25.989 65.5924
25.9893 65.1434
25.9896 64.7505
25.9898 64.2817
25.9901 63.9964
25.9903 63.7469
25.9905 63.5285
25.9908 63.2125
25.991 63.0609
25.9913 62.9283
25.9915 62.8123
25.9917 62.5857
25.992 62.3875
25.9922 62.3391
25.9925 62.2967
25.9927 62.1346
25.9929 61.9928
25.9932 61.9937
25.9934 61.9945
25.9938 61.8702
25.9974 61.8864
26.0004 61.9006
26.0036 61.913
26.0051 61.9239
26.0491 62.0584
26.0495 62.0511
26.05 62.1697
26.0511 62.2735
26.0515 62.2393
26.0517 62.2094
26.0519 62.1832
26.0522 62.1603
26.0524 62.1403
26.0527 62.1227
26.0529 62.1074
26.0531 62.094
26.0534 62.0822
26.0536 62.0719
26.0539 62.063
26.0541 62.1801
26.0543 62.1576
26.0546 62.1379
26.0548 62.1206
26.0551 62.2306
26.0553 62.2017
26.0555 62.1765
26.0559 62.1545
26.0595 62.1351
26.0625 62.1183
26.0659 62.1035
26.0673 62.0905
26.1114 62.0792
26.1119 62.0693
26.1124 62.0607
26.1135 62.0531
26.1137 62.0464
26.1139 62.0406
26.1142 62.1606
26.1144 62.1405
26.1147 62.1229
26.1149 62.1076
26.1151 62.2191
26.1154 62.1917
26.1156 62.1678
26.1159 62.1468
26.1161 62.2534
26.1163 62.2218
26.1166 62.194
26.1168 62.1698
26.1171 62.2736
26.1173 62.2394
26.1175 62.2094
26.1178 62.1833
26.1181 62.2854
26.1219 62.2497
26.1249 62.2185
26.1282 62.3162
26.1297 62.2766
26.174 62.3671
26.1744 62.4462
26.1749 62.5154
26.1759 62.576
26.1763 62.629
26.1765 62.6754
26.1768 62.7159
26.177 62.7514
26.1773 62.7825
26.1775 62.8097
26.1777 62.8335
26.178 62.7293
26.1782 62.7631
26.1785 62.7927
26.1787 62.8187
26.1789 62.7163
26.1792 62.7518
26.1794 62.7828
26.1797 62.81
26.1799 62.7087
26.1801 62.7451
26.1804 62.777
26.1807 62.8049
26.1846 63.2042
26.1876 63.5537
26.191 63.8595
26.1924 63.8771
26.2369 69.2674
26.2372 68.484
26.2377 67.7985
26.2388 67.3237
26.2391 66.9082
26.2394 66.4197
26.2396 65.9922
26.2399 65.6182
26.2401 65.2909
26.2403 65.0046
26.2406 64.754
26.2408 64.5347
26.2411 64.4679
26.2413 64.2844
26.2416 64.1239
26.2418 63.9834
26.242 63.9855
26.2423 63.8623
26.2425 63.7545
26.2428 63.6602
26.243 63.5777
26.2432 63.5054
26.2436 63.4423
26.2474 63.887
26.2506 64.1511
26.2539 64.3822
26.2554 64.4594
26.3001 69.902
26.3005 69.1643
26.3009 68.3937
26.302 67.8445
26.3025 67.3639
26.3027 66.8185
26.303 66.3411
26.3032 66.0485
26.3034 65.7924
26.3037 65.4434
26.3039 65.138
26.3042 64.9957
26.3044 64.8713
26.3046 64.6373
26.3049 64.4327
26.3051 64.3786
26.3054 64.3313
26.3056 64.1649
26.3058 64.0192
26.3061 64.0168
26.3063 64.0147
26.3066 64.0129
26.3069 63.8863
26.3108 64.2755
26.3139 64.4911
26.3174 64.8047
26.3177 64.7041
26.3192 64.6161
26.364 64.4141
26.3644 64.3623
26.3648 64.317
26.3659 64.2774
26.3663 64.2427
26.3665 64.2124
26.3668 64.1858
26.367 64.0376
26.3672 64.0329
26.3675 64.0288
26.3677 64.0252
26.368 63.897
26.3682 63.9099
26.3684 63.9212
26.3687 63.931
26.3689 63.8146
26.3692 63.8378
26.3694 63.8581
26.3696 63.8758
26.3699 63.7663
26.3701 63.7956
26.3704 63.8211
26.3708 63.8435
26.3747 63.863
26.3778 63.8802
26.3813 63.8951
26.3817 63.9082
26.3831 63.9197
26.4282 64.0547
26.4285 64.0479
26.429 64.0419
26.4301 64.1617
26.4304 64.1415
26.4307 64.1238
26.4309 64.1083
26.4312 64.2198
26.4314 64.1923
26.4316 64.1683
26.4319 64.1472
26.4321 64.2538
26.4324 64.2221
26.4326 64.1943
26.4328 64.17
26.4331 64.2738
26.4333 64.2396
26.4336 64.2096
26.4338 64.1834
26.434 64.2855
26.4343 64.2498
26.4346 64.2186
26.4352 64.3163
26.4391 64.4017
26.4422 64.4765
26.4457 64.4169
26.4461 64.4898
26.4475 64.4286
26.4928 64.375
26.493 64.4531
26.4935 64.5215
26.4946 64.7063
26.495 64.618
26.4952 64.6658
26.4954 64.7075
26.4957 64.7441
26.4959 64.6511
26.4962 64.6947
26.4964 64.7329
26.4966 64.7663
26.4969 64.6705
26.4971 64.7117
26.4974 64.7477
26.4976 64.7792
26.4979 64.6818
26.4981 64.7216
26.4983 64.7564
26.4986 64.7869
26.4988 64.6885
26.4991 64.7274
26.4997 64.7615
26.5035 65.1663
26.5067 65.3955
26.5102 65.7211
26.5106 65.6309
26.512 65.6771
26.5576 71.2174
26.5579 70.4403
26.5583 69.7602
26.5594 69.2902
26.5599 68.7539
26.5601 68.4097
26.5603 67.9835
26.5606 67.6105
26.5608 67.2842
26.5611 67.1237
26.5613 66.8582
26.5615 66.626
26.5618 66.4227
26.562 66.3699
26.5623 66.1986
26.5625 66.0488
26.5627 65.9177
26.563 65.803
26.5632 65.7026
26.5635 65.6148
26.5637 65.5379
26.5639 65.4707
26.5644 65.4119
26.5684 65.8604
26.5716 66.1278
26.5751 66.4869
26.5755 66.301
26.5769 66.2634
26.6225 71.7304
26.6229 70.8891
26.6232 70.278
26.6237 69.6182
26.6247 69.041
26.6251 68.6608
26.6253 68.2032
26.6256 67.8028
26.6258 67.4525
26.6261 67.2709
26.6263 66.9871
26.6265 66.7387
26.6268 66.5213
26.627 66.4562
26.6273 66.2741
26.6275 66.1149
26.6277 65.9755
26.628 65.8536
26.6282 65.8719
26.6285 65.7629
26.6287 65.6675
26.6289 65.5841
26.6292 65.6361
26.6298 65.5566
26.6338 65.487
26.6371 65.5511
26.6406 65.4822
26.641 65.422
26.6424 65.4942
26.6881 65.5574
26.6885 65.6128
26.6888 65.5362
26.6893 65.5941
26.6903 65.6449
26.6907 65.5643
26.6909 65.4937
26.6912 65.557
26.6914 65.6124
26.6917 65.5358
26.6919 65.4689
26.6922 65.5352
26.6924 65.5933
26.6926 65.5192
26.6929 65.4543
26.6931 65.5225
26.6934 65.5822
26.6936 65.6344
26.6938 65.5551
26.6941 65.6107
26.6943 65.6594
26.6946 65.702
26.6949 65.6142
26.6955 65.6624
26.6995 65.7046
26.7028 65.6165
26.7063 65.6645
26.7067 65.7064
26.7081 65.7431
26.7539 65.6502
26.7543 65.6939
26.7546 65.7322
26.755 65.7657
26.7561 65.92
26.7566 65.93
26.7568 65.9387
26.757 66.0714
26.7573 66.0625
26.7575 66.0547
26.7578 66.0478
26.758 66.0418
26.7582 66.0366
26.7585 66.032
26.7587 66.028
26.759 66.0245
26.7592 66.0215
26.7594 66.0188
26.7597 66.0164
26.7599 66.0144
26.7602 66.0126
26.7604 66.011
26.7608 66.0096
26.7615 66.1334
26.7654 66.6167
26.7688 66.9147
26.7723 67.3003
26.7727 67.1378
26.7741 67.2456
26.8201 72.8399
26.8205 72.1099
26.8208 71.3461
26.8212 70.8029
26.8223 70.4525
26.8228 69.896
26.823 69.534
26.8232 69.2172
26.8235 68.8151
26.8237 68.4632
26.824 68.1553
26.8242 68.0109
26.8244 67.8845
26.8247 67.6489
26.8249 67.4428
26.8252 67.3875
26.8254 67.339
26.8256 67.1717
26.8259 67.0252
26.8261 67.022
26.8264 67.0193
26.8266 66.8919
26.8268 66.7804
26.8272 66.8078
26.8279 66.7069
26.8319 66.6185
26.8353 66.6662
26.8386 66.5829
26.8391 66.6351
26.8405 66.5557
26.8869 66.4862
26.8873 66.5504
26.8877 66.6066
26.888 66.6558
26.8891 66.6988
26.8896 66.7365
26.8898 66.6444
26.8901 66.6889
26.8903 66.7278
26.8905 66.7618
26.8908 66.7916
26.891 66.8176
26.8913 66.8404
26.8915 66.8604
26.8917 66.8778
26.892 66.7681
26.8922 66.7971
26.8925 66.8224
26.8927 66.8446
26.8929 66.7391
26.8932 66.7717
26.8934 66.8002
26.8937 66.8252
26.894 66.847
26.8947 66.8662
26.8987 66.8829
26.9022 66.8975
26.9056 66.9103
26.906 66.9215
26.9075 66.9314
26.9536 66.9399
26.9541 67.0724
26.9543 67.0634
26.9547 67.0555
26.9558 67.0485
26.9563 67.0425
26.9565 67.0372
26.9567 67.0325
26.957 66.9034
26.9572 66.9155
26.9575 66.9261
26.9577 66.9353
26.9579 66.8184
26.9582 66.8411
26.9584 66.861
26.9587 66.8783
26.9589 66.8935
26.9591 66.9069
26.9594 66.9185
26.9596 66.9287
26.9599 66.9376
26.9601 66.9454
26.9603 66.9522
26.9607 66.9582
26.9615 66.9634
26.9655 67.468
26.969 67.7845
26.9725 68.0614
26.9728 67.9288
26.9743 67.9377
27.0208 73.5704
27.0213 72.8741
27.0215 72.1399
27.0217 71.4974
27.0222 71.0602
27.0233 70.6777
27.0237 70.218
27.0239 69.8157
27.0242 69.5888
27.0244 69.3902
27.0246 69.0914
27.0249 68.83
27.0251 68.7262
27.0254 68.6354
27.0256 68.431
27.0258 68.2521
27.0261 68.2206
27.0263 68.193
27.0266 68.0439
27.0268 67.9134
27.027 67.9242
27.0273 67.9337
27.0275 67.817
27.0278 67.7149
27.0281 67.7505
27.029 67.6567
27.0329 67.5746
27.0364 67.6278
27.0398 67.5493
27.0403 67.6056
27.0417 67.5299
27.0886 67.5887
27.089 67.6401
27.0893 67.6851
27.0895 67.7245
27.09 67.7589
27.0911 67.789
27.0914 67.8154
27.0917 67.8385
27.0919 67.7337
27.0922 67.767
27.0924 67.7961
27.0926 67.8216
27.0929 67.7189
27.0931 67.754
27.0934 67.7848
27.0936 67.8117
27.0938 67.7102
27.0941 67.7464
27.0943 67.7781
27.0946 67.8059
27.0948 67.7051
27.095 67.742
27.0953 67.7742
27.0955 67.8025
27.0959 67.7022
27.0967 67.7394
27.1008 67.772
27.1043 67.8005
27.1077 67.8254
27.108 67.9722
27.1095 68.1007
27.1562 73.9631
27.1567 73.2177
27.1569 72.4405
27.1572 71.8854
27.1577 71.3998
27.1587 70.9748
27.1591 70.6029
27.1593 70.2776
27.1596 69.9929
27.1598 69.7438
27.1601 69.5258
27.1603 69.3351
27.1605 69.1682
27.1608 69.0222
27.161 68.8944
27.1613 68.7826
27.1615 68.6848
27.1617 68.5992
27.162 68.3993
27.1622 68.3494
27.1625 68.3057
27.1627 68.2675
27.1629 68.109
27.1632 68.0954
27.1635 68.0835
27.1645 68.1981
27.1686 68.6733
27.1721 69.0891
27.1756 69.328
27.1758 69.162
27.1772 69.1417
27.2243 74.874
27.2248 74.0148
27.2251 73.3879
27.2253 72.8394
27.2257 72.2345
27.2261 71.8302
27.2272 71.4764
27.2275 71.0419
27.2277 70.6616
27.2279 70.3289
27.2282 70.1628
27.2284 69.8925
27.2287 69.6559
27.2289 69.4489
27.2291 69.3928
27.2294 69.2187
27.2296 69.0664
27.2299 68.9331
27.2301 68.9414
27.2303 68.9488
27.2306 68.8302
27.2308 68.7264
27.2311 68.7606
27.2313 68.7905
27.2315 68.6917
27.2319 68.6052
27.2329 68.5296
27.237 68.4634
27.2404 68.4055
27.2438 68.3548
27.2442 68.4354
27.2456 68.381
27.293 68.3334
27.2934 68.4167
27.2938 68.4896
27.294 68.5534
27.2943 68.6092
27.2948 68.6581
27.2958 68.7008
27.2962 68.7382
27.2964 68.7709
27.2967 68.7996
27.2969 68.8246
27.2972 68.8465
27.2974 68.8657
27.2976 68.8825
27.2979 68.8972
27.2981 68.91
27.2984 68.9213
27.2986 68.9311
27.2988 68.9397
27.2991 68.9473
27.2993 68.9539
27.2996 68.9596
27.2998 68.9647
27.3 68.9691
27.3003 68.973
27.3005 68.9763
27.3015 69.1043
27.3056 69.5913
27.3091 70.0173
27.3125 70.2652
27.3128 70.107
27.3142 70.0937
27.3616 75.8319
27.3619 74.978
27.3624 74.2307
27.3626 73.5769
27.3629 72.8798
27.3632 72.3948
27.3637 71.9704
27.3648 71.5991
27.365 71.2742
27.3653 70.99
27.3655 70.7412
27.3658 70.5236
27.366 70.3331
27.3662 70.1665
27.3665 70.0207
27.3667 69.8931
27.367 69.6564
27.3672 69.5744
27.3674 69.5026
27.3677 69.4398
27.3679 69.2598
27.3682 69.2273
27.3684 69.1989
27.3687 69.174
27.3689 69.0273
27.3691 69.0239
27.3695 69.0209
27.3705 69.0183
27.3745 69.016
27.378 69.014
27.3814 69.0122
27.3817 69.0107
27.3832 69.0094
27.4308 69.0082
27.4311 69.1322
27.4316 69.2407
27.4319 69.2106
27.4321 69.3092
27.4325 69.3956
27.4329 69.3461
27.434 69.5529
27.4343 69.6088
27.4345 69.5327
27.4347 69.4661
27.435 69.4078
27.4352 69.4818
27.4355 69.4216
27.4357 69.3689
27.4359 69.3228
27.4362 69.4074
27.4364 69.4815
27.4367 69.4213
27.4369 69.3687
27.4371 69.4476
27.4374 69.5166
27.4376 69.4521
27.4379 69.3955
27.4381 69.4711
27.4383 69.5372
27.4386 69.4701
27.4395 69.5363
27.4436 69.9693
27.4472 70.3481
27.4507 70.5546
27.451 70.3603
27.4524 70.4402
27.5 76.1352
27.5005 75.3683
27.5007 74.5723
27.5012 74.0007
27.5014 73.5006
27.5017 72.9381
27.502 72.5708
27.5025 72.2495
27.5036 71.8433
27.5038 71.4879
27.5041 71.3019
27.5043 71.1391
27.5046 70.9967
27.5048 70.7472
27.505 70.6538
27.5053 70.572
27.5055 70.5005
27.5058 70.313
27.506 70.1488
27.5062 70.1302
27.5065 70.114
27.5067 69.9747
27.507 69.8529
27.5072 69.8713
27.5074 69.8874
27.5077 69.7764
27.5079 69.6794
27.5083 69.7195
27.5092 69.7545
27.5133 69.7852
27.5169 69.6871
27.5205 69.7262
27.5208 69.7604
27.5222 69.7904
27.5698 69.8166
27.5703 69.9645
27.5706 69.9689
27.571 70.0978
27.5714 70.0856
27.5716 70.0749
27.5718 70.0655
27.5723 70.0573
27.5734 70.1752
27.5738 70.1533
27.574 70.2591
27.5742 70.2267
27.5745 70.1984
27.5747 70.1736
27.575 70.1519
27.5752 70.1329
27.5754 70.1163
27.5757 70.1018
27.5759 70.089
27.5762 70.2029
27.5764 70.1775
27.5766 70.1553
27.5769 70.1359
27.5771 70.2439
27.5774 70.2134
27.5776 70.1868
27.5778 70.1634
27.5781 70.268
27.5791 70.3595
27.5831 70.8146
27.5869 71.0877
27.5905 71.4518
27.5907 71.2703
27.5921 71.3615
27.6397 77.0663
27.6401 76.308
27.6406 75.5195
27.6408 74.8296
27.6413 74.2259
27.6415 73.6977
27.6418 73.2354
27.6421 72.956
27.6426 72.5865
27.6437 72.2632
27.6439 71.9803
27.6442 71.7328
27.6444 71.5162
27.6447 71.3266
27.6449 71.1608
27.6451 71.1407
27.6454 70.9981
27.6456 70.8734
27.6459 70.7642
27.6461 70.7937
27.6463 70.6945
27.6466 70.6076
27.6468 70.5317
27.6471 70.5902
27.6473 70.5164
27.6475 70.4519
27.6478 70.3954
27.648 70.471
27.6484 70.4121
27.6493 70.3606
27.6534 70.3155
27.6572 70.4011
27.6608 70.3509
27.661 70.4321
27.6624 70.3781
27.7101 70.4558
27.7104 70.5238
27.7109 70.4584
27.7111 70.5261
27.7116 70.5853
27.7118 70.5121
27.7121 70.5731
27.7124 70.6265
27.7129 70.5482
27.714 70.6046
27.7142 70.6541
27.7145 70.6973
27.7147 70.6101
27.715 70.5339
27.7152 70.5921
27.7154 70.6431
27.7157 70.5627
27.7159 70.4924
27.7162 70.5558
27.7164 70.6114
27.7166 70.5349
27.7169 70.4681
27.7171 70.5346
27.7174 70.5927
27.7176 70.5186
27.7178 70.4538
27.7181 70.5221
27.7183 70.5818
27.7187 70.5091
27.7196 70.5705
27.7237 70.9992
27.7274 71.3743
27.7311 71.7025
27.7313 71.6147
27.7327 71.5378
27.7808 77.3456
27.781 76.5524
27.7815 75.8584
27.7818 75.2511
27.7821 74.7197
27.7825 74.2547
27.7827 73.8479
27.783 73.3669
27.7834 73.071
27.7839 72.8121
27.7849 72.5856
27.7851 72.3874
27.7854 72.214
27.7856 72.0622
27.7858 71.9295
27.7861 71.8133
27.7863 71.7116
27.7866 71.6227
27.7868 71.5448
27.787 71.4767
27.7873 71.4171
27.7875 71.365
27.7878 71.3194
27.788 71.2794
27.7882 71.2445
27.7885 71.214
27.7887 71.1872
27.789 71.0388
27.7892 71.034
27.7896 71.0297
27.7905 71.026
27.7946 71.0227
27.7983 71.0199
27.8019 70.8924
27.8022 70.9059
27.8036 70.9176
27.8518 70.9279
27.8521 71.0619
27.8524 71.0542
27.8528 71.0474
27.853 71.1665
27.8535 71.1457
27.8537 71.1275
27.854 71.1115
27.8543 71.2226
27.8548 71.1948
27.8559 71.2954
27.8561 71.3835
27.8564 71.3356
27.8566 71.2936
27.8569 71.2569
27.8571 71.3498
27.8573 71.3061
27.8576 71.2678
27.8578 71.2343
27.8581 71.33
27.8583 71.2888
27.8585 71.2527
27.8588 71.2211
27.859 71.3185
27.8593 71.2787
27.8595 71.2438
27.8597 71.2133
27.86 71.1867
27.8602 71.2883
27.8606 71.2523
27.8615 71.3458
27.8656 71.8025
27.8661 71.8272
27.8697 71.7238
27.8732 71.7583
27.8736 71.6635
27.875 71.7056
27.9233 71.7424
27.9235 71.7746
27.9238 71.6778
27.9243 71.7181
27.9245 71.7533
27.9249 71.6591
27.9252 71.7017
27.9255 71.739
27.9257 71.7716
27.9262 71.8002
27.9273 71.9502
27.9276 71.9564
27.9279 71.8368
27.9281 71.8572
27.9284 71.8751
27.9286 71.8907
27.9288 71.7794
27.9291 71.8069
27.9293 71.8311
27.9296 71.8522
27.9298 71.7457
27.93 71.7775
27.9303 71.8053
27.9305 71.8296
27.9308 71.7259
27.931 71.6352
27.9312 71.6808
27.9315 71.7207
27.9317 71.7556
27.932 71.6611
27.9329 71.7035
27.937 72.2406
27.9375 72.2105
27.9411 72.5592
27.9447 72.8643
27.9449 72.6312
27.9464 72.6773
27.9948 78.4677
27.9952 77.6592
27.9954 76.9518
27.9956 76.3328
27.9961 75.7912
27.9964 75.3173
27.9967 74.9027
27.9971 74.5398
27.9973 74.2223
27.9976 73.9446
27.998 73.7015
27.9991 73.4888
27.9995 73.3027
27.9997 73.1399
28 72.8724
28.0002 72.7633
28.0005 72.6679
28.0007 72.5844
28.0009 72.3864
28.0012 72.3381
28.0014 72.2958
28.0017 72.2588
28.0019 72.1015
28.0021 72.0888
28.0024 72.0777
28.0026 72.068
28.0029 72.0595
28.0031 72.052
28.0033 72.0455
28.0036 72.0398
28.0039 72.0349
28.0049 72.0305
28.009 71.9017
28.0095 71.914
28.0131 71.9247
28.0166 71.9341
28.0169 71.9424
28.0184 71.9496
28.0668 71.9559
28.067 72.0864
28.0673 72.0756
28.0675 72.0661
28.068 72.0579
28.0682 72.0506
28.0686 72.0443
28.0689 72.0388
28.0692 72.0339
28.0694 72.0297
28.0699 72.026
28.071 72.0227
28.0713 72.0199
28.0716 72.0174
28.0718 72.0152
28.0721 72.1383
28.0723 72.121
28.0725 72.1059
28.0728 72.0927
28.073 72.2061
28.0733 72.1803
28.0735 72.1578
28.0737 72.1381
28.074 72.1208
28.0742 72.1057
28.0745 72.0925
28.0747 72.0809
28.075 72.0708
28.0752 72.062
28.0754 72.0542
28.0757 72.0474
28.0762 72.1665
28.0771 72.2707
28.0812 72.3619
28.0817 72.3166
28.0853 72.277
28.0888 72.2424
28.0891 72.3371
28.0906 72.295
28.139 72.2581
28.1392 72.3508
28.1395 72.307
28.1398 72.2686
28.1402 72.36
28.1404 72.44
28.1408 72.385
28.1412 72.4619
28.1414 72.5292
28.1416 72.463
28.1421 72.5301
28.1432 72.7139
28.1436 72.7496
28.1438 72.6559
28.144 72.6989
28.1443 72.7366
28.1445 72.6445
28.1448 72.5639
28.145 72.6184
28.1452 72.6661
28.1455 72.5829
28.1457 72.51
28.146 72.4463
28.1462 72.5155
28.1464 72.576
28.1467 72.504
28.1469 72.441
28.1472 72.5109
28.1474 72.572
28.1476 72.5005
28.1479 72.438
28.1482 72.5082
28.1492 72.5697
28.1534 72.9985
28.1539 72.8737
28.1575 73.2645
28.161 73.4814
28.1613 73.4212
28.1628 73.3686
28.2113 79.3225
28.2116 78.5322
28.2118 77.7157
28.2122 77.1262
28.2125 76.6104
28.2128 76.0341
28.213 75.6549
28.2135 75.323
28.2137 74.9076
28.214 74.5442
28.2143 74.3512
28.2148 74.0573
28.2159 73.8001
28.2161 73.7001
28.2164 73.6126
28.2166 73.411
28.2169 73.2346
28.2171 73.2053
28.2173 73.1796
28.2176 73.0322
28.2178 72.9032
28.2181 72.9153
28.2183 72.9259
28.2185 72.9351
28.2188 72.8182
28.219 72.841
28.2193 72.8608
28.2195 72.8782
28.2197 72.7684
28.22 72.6724
28.2202 72.7133
28.2205 72.7492
28.2209 72.6555
28.2219 72.5736
28.2261 72.6269
28.2265 72.6735
28.2301 73.2143
28.2336 73.5625
28.2339 73.4922
28.2354 73.5557
28.2842 79.6112
28.2845 78.7848
28.2848 78.0617
28.285 77.429
28.2854 76.8754
28.2857 76.391
28.286 75.9671
28.2862 75.5962
28.2867 75.2717
28.2869 74.9877
28.2872 74.8643
28.2875 74.6312
28.288 74.4273
28.2891 74.3739
28.2893 74.2022
28.2896 74.0519
28.2898 73.9204
28.29 73.9304
28.2903 73.8141
28.2905 73.7123
28.2908 73.6233
28.291 73.5454
28.2912 73.4772
28.2915 73.4175
28.2917 73.3653
28.292 73.3197
28.2922 73.2797
28.2924 73.2448
28.2927 73.2142
28.2929 73.1874
28.2932 73.289
28.2934 73.2528
28.2936 73.2212
28.2941 73.3186
28.2951 73.4038
28.2993 73.3533
28.2997 73.3091
28.3033 73.2705
28.3067 73.2367
28.3071 73.3321
28.3085 73.2906
28.3572 73.2543
28.3576 73.2225
28.3578 73.1947
28.358 73.2953
28.3583 73.3834
28.3588 73.3355
28.359 73.4185
28.3593 73.4912
28.3595 73.4298
28.36 73.3761
28.3602 73.4541
28.3605 73.3973
28.3608 73.3477
28.3613 73.4292
28.3624 73.3756
28.3626 73.3286
28.3629 73.2875
28.3631 73.3766
28.3633 73.3295
28.3636 73.2883
28.3638 73.2523
28.3641 73.3457
28.3643 73.4275
28.3645 73.3741
28.3648 73.3273
28.365 73.4114
28.3653 73.485
28.3655 73.4244
28.3657 73.3713
28.366 73.3249
28.3662 73.4093
28.3665 73.3581
28.3667 73.3134
28.3673 73.3992
28.5234 73.0993
28.5733 78.8369
28.5737 77.8573
28.574 76.8751
28.5742 76.1407
28.5747 75.4981
28.5749 74.8109
28.5752 74.3345
28.5757 73.9177
28.5771 73.553
28.5773 73.2339
28.5776 72.8296
28.5778 72.4759
28.5781 72.2914
28.5783 72.13
28.5785 71.8638
28.5788 71.6308
28.579 71.5519
28.5793 71.4829
28.5795 71.4226
28.5797 71.2448
28.58 71.0892
28.5802 71.078
28.5805 71.0683
28.5807 70.9347
28.5814 70.9429
28.5865 71.45
28.5901 71.7688
28.5906 71.6727
28.5938 71.5886
28.5943 71.515
28.644 71.4506
28.6445 71.3943
28.6448 71.345
28.645 71.3019
28.6455 71.2642
28.6457 71.2311
28.646 71.2022
28.6464 71.177
28.6479 71.2798
28.6481 71.2449
28.6484 71.2143
28.6486 71.1875
28.6488 71.164
28.6491 71.1435
28.6493 71.1256
28.6496 71.1099
28.6498 71.0962
28.65 71.0841
28.6503 71.0736
28.6505 71.0644
28.6508 71.0564
28.651 71.0493
28.6512 71.0432
28.6515 71.0378
28.6522 71.158
28.6572 71.7633
28.6609 72.0429
28.6613 71.9125
28.6646 72.1734
28.6649 72.0268
28.6654 71.8984
28.7153 71.7861
28.7156 71.6879
28.7159 71.6019
28.7161 71.6516
28.7166 71.5702
28.7168 71.4989
28.7171 71.5615
28.7177 71.4914
28.719 71.5549
28.7192 71.6106
28.7195 71.5342
28.7197 71.4675
28.72 71.409
28.7202 71.4829
28.7205 71.4225
28.7207 71.3697
28.7209 71.3235
28.7212 71.4081
28.7214 71.3571
28.7217 71.3124
28.7219 71.2734
28.7221 71.3642
28.7224 71.4437
28.7226 71.3882
28.7232 71.4647
28.7283 72.0316
28.7319 72.2776
28.7323 72.2429
28.7356 72.4626
28.7361 72.4048
28.7364 72.3542
28.7865 78.4349
28.7869 77.5055
28.7871 76.8173
28.7874 76.2152
28.7877 75.5633
28.7881 75.1179
28.7883 74.7281
28.7887 74.2621
28.7893 73.9793
28.7905 73.6069
28.7907 73.2811
28.791 72.9959
28.7912 72.8714
28.7915 72.7625
28.7917 72.5422
28.7919 72.3494
28.7922 72.3057
28.7924 72.2675
28.7927 72.1091
28.7929 71.9704
28.7931 71.9741
28.7934 71.9774
28.7936 71.8552
28.7939 71.7483
28.7941 71.7798
28.7947 71.6823
28.7998 71.597
28.8034 71.6474
28.8038 71.5665
28.8071 71.6206
28.8076 71.5431
28.8079 71.4752
28.858 71.5408
28.8583 71.5982
28.8585 71.6484
28.8588 71.5674
28.8591 71.6214
28.8595 71.6688
28.8597 71.5852
28.8601 71.637
28.8607 71.6824
28.8619 71.7221
28.8621 71.7568
28.8624 71.7872
28.8626 71.8138
28.8628 71.7121
28.8631 71.7481
28.8633 71.7796
28.8636 71.8071
28.8638 71.7062
28.864 71.743
28.8643 71.7751
28.8645 71.8032
28.8648 71.7028
28.865 71.7399
28.8652 71.7725
28.8655 71.8009
28.8661 71.8258
28.8711 72.4726
28.8747 72.7885
28.8752 72.6899
28.8785 72.9787
28.8789 72.7314
28.8793 72.6399
28.9294 78.8099
28.9296 77.8337
28.9299 76.9795
28.9301 76.357
28.9305 75.8124
28.9309 75.2109
28.9311 74.8095
28.9313 74.4583
28.9318 74.026
28.9324 73.7728
28.9335 73.5512
28.9337 73.2323
28.934 72.9532
28.9342 72.8341
28.9345 72.7298
28.9347 72.5136
28.9349 72.3244
28.9352 72.2838
28.9354 72.2484
28.9357 72.0923
28.9359 71.9558
28.9361 71.9613
28.9364 71.9661
28.9366 71.8454
28.9369 71.7397
28.9372 71.7722
28.9379 71.6757
28.943 71.5912
28.9466 71.6423
28.9471 71.687
28.9503 71.7262
28.9507 71.7604
28.9512 71.7903
29.0011 71.8166
29.0014 71.8395
29.0016 71.8595
29.0019 71.8771
29.0023 71.8925
29.0026 71.9059
29.0028 71.9177
29.0031 71.928
29.0035 71.937
29.0041 72.0698
29.0052 72.1861
29.0055 72.1628
29.0057 72.1425
29.006 72.1247
29.0062 72.1091
29.0064 72.0955
29.0067 72.0835
29.0069 72.0731
29.0072 72.0639
29.0074 72.056
29.0076 72.049
29.0079 72.0428
29.0081 72.0375
29.0084 72.0328
29.0086 72.0287
29.009 72.0251
29.0097 72.022
29.0147 72.6442
29.0183 73.0637
29.0188 72.9307
29.0221 73.1894
29.0225 73.0407
29.0228 72.9106
29.0233 72.7968
29.0732 72.6972
29.0735 72.61
29.0737 72.5338
29.0741 72.5921
29.0744 72.5181
29.0747 72.4533
29.0749 72.3966
29.0753 72.3471
29.0758 72.3037
29.0764 72.2657
29.0773 72.2325
29.0776 72.2034
29.0778 72.178
29.078 72.2808
29.0783 72.2457
29.0785 72.215
29.0788 72.1881
29.079 72.2896
29.0792 72.2534
29.0795 72.2217
29.0797 72.194
29.08 72.1697
29.0802 72.1485
29.0805 72.13
29.0807 72.1137
29.0811 72.2245
29.0818 72.1964
29.0868 72.1719
29.0904 72.1504
29.0908 72.1316
29.094 72.6151
29.0945 72.5383
29.0949 72.471
29.0952 72.5371
29.1455 78.72
29.1457 77.88
29.1459 77.145
29.1463 76.6268
29.1467 76.0485
29.1469 75.5424
29.1471 75.2246
29.1475 74.9465
29.148 74.5782
29.1486 74.3809
29.1495 74.2083
29.1498 73.9323
29.15 73.8158
29.1503 73.7138
29.1505 73.4996
29.1507 73.3121
29.151 73.1481
29.1512 73.1296
29.1515 72.9884
29.1517 72.8648
29.1519 72.7567
29.1522 72.7871
29.1524 72.8137
29.1527 72.712
29.1529 72.623
29.1531 72.6701
29.1539 72.5864
29.1589 73.1381
29.1625 73.4958
29.163 73.4338
29.1632 73.3796
29.1665 73.2072
29.167 73.0563
29.1673 73.0492
29.1677 72.9181
29.2178 72.8033
29.218 72.8279
29.2183 72.8494
29.2188 72.7432
29.219 72.6503
29.2192 72.694
29.2195 72.6073
29.22 72.5314
29.2204 72.59
29.221 72.6412
29.2219 72.5611
29.2221 72.6159
29.2224 72.5389
29.2226 72.4716
29.2228 72.4126
29.2231 72.486
29.2233 72.5503
29.2236 72.4815
29.2238 72.4213
29.224 72.4936
29.2243 72.5569
29.2245 72.4873
29.2248 72.4264
29.225 72.4981
29.2252 72.5608
29.2256 72.4907
29.2263 72.5544
29.2314 72.6101
29.235 72.5338
29.2353 72.5921
29.2356 72.5181
29.2388 72.8283
29.2393 72.8498
29.2397 72.8686
29.24 72.885
29.2901 79.1494
29.2904 78.3807
29.2906 77.5831
29.2911 77.0102
29.2913 76.5089
29.2916 76.0703
29.2918 75.5615
29.2923 75.2413
29.2928 74.9612
29.2934 74.716
29.2942 74.5015
29.2945 74.3138
29.2947 74.0246
29.2949 73.7715
29.2952 73.6751
29.2954 73.5907
29.2957 73.3919
29.2959 73.2179
29.2961 73.1906
29.2964 73.1668
29.2966 73.021
29.2969 72.8933
29.2971 72.9067
29.2973 72.9183
29.2976 72.8035
29.2979 72.7031
29.2987 72.7402
29.3037 73.2727
29.3073 73.6136
29.3077 73.5369
29.3079 73.3448
29.3112 73.6767
29.3115 73.5921
29.312 73.3931
29.3122 73.344
29.3127 73.176
29.3627 73.029
29.3629 72.9003
29.3633 72.9128
29.3637 72.7987
29.3639 72.6989
29.3641 72.7365
29.3645 72.7694
29.365 72.6733
29.3655 72.7141
29.3661 72.7498
29.3668 72.6561
29.367 72.6991
29.3673 72.7367
29.3675 72.7696
29.3678 72.6734
29.368 72.5892
29.3682 72.6406
29.3685 72.6855
29.3687 72.5998
29.369 72.5248
29.3692 72.5842
29.3694 72.6362
29.3697 72.5567
29.3699 72.4871
29.3702 72.5512
29.3706 72.6073
29.3715 72.6564
29.3765 72.6993
29.3801 72.7369
29.3804 72.7698
29.3807 72.7986
29.384 72.6988
29.3843 72.7364
29.3847 72.7694
29.3851 72.7982
29.3855 72.8234
29.4354 72.8455
29.4356 72.8648
29.4361 73.0067
29.4364 73.0059
29.4366 73.0051
29.4368 73.0045
29.4372 73.0039
29.4377 73.0034
29.4382 73.128
29.4388 73.112
29.4395 73.098
29.4397 73.0858
29.44 72.95
29.4402 72.9563
29.4404 72.9617
29.4407 72.9665
29.4409 72.9707
29.4412 72.9744
29.4414 72.9776
29.4417 72.9804
29.4419 72.9828
29.4421 72.985
29.4424 72.9869
29.4426 72.9885
29.4429 72.9899
29.4433 72.9912
29.4442 73.1173
29.4492 73.7276
29.4528 74.0117
29.4532 73.8852
29.4534 73.7746
29.4567 74.0527
29.457 74.0462
29.4575 73.9154
29.4578 73.801
29.4582 73.7008
29.5082 79.8632
29.5085 79.0053
29.5089 78.2547
29.5092 77.5978
29.5094 77.0231
29.5097 76.5202
29.5099 76.0802
29.5104 75.6952
29.5109 75.3583
29.5113 75.0635
29.5119 74.8055
29.5125 74.5799
29.5128 74.3824
29.513 74.3346
29.5133 74.1677
29.5135 74.0218
29.5137 73.8941
29.514 73.7823
29.5142 73.6845
29.5145 73.5989
29.5147 73.5241
29.5149 73.4586
29.5152 73.4012
29.5154 73.3511
29.5157 73.3072
29.5159 73.2688
29.5164 73.2352
29.5172 73.2058
29.5223 73.1801
29.5259 73.1576
29.5262 73.1379
29.5265 73.1206
29.5297 73.1056
29.5301 73.0924
29.5306 73.0808
29.5308 73.0707
29.5313 73.0619
29.5813 73.0541
29.5816 73.0474
29.582 73.0414
29.5822 73.1613
29.5825 73.1411
29.5827 73.1235
29.583 73.108
29.5834 73.2195
29.5839 73.1921
29.5844 73.2931
29.585 73.3814
29.5856 73.4588
29.5858 73.4014
29.5861 73.4762
29.5863 73.4167
29.5866 73.3646
29.5868 73.319
29.587 73.4042
29.5873 73.4786
29.5875 73.4188
29.5878 73.3665
29.588 73.4457
29.5882 73.5149
29.5885 73.4506
29.5887 73.3943
29.589 73.345
29.5893 73.4268
29.5902 73.4985
29.5952 74.0612
29.5988 74.3035
29.5993 74.2656
29.5995 74.1074
29.6027 74.344
29.6031 74.301
29.6035 74.1383
29.6039 73.9961
29.6042 73.9965
29.6543 80.122
29.6547 79.2317
29.6551 78.5778
29.6553 78.0055
29.6555 77.3799
29.6558 76.8324
29.656 76.4783
29.6565 76.1685
29.657 75.7725
29.8024 75.1759
29.8026 74.6539
29.8029 74.0722
29.8031 73.6882
29.8033 73.3521
29.8036 73.0581
29.8038 72.6759
29.8041 72.4664
29.8043 72.2831
29.8045 72.1227
29.8168 73.3574
29.8173 73.0627
29.8175 72.8048
29.818 72.4542
29.8182 72.2725
29.8685 72.1134
29.8689 71.8492
29.8692 71.7431
29.8694 71.6502
29.8697 71.4439
29.8699 71.2634
29.8704 71.2305
29.8709 71.0767
29.8713 71.0671
29.8721 71.0587
29.8725 70.9264
29.8728 70.8106
29.873 70.8343
29.8733 70.855
29.8735 70.8731
29.8737 70.764
29.874 70.6685
29.8742 70.7099
29.8745 70.7462
29.8747 70.6529
29.8749 70.5713
29.8754 70.6249
29.8874 70.6718
29.8879 70.5878
29.8883 70.6393
29.8886 70.6844
29.889 70.7239
29.9392 70.7584
29.9396 70.7886
29.9398 70.815
29.9401 70.8381
29.9403 70.8584
29.9406 70.8761
29.941 71.0166
29.9415 71.0145
29.942 71.0127
29.9427 71.0111
29.9432 71.0097
29.9434 71.0085
29.9437 71.0074
29.9439 70.8815
29.9442 70.8963
29.9444 70.9093
29.9446 70.9206
29.9449 70.9305
29.9451 70.9392
29.9454 70.9468
29.9456 70.9535
29.9461 71.0843
29.9581 72.5737
29.9586 72.377
29.9589 72.2049
29.9593 72.0543
29.9597 71.9225
29.9706 73.0572
