0.260862 43.497 0 523776 548352
0.263506 43.521 0 525312 549888
0.266149 43.565 0 526848 551424
0.268793 43.623 0 528384 552960
0.271436 43.694 0 529920 554496
0.27408 43.775 0 530944 556032
0.276723 43.864 0 532480 557056
0.279367 43.959 0 534016 558592
0.28201 44.059 0 535552 560128
0.284654 44.163 0 537088 561664
0.287297 44.27 0 538624 563200
0.289941 44.38 0 539648 564224
0.292584 44.492 0 541184 565760
0.295228 44.605 0 542720 567296
0.297872 44.72 0 544256 568832
0.300515 44.836 0 545792 570368
0.303159 44.953 0 547328 571904
0.305682 45.046 0 548352 574464
0.308325 45.145 0 549888 576000
0.310969 45.248 0 551424 577536
0.313612 45.355 0 552960 579072
0.316256 45.464 0 554496 580608
0.3189 45.575 0 556032 581632
0.321543 45.688 0 557056 583168
0.324187 45.803 0 558592 584704
0.32683 45.919 0 560128 586240
0.329474 46.035 0 561664 587776
0.332117 46.152 0 563200 589312
0.334761 46.27 0 564224 590336
0.337404 46.389 0 565760 591872
0.340048 46.507 0 567296 593408
0.342691 46.626 0 568832 594944
0.345335 46.746 0 570368 596480
0.347978 46.865 0 571904 598016
0.350622 46.984 0 572928 599040
0.353265 47.128 0 574464 600576
0.423198 44.696 0 420864 422400
0.42404 42.774 0 422400 423936
0.458405 41.26 0 423936 425472
0.47715 40.074 0 425472 427008
0.495174 39.148 0 427008 428544
0.51488 38.432 0 428544 429568
0.533866 37.883 0 429568 431104
0.552851 37.468 0 431104 432640
0.572077 37.16 0 432640 434176
0.591302 36.937 0 434176 435712
0.610768 36.783 0 435712 437248
0.630234 36.684 0 437248 438272
0.64994 36.629 0 438272 439808
0.669647 36.609 0 439808 441344
0.689593 36.617 0 441344 442880
0.70954 36.647 0 442880 444416
0.729727 36.695 0 444416 445952
0.750154 36.758 0 445952 446976
0.7701 36.832 0 446976 448512
0.791008 36.916 0 448512 450048
0.811435 37.006 0 450048 451584
0.832343 37.103 0 451584 453120
0.853251 37.204 0 453120 454656
0.874159 37.309 0 454656 455680
0.895187 37.393 0 455680 457216
0.916575 37.485 0 457216 458752
0.986869 35.347 0 322560 324096
1.00165 33.661 0 324096 324096
1.03674 32.336 0 325632 325632
1.07254 31.3 0 327168 327168
1.10883 30.495 0 328192 328192
1.1456 29.875 0 329728 329728
1.18309 29.403 0 331264 331264
1.22106 29.05 0 332800 332800
1.25951 28.791 0 334336 334336
1.29892 28.608 0 335872 335872
1.33882 28.486 0 336896 336896
1.37943 28.412 0 338432 338432
1.42077 28.377 0 339968 339968
1.46282 28.373 0 341504 341504
1.50584 28.394 0 343040 343040
1.54958 28.435 0 344576 344576
1.59428 28.491 0 345600 345600
1.63994 28.561 0 347136 347136
1.68656 28.64 0 348672 348672
1.73414 28.728 0 350208 350208
1.78293 28.822 0 351744 351744
1.83268 28.921 0 353280 353280
1.88386 29.025 0 354304 354304
1.93625 29.132 0 355840 355840
1.99008 29.241 0 357376 357376
2.0456 29.353 0 358912 358912
2.10255 29.466 0 360448 360448
2.16143 29.581 0 361984 361984
2.22199 29.696 0 363008 363008
2.28472 29.813 0 364544 364544
2.3496 29.931 0 366080 366080
2.41689 30.048 0 367616 367616
2.48707 30.167 0 369152 369152
2.56012 30.286 0 370688 370688
2.63631 30.405 0 371712 371712
2.71657 30.524 0 373248 373248
2.80068 30.643 0 374784 374784
2.88984 30.763 0 376320 376320
2.98429 30.882 0 377856 377856
3.08546 31.002 0 378880 378880
3.19457 31.122 0 380416 380416
3.31281 31.242 0 381952 381952
3.44306 31.362 0 383488 383488
3.58893 31.482 0 385024 385024
3.75548 31.602 0 386560 386560
3.95278 31.722 0 387584 387584
4.20031 31.842 0 389120 389120
4.55334 31.962 0 390656 390656
5.59032 32.082 0 392192 392192
7.62102 32.203 0 393728 393728
7.86879 32.323 0 395264 395264
8.0661 32.443 0 396288 396288
8.23264 32.563 0 397824 397824
8.37827 32.683 0 399360 399360
8.50852 32.803 0 400896 400896
8.627 32.923 0 402432 402432
8.73587 33.044 0 403968 403968
8.83704 33.164 0 404992 404992
8.93173 33.284 0 406528 406528
9.02065 33.404 0 408064 408064
9.105 33.524 0 409600 409600
9.18503 33.644 0 411136 411136
9.26145 33.764 0 412672 412672
9.3345 33.885 0 413696 413696
9.40444 34.005 0 415232 415232
9.47173 34.125 0 416768 416768
9.53661 34.245 0 418304 418304
9.59934 34.365 0 419840 419840
9.66014 34.485 0 420864 420864
9.71878 34.606 0 422400 422400
9.77573 34.726 0 423936 423936
9.83125 34.846 0 425472 425472
9.88508 34.966 0 427008 427008
9.93747 35.086 0 428544 428544
9.98866 35.206 0 429568 429568
10.0391 35.424 0 431104 431104
10.0901 35.813 0 432640 432640
10.1451 37.014 0 434176 434176
10.2018 39.728 0 435712 435712
10.2653 43.414 0 437248 438272
10.3166 46.579 0 438272 439808
10.3622 49.375 0 439808 441344
10.4072 51.708 0 441344 442880
10.4506 53.815 0 442880 444416
10.4937 55.717 0 444416 445952
10.5361 57.455 0 445952 446976
10.5776 58.989 0 446976 448512
10.6185 60.457 0 448512 450048
10.6582 61.751 0 450048 451584
10.6981 63.003 0 451584 453120
10.7377 64.173 0 453120 454656
10.7755 65.325 0 454656 455680
10.814 66.438 0 455680 457216
10.8509 67.474 0 457216 460288
10.8879 68.422 0 458752 461824
10.9233 69.301 0 460288 463360
10.9586 69.932 0 461824 464384
11.114 66.423 0 325632 329728
11.1149 63.641 0 327168 329728
11.1384 61.462 0 328192 331264
11.16 59.72 0 329728 332800
11.1828 58.518 0 331264 334336
11.2044 57.388 0 332800 335872
11.2282 56.749 0 334336 336896
11.2511 56.238 0 335872 338432
11.2737 55.78 0 336896 339968
11.2973 55.559 0 338432 341504
11.3204 55.357 0 339968 343040
11.3443 55.341 0 341504 344576
11.3676 55.279 0 343040 345600
11.392 55.35 0 344576 347136
11.4164 55.455 0 345600 348672
11.4406 55.539 0 347136 350208
11.4656 55.726 0 348672 351744
11.4895 55.803 0 350208 353280
11.5151 56.058 0 351744 354304
11.5399 56.213 0 353280 355840
11.5658 56.482 0 354304 357376
11.5909 56.649 0 355840 358912
11.6168 56.686 0 357376 360448
11.6427 56.884 0 358912 361984
11.6693 57.163 0 360448 363008
11.6957 57.458 0 361984 364544
11.7219 57.598 0 363008 366080
11.7492 57.902 0 364544 367616
11.7764 58.001 0 366080 369152
11.804 58.32 0 367616 370688
11.8317 58.528 0 369152 371712
11.86 58.838 0 370688 373248
11.8877 59.038 0 371712 374784
11.917 59.343 0 373248 374784
11.9455 59.61 0 374784 376320
11.9802 59.896 0 376320 377856
12.0341 60.125 0 377856 378880
12.0591 60.405 0 378880 380416
12.1044 60.628 0 380416 381952
12.1252 60.903 0 381952 383488
12.167 61.123 0 383488 385024
12.1881 61.395 0 385024 386560
12.2307 61.684 0 386560 387584
12.2524 61.94 0 387584 389120
12.2943 62.217 0 389120 390656
12.3188 62.486 0 390656 392192
12.3586 62.75 0 392192 393728
12.3865 63.009 0 393728 395264
12.4231 63.264 0 395264 396288
12.4559 63.516 0 396288 397824
12.491 63.742 0 397824 399360
12.5276 63.995 0 399360 400896
12.5636 64.245 0 400896 402432
12.6009 64.47 0 402432 403968
12.6377 64.697 0 403968 404992
12.6857 64.975 0 404992 406528
12.7156 65.198 0 406528 408064
12.755 65.448 0 408064 409600
12.7948 65.552 0 409600 411136
12.8359 65.803 0 411136 412672
12.8773 65.932 0 412672 413696
12.9061 66.203 0 413696 415232
12.963 66.493 0 415232 416768
13.007 66.748 0 416768 418304
13.0425 67.024 0 418304 419840
13.0977 67.27 0 419840 420864
13.1445 67.394 0 420864 422400
13.1802 67.637 0 422400 423936
13.2412 67.904 0 423936 425472
13.2914 68.166 0 425472 427008
13.3194 68.423 0 427008 427008
13.3893 68.653 0 428544 429568
13.4495 68.909 0 429568 431104
13.5054 69.137 0 431104 432640
13.5309 69.393 0 432640 432640
13.6015 69.645 0 434176 434176
13.6725 69.895 0 435712 435712
13.7441 70.119 0 437248 438272
13.8104 70.346 0 438272 439808
13.8644 70.575 0 439808 439808
13.9364 70.831 0 441344 441344
14.0084 71.06 0 442880 442880
14.0808 71.315 0 444416 444416
14.1535 71.543 0 445952 445952
14.2265 71.798 0 446976 446976
14.2994 72.026 0 448512 448512
14.3727 72.256 0 450048 450048
14.4474 72.464 0 451584 451584
14.5331 70.492 0 453120 453120
14.6361 68.986 0 454656 454656
14.7555 67.902 0 455680 455680
14.8863 67.106 0 457216 457216
15.0327 66.566 0 458752 458752
15.2008 66.278 0 460288 460288
15.3987 66.168 0 461824 461824
15.6475 66.2 0 463360 463360
16.0017 66.37 0 464384 464384
18.7215 66.938 0 465920 465920
19.0734 67.417 0 467456 467456
19.3211 67.824 0 468992 468992
19.5183 68.174 0 470528 470528
19.6851 68.477 0 471552 471552
19.8313 68.744 0 473088 473088
19.9607 68.982 0 474624 474624
20.0792 69.197 0 476160 476160
20.1889 69.489 0 477696 477696
20.2914 69.938 0 479232 479232
20.3896 70.61 0 480256 480256
20.4789 71.148 0 481792 481792
20.5917 67.252 0 338432 343040
20.595 64.471 0 339968 343040
20.6168 62.079 0 341504 344576
20.6388 60.502 0 343040 345600
20.6613 59.312 0 344576 347136
20.6822 58.216 0 345600 348672
20.7057 57.603 0 347136 350208
20.7275 56.873 0 348672 351744
20.7502 56.649 0 350208 353280
20.7728 56.494 0 351744 354304
20.7956 56.418 0 353280 355840
20.8187 56.405 0 354304 357376
20.8407 56.179 0 355840 358912
20.865 56.334 0 357376 360448
20.8883 56.482 0 358912 361984
20.911 56.457 0 360448 363008
20.936 56.701 0 361984 364544
20.9599 56.824 0 363008 366080
20.984 57.09 0 364544 367616
21.0088 57.4 0 366080 369152
21.0319 57.431 0 367616 370688
21.0578 57.72 0 369152 371712
21.0824 57.784 0 370688 373248
21.1074 57.954 0 371712 374784
21.1324 58.043 0 373248 376320
21.1589 58.402 0 374784 377856
21.1851 58.762 0 376320 378880
21.2108 59.025 0 377856 380416
21.237 59.332 0 378880 381952
21.2634 59.554 0 380416 383488
21.2896 59.731 0 381952 385024
21.3174 60.041 0 383488 386560
21.3444 60.337 0 385024 387584
21.3722 60.646 0 386560 389120
21.3989 60.605 0 387584 390656
21.4281 60.956 0 389120 392192
21.4559 61.141 0 390656 393728
21.4851 61.482 0 392192 395264
21.5137 61.586 0 393728 396288
21.5433 61.909 0 395264 397824
21.5723 62.216 0 396288 399360
21.6027 62.486 0 397824 400896
21.6312 62.533 0 399360 402432
21.6632 62.908 0 400896 403968
21.6939 63.255 0 402432 404992
21.7252 63.557 0 403968 406528
21.7571 63.871 0 404992 408064
21.7886 64.122 0 406528 409600
21.8212 64.395 0 408064 411136
21.8527 64.373 0 409600 411136
21.8869 64.692 0 411136 412672
21.9191 64.731 0 412672 413696
21.9546 65.074 0 413696 415232
21.9893 65.421 0 415232 416768
22.024 65.747 0 416768 418304
22.0595 66.031 0 418304 419840
22.0966 66.331 0 419840 420864
22.1318 66.522 0 420864 422400
22.1693 66.772 0 422400 423936
22.2065 67.044 0 423936 425472
22.2446 67.285 0 425472 427008
22.2837 67.55 0 427008 428544
22.3235 67.786 0 428544 429568
22.3635 68.071 0 429568 431104
22.4042 68.347 0 431104 432640
22.4459 68.592 0 432640 434176
22.4882 68.836 0 434176 435712
22.5313 68.863 0 435712 437248
22.5754 69.149 0 437248 438272
22.6198 69.306 0 438272 439808
22.6666 69.576 0 439808 441344
22.7128 69.815 0 441344 442880
22.7614 70.055 0 442880 444416
22.8096 70.295 0 444416 445952
22.8594 70.535 0 445952 446976
22.9109 70.751 0 446976 448512
22.9633 70.972 0 448512 450048
23.0177 71.196 0 450048 451584
23.0731 71.4 0 451584 453120
23.1302 71.635 0 453120 454656
23.1892 71.848 0 454656 455680
23.2489 71.825 0 455680 457216
23.3129 72.095 0 457216 458752
23.3779 72.288 0 458752 460288
23.4396 71.168 0 460288 461824
23.5466 67.58 0 324096 327168
23.5481 61.106 0 325632 327168
23.5966 59.579 0 327168 328192
23.6322 58.381 0 328192 329728
23.6737 57.447 0 329728 331264
23.7054 56.724 0 331264 332800
23.7428 56.169 0 332800 334336
23.7816 55.75 0 334336 334336
23.8358 55.438 0 335872 336896
23.8584 55.141 0 336896 338432
23.8988 54.999 0 338432 339968
23.9266 51.305 0 339968 341504
23.9809 51.978 0 341504 343040
24.0224 52.469 0 343040 344576
24.0661 52.958 0 344576 345600
24.1094 53.373 0 345600 345600
24.1645 53.729 0 347136 348672
24.1996 54.038 0 348672 350208
24.2461 54.309 0 350208 351744
24.2938 54.55 0 351744 353280
24.343 54.766 0 353280 354304
24.3926 54.964 0 354304 355840
24.4239 51.229 0 355840 357376
24.4586 48.144 0 357376 357376
24.5093 45.677 0 358912 358912
24.5646 43.727 0 360448 360448
24.6218 42.191 0 361984 361984
24.6805 41.01 0 363008 363008
24.7417 40.162 0 364544 364544
24.8066 39.796 0 366080 366080
24.877 40.104 0 367616 367616
24.9586 42.368 0 369152 369152
25.0512 46.511 0 370688 370688
25.1487 51.869 0 371712 371712
25.2205 54.616 0 373248 373248
25.3659 57.68 0 261632 264704
25.4009 60.202 0 263168 264704
25.427 62.268 0 264704 266240
25.4719 64.018 0 266240 267776
25.5088 58.64 0 267776 269312
25.5554 61.259 0 269312 270336
25.5809 56.505 0 270336 271872
25.6448 59.719 0 271872 273408
25.6911 62.387 0 273408 274944
25.7623 64.545 0 274944 276480
25.7829 65.67 0 276480 278016
25.8223 64.528 0 278016 279040
25.8564 58.472 0 279040 280576
25.9098 58.961 0 280576 282112
25.963 59.401 0 282112 283648
26.0174 59.849 0 283648 285184
26.0734 60.256 0 285184 286208
26.1308 60.725 0 286208 287744
26.1932 61.197 0 287744 287744
26.2564 61.598 0 289280 290816
26.3199 62.015 0 290816 290816
26.3839 62.421 0 292352 293888
26.4482 62.842 0 293888 293888
26.5185 63.251 0 294912 294912
26.592 63.626 0 296448 296448
26.6684 63.998 0 297984 297984
26.7754 64.464 0 299520 299520
26.8418 64.861 0 301056 301056
26.9241 65.274 0 302592 302592
27.0429 65.701 0 303616 303616
27.1217 66.163 0 305152 305152
27.2468 66.605 0 306688 306688
27.3502 67.054 0 308224 308224
27.4814 67.534 0 309760 309760
27.6282 68.061 0 311296 311296
27.8049 68.628 0 312320 312320
28.0195 69.273 0 313856 313856
28.2447 70.006 0 315392 315392
28.5967 70.16 0 316928 316928
31.2132 69.009 0 318464 318464
31.6483 68.136 0 320000 320000
31.8957 67.438 0 321024 321024
32.0931 66.928 0 322560 322560
32.2785 66.543 0 324096 324096
32.4083 66.236 0 325632 325632
32.5386 66.062 0 327168 327168
32.6693 65.947 0 328192 328192
32.7633 65.879 0 329728 329728
32.8662 65.873 0 331264 331264
32.9591 65.867 0 332800 332800
33.064 65.911 0 334336 334336
33.1328 65.995 0 335872 335872
33.2132 66.085 0 336896 336896
33.2895 66.182 0 338432 338432
33.3623 66.283 0 339968 339968
33.4324 66.412 0 341504 341504
33.5002 66.564 0 343040 344576
33.5652 66.733 0 344576 345600
33.6279 66.868 0 345600 347136
33.6892 67.024 0 347136 348672
33.7472 67.101 0 348672 350208
33.8049 67.283 0 350208 351744
33.8465 62.838 0 351744 353280
33.9143 63.945 0 353280 354304
33.9669 64.878 0 354304 355840
34.0179 65.649 0 355840 357376
34.0527 61.699 0 357376 358912
34.1171 63.178 0 358912 360448
34.1645 64.384 0 360448 361984
34.2146 65.398 0 361984 363008
34.2572 66.233 0 363008 364544
34.302 66.949 0 364544 366080
34.3313 62.955 0 366080 367616
34.3887 64.423 0 367616 369152
34.4312 65.621 0 369152 370688
34.4957 66.603 0 370688 371712
34.513 67.365 0 371712 373248
34.5666 68.071 0 373248 374784
34.5929 68.684 0 374784 376320
34.6378 69.198 0 376320 377856
34.6697 69.681 0 377856 378880
34.7094 70.068 0 378880 380416
34.7441 70.425 0 380416 383488
34.7815 70.759 0 381952 383488
34.8164 71.099 0 383488 386560
34.854 71.37 0 385024 386560
34.8869 71.659 0 386560 389120
34.9268 71.891 0 387584 389120
34.9547 72.076 0 389120 392192
34.9999 72.272 0 390656 392192
35.0211 72.357 0 392192 395264
35.1799 68.339 0 278016 280576
35.1846 65.173 0 279040 282112
35.2199 62.665 0 280576 282112
35.2338 60.489 0 282112 283648
35.273 59.014 0 283648 285184
35.3022 57.905 0 285184 286208
35.3397 57.114 0 286208 287744
35.3575 51.868 0 287744 289280
35.3942 52.356 0 289280 290816
35.4123 48.133 0 290816 292352
35.4494 49.489 0 292352 293888
35.4677 45.936 0 293888 294912
35.5051 47.851 0 294912 296448
35.5235 44.721 0 296448 297984
35.5614 46.976 0 297984 299520
35.604 48.828 0 299520 301056
35.6182 50.381 0 301056 302592
35.6611 51.672 0 302592 303616
35.6754 52.729 0 303616 305152
35.7189 53.646 0 305152 306688
35.7331 54.404 0 306688 308224
35.7768 55.083 0 308224 309760
35.7912 55.649 0 309760 311296
35.8357 56.175 0 311296 312320
35.85 56.643 0 312320 313856
35.8947 57.09 0 313856 315392
35.9095 57.472 0 315392 316928
35.9545 57.873 0 316928 318464
35.9733 58.194 0 318464 320000
36.0146 58.547 0 320000 321024
36.0393 58.854 0 321024 322560
36.0755 59.147 0 322560 324096
36.1068 59.43 0 324096 325632
36.1415 59.728 0 325632 327168
36.1959 59.99 0 327168 328192
36.2119 60.273 0 328192 329728
36.2575 60.522 0 329728 331264
36.2766 60.794 0 331264 332800
36.3227 61.084 0 332800 334336
36.3573 56.461 0 334336 335872
36.3975 57.713 0 335872 336896
36.4204 53.837 0 336896 338432
36.4677 55.71 0 338432 339968
36.5162 57.281 0 339968 341504
36.5725 58.562 0 341504 343040
36.5962 59.586 0 343040 344576
36.6419 60.55 0 344576 345600
36.6763 56.395 0 345600 347136
36.7262 58.093 0 347136 348672
36.7732 59.451 0 348672 350208
36.8317 60.61 0 350208 351744
36.8575 61.61 0 351744 353280
36.914 62.457 0 353280 354304
36.9384 58.185 0 354304 355840
36.9902 59.813 0 355840 355840
37.0569 61.164 0 357376 358912
37.1178 62.317 0 358912 360448
37.1715 63.263 0 360448 361984
37.1918 64.093 0 361984 361984
37.2596 64.804 0 363008 363008
37.3275 65.421 0 364544 364544
37.3959 65.987 0 366080 366080
37.4646 66.488 0 367616 369152
37.5327 66.936 0 369152 370688
37.5831 67.367 0 370688 370688
37.6524 67.736 0 371712 371712
37.722 68.103 0 373248 373248
37.7919 68.445 0 374784 374784
37.8622 68.767 0 376320 376320
37.9327 69.096 0 377856 377856
38.0033 69.384 0 378880 378880
38.0755 69.686 0 380416 380416
38.1703 69.975 0 381952 381952
38.2771 70.255 0 383488 383488
38.3812 70.551 0 385024 385024
38.4998 70.836 0 386560 386560
38.6362 71.112 0 387584 387584
38.7808 71.405 0 389120 389120
38.9432 71.663 0 390656 390656
39.1446 71.942 0 392192 392192
39.3888 72.213 0 393728 393728
39.7343 70.267 0 395264 395264
42.3754 62.798 0 396288 396288
42.7148 56.847 0 397824 397824
42.976 52.11 0 399360 399360
43.1733 48.345 0 400896 400896
43.3398 45.357 0 402432 402432
43.4855 42.99 0 403968 403968
43.6157 41.121 0 404992 404992
43.7342 39.65 0 406528 406528
43.8431 38.497 0 408064 408064
43.9442 37.598 0 409600 409600
44.0389 36.904 0 411136 411136
44.1281 36.372 0 412672 412672
44.2122 35.971 0 413696 413696
44.2922 35.674 0 415232 415232
44.3686 35.46 0 416768 416768
44.4417 35.313 0 418304 418304
44.5119 35.22 0 419840 419840
44.5792 35.169 0 420864 420864
44.6441 35.152 0 422400 422400
44.7068 35.163 0 423936 423936
44.7673 35.196 0 425472 425472
44.8262 35.246 0 427008 427008
44.8832 35.31 0 428544 428544
44.9384 35.386 0 429568 429568
44.9925 35.47 0 431104 431104
45.0449 35.561 0 432640 432640
45.0961 35.659 0 434176 434176
45.1458 35.76 0 435712 435712
45.1946 35.866 0 437248 437248
45.2422 35.974 0 438272 438272
45.2888 36.085 0 439808 439808
45.3345 36.198 0 441344 441344
45.3792 36.312 0 442880 442880
45.4229 36.427 0 444416 444416
45.4659 36.544 0 445952 445952
45.508 36.661 0 446976 446976
45.5493 36.778 0 448512 448512
45.59 36.897 0 450048 450048
45.6298 37.015 0 451584 451584
45.669 37.134 0 453120 453120
45.7077 37.253 0 454656 454656
45.7457 37.372 0 455680 457216
45.7832 37.492 0 457216 458752
45.8199 37.612 0 458752 460288
45.8562 37.731 0 460288 461824
45.8918 37.851 0 461824 463360
45.9271 37.971 0 463360 464384
45.962 38.091 0 464384 465920
45.9961 38.211 0 465920 467456
46.03 38.331 0 467456 468992
46.0634 38.451 0 468992 470528
46.0963 38.571 0 470528 471552
46.1287 38.691 0 471552 473088
46.1607 38.811 0 473088 474624
46.1924 38.932 0 474624 476160
46.2239 39.052 0 476160 477696
46.2549 39.172 0 477696 479232
46.2854 39.292 0 479232 480256
46.3157 39.412 0 480256 481792
46.3455 39.532 0 481792 483328
46.3753 39.652 0 483328 484864
46.4044 39.772 0 484864 486400
46.4335 39.893 0 486400 487936
46.4621 40.013 0 487936 488960
46.4904 40.133 0 488960 490496
46.5185 40.253 0 490496 492032
46.5464 40.373 0 492032 493568
46.5738 40.493 0 493568 495104
46.6012 40.614 0 495104 496640
46.6281 40.734 0 496640 497664
46.6548 40.854 0 497664 499200
46.6815 40.974 0 499200 500736
46.7077 41.094 0 500736 502272
46.7336 41.214 0 502272 503808
46.7596 41.335 0 503808 505344
46.7851 41.455 0 505344 506368
46.8105 41.575 0 506368 507904
46.8355 41.695 0 507904 509440
46.8605 41.815 0 509440 510976
46.8853 41.935 0 510976 512512
46.9098 42.056 0 512512 513536
46.9341 42.176 0 513536 515072
46.9581 42.296 0 515072 516608
46.9821 42.416 0 516608 518144
47.0057 42.536 0 518144 519680
47.0292 42.656 0 519680 521216
47.0528 42.776 0 521216 522240
47.0758 42.897 0 522240 523776
47.0989 43.017 0 523776 525312
47.1218 43.137 0 525312 526848
47.1443 43.257 0 526848 528384
47.1669 43.377 0 528384 529920
47.1893 43.497 0 529920 530944
47.2114 43.618 0 530944 534016
47.2335 43.738 0 532480 535552
47.2554 43.858 0 534016 537088
47.2772 43.978 0 535552 538624
47.2989 44.098 0 537088 539648
47.3203 44.218 0 538624 541184
47.3416 44.339 0 539648 542720
47.3628 44.459 0 541184 544256
47.3837 44.579 0 542720 545792
47.4046 44.699 0 544256 547328
47.4255 44.819 0 545792 548352
47.4459 44.939 0 547328 549888
47.4666 45.06 0 548352 551424
47.487 45.18 0 549888 552960
47.5072 45.3 0 551424 554496
47.5274 45.42 0 552960 556032
47.5474 45.54 0 554496 557056
47.5673 45.66 0 556032 558592
47.587 45.78 0 557056 560128
47.6067 45.901 0 558592 561664
47.6262 46.021 0 560128 563200
47.6456 46.141 0 561664 564224
47.6649 46.261 0 563200 565760
47.6841 46.381 0 564224 567296
47.7031 46.501 0 565760 568832
47.7223 46.622 0 567296 570368
47.7411 46.742 0 568832 571904
47.7598 46.862 0 570368 572928
47.7785 46.982 0 571904 574464
47.797 47.102 0 572928 576000
47.8156 47.222 0 574464 577536
47.8341 47.343 0 576000 579072
47.8523 47.463 0 577536 580608
47.8706 47.583 0 579072 581632
47.8886 47.703 0 580608 581632
47.9066 47.823 0 581632 583168
47.942 47.943 0 583168 586240
47.9597 48.064 0 584704 587776
47.9775 48.184 0 586240 589312
48.0011 48.304 0 587776 590336
48.0258 48.424 0 589312 591872
48.047 48.544 0 590336 593408
48.0643 48.664 0 591872 594944
48.0813 48.784 0 593408 596480
48.0984 48.905 0 594944 598016
48.1152 49.025 0 596480 599040
48.1323 49.145 0 598016 600576
48.1491 49.265 0 599040 603648
48.1659 49.385 0 600576 605184
48.1825 49.505 0 602112 606208
48.1991 49.626 0 603648 607744
48.2157 49.746 0 605184 609280
48.2319 49.842 0 606208 610816
48.2483 49.943 0 607744 612352
48.2646 50.048 0 609280 613888
48.3386 47.175 0 429568 432640
48.339 44.902 0 431104 432640
48.3709 43.107 0 432640 434176
48.3914 41.695 0 434176 435712
48.4099 40.59 0 435712 437248
48.4284 39.729 0 437248 438272
48.4471 39.065 0 438272 439808
48.4659 38.558 0 439808 441344
48.4848 38.176 0 441344 442880
48.5038 37.894 0 442880 444416
48.5228 37.693 0 444416 445952
48.542 37.556 0 445952 446976
48.5613 37.471 0 446976 448512
48.5807 37.426 0 448512 450048
48.6004 37.415 0 450048 451584
48.6199 37.43 0 451584 453120
48.6399 37.466 0 453120 454656
48.6596 37.519 0 454656 455680
48.6797 37.585 0 455680 457216
48.6997 37.662 0 457216 458752
48.7201 37.748 0 458752 460288
48.7403 37.84 0 460288 461824
48.761 37.938 0 461824 463360
48.7816 38.041 0 463360 464384
48.8023 38.147 0 464384 465920
48.8232 38.256 0 465920 467456
48.8432 38.367 0 467456 468992
48.8655 38.48 0 468992 470528
48.8867 38.594 0 470528 471552
48.908 38.71 0 471552 473088
48.9297 38.826 0 473088 474624
48.9515 38.943 0 474624 476160
48.9734 39.061 0 476160 477696
48.9955 39.179 0 477696 479232
49.0176 39.298 0 479232 480256
49.04 39.417 0 480256 481792
49.0619 39.536 0 481792 483328
49.0852 39.655 0 483328 484864
49.108 39.775 0 484864 486400
49.1311 39.895 0 486400 487936
49.1544 40.014 0 487936 488960
49.1777 40.134 0 488960 490496
49.2012 40.254 0 490496 492032
49.225 40.374 0 492032 493568
49.2457 40.494 0 493568 495104
49.2729 40.614 0 495104 496640
49.2974 40.734 0 496640 497664
49.3219 40.854 0 497664 499200
49.3464 40.974 0 499200 500736
49.3707 41.094 0 500736 502272
49.3966 41.215 0 502272 503808
49.4219 41.335 0 503808 505344
49.4473 41.455 0 505344 506368
49.4733 41.575 0 506368 507904
49.4973 41.695 0 507904 509440
49.5254 41.815 0 509440 510976
49.5521 41.935 0 510976 512512
49.5788 42.056 0 512512 513536
49.604 42.176 0 513536 515072
49.6331 42.296 0 515072 516608
49.6605 42.416 0 516608 518144
49.6884 42.536 0 518144 519680
49.7122 42.656 0 519680 521216
49.7448 42.776 0 521216 522240
49.7734 42.897 0 522240 523776
49.7994 43.017 0 523776 525312
49.8318 43.137 0 525312 526848
49.8614 43.257 0 526848 528384
49.8874 43.377 0 528384 529920
49.9215 43.497 0 529920 530944
