10.2929 37.489 56.2375 0 263168
10.318 41.503 51.0776 0 264704
10.3231 44.737 47.6441 0 266240
10.3281 47.301 45.3064 0 267776
10.3334 49.52 43.5102 0 269312
10.3372 51.32 42.2098 0 270336
10.3411 52.783 41.2593 0 271872
10.3449 53.978 40.5605 0 273408
10.3489 54.982 40.0306 0 274944
10.3532 51.724 42.776 0 276480
10.3781 53.107 41.8801 0 278016
10.383 54.237 41.2212 0 279040
10.388 55.165 40.7377 0 280576
10.3932 56.004 40.3343 0 282112
10.3973 56.771 39.9934 0 283648
10.4012 57.409 39.7507 0 285184
10.4049 57.919 39.6007 0 286208
10.4087 58.351 39.506 0 287744
10.4125 58.625 39.519 0 289280
10.4376 58.94 39.5043 0 290816
10.4425 59.216 39.5158 0 292352
10.4473 59.46 39.5485 0 293888
10.4522 59.632 39.6287 0 294912
10.4573 59.914 39.6355 0 296448
10.4609 60.163 39.664 0 297984
10.4647 60.387 39.7087 0 299520
10.4683 60.566 39.7826 0 301056
10.4723 60.781 39.8324 0 302592
10.476 60.857 39.9731 0 303616
10.5009 60.966 40.0916 0 305152
10.5057 61.077 40.2084 0 306688
10.5104 61.19 40.3235 0 308224
10.5153 61.256 40.4691 0 309760
10.5203 61.429 40.5437 0 311296
10.5241 61.64 40.5929 0 312320
10.5277 61.809 40.6693 0 313856
10.5315 61.991 40.7368 0 315392
10.5352 62.138 40.8268 0 316928
10.5391 62.327 40.8889 0 318464
10.5433 58.369 43.86 0 320000
10.5682 59.264 43.3931 0 321024
10.5729 60.028 43.0338 0 322560
10.5774 60.639 42.7912 0 324096
10.5826 61.2 42.5882 0 325632
10.5871 61.745 42.3999 0 327168
10.5907 62.205 42.2726 0 328192
10.5944 62.597 42.1929 0 329728
10.598 62.934 42.1511 0 331264
10.6017 63.181 42.1696 0 332800
10.6056 63.45 42.1734 0 334336
10.6098 59.555 45.1262 0 335872
10.6345 60.501 44.612 0 336896
10.6391 61.306 44.2152 0 338432
10.6437 61.974 43.9255 0 339968
10.6485 62.508 43.7356 0 341504
10.6531 63.08 43.5226 0 343040
10.6569 63.561 43.3755 0 344576
10.6605 63.97 43.2793 0 345600
10.6641 64.322 43.2225 0 347136
10.6677 64.627 43.1978 0 348672
10.6717 64.919 43.1819 0 350208
10.6753 65.081 43.2524 0 351744
10.7003 65.282 43.2967 0 353280
10.7047 65.467 43.3513 0 354304
10.7091 65.615 43.4301 0 355840
10.7137 65.758 43.5118 0 357376
10.7186 65.944 43.5647 0 358912
10.723 66.189 43.5785 0 360448
10.7264 66.385 43.6243 0 361984
10.7299 66.542 43.6955 0 363008
10.7335 66.715 43.7558 0 364544
10.7371 66.878 43.8224 0 366080
10.741 67.032 43.8945 0 367616
10.7447 67.108 44.0174 0 369152
10.7693 67.216 44.119 0 370688
10.7737 67.255 44.2657 0 371712
10.7782 67.358 44.37 0 373248
10.7828 67.488 44.4561 0 374784
10.7874 67.593 44.5585 0 376320
10.7919 67.748 44.6275 0 377856
10.7958 67.993 44.6371 0 378880
10.7994 68.237 44.6472 0 380416
10.8029 68.456 44.6736 0 381952
10.8064 68.631 44.7285 0 383488
10.8097 68.699 44.8528 0 385024
10.8136 68.85 44.9227 0 386560
10.8175 64.933 47.811 0 387584
10.8423 65.861 47.3132 0 389120
10.8466 66.579 46.977 0 390656
10.8511 67.178 46.7305 0 392192
10.8555 67.704 46.5386 0 393728
10.8599 68.102 46.4367 0 395264
10.8645 68.516 46.3252 0 396288
10.8684 68.968 46.1895 0 397824
10.8717 69.353 46.1002 0 399360
10.8752 69.661 46.0626 0 400896
10.8787 69.956 46.034 0 402432
10.8821 70.167 46.0606 0 403968
10.8858 70.385 45.918 2 404992
10.8894 70.463 46.0315 24 406528
10.9134 70.453 45.8736 44 408064
10.9177 70.445 45.8789 65 409600
10.9221 70.487 45.6872 85 411136
10.9265 70.544 45.6503 106 412672
10.9306 70.566 45.636 127 413696
10.9352 70.632 45.5934 148 415232
10.9391 70.732 45.5289 169 416768
10.9424 70.788 45.4929 190 418304
10.9459 70.882 45.4326 211 419840
10.9492 70.98 45.3699 232 420864
10.9523 71.011 45.35 253 422400
10.9558 71.012 45.3494 274 423936
10.9596 71.108 45.614 280 425472
11.1182 67.533 36.8792 0 311296
11.1536 64.72 38.6611 0 312320
11.1716 62.47 40.239 0 313856
11.2079 60.743 41.5737 0 315392
11.2261 59.408 42.7029 0 316928
11.2589 58.389 43.6466 0 318464
11.2751 57.646 44.4101 0 320000
11.3065 57.051 45.0763 0 321024
11.3246 56.671 45.583 0 322560
11.3555 56.392 46.0139 0 324096
11.3746 56.24 46.3442 0 325632
11.3932 53.283 49.1336 0 327168
11.4246 53.825 48.854 0 328192
11.4434 54.331 48.6122 0 329728
11.48 54.76 48.443 0 331264
11.4944 55.199 48.2675 0 332800
11.5313 55.55 48.1711 0 334336
11.5459 55.903 48.0741 0 335872
11.581 56.186 48.0382 0 336896
11.6041 56.508 47.9694 0 338432
11.6231 53.882 50.5223 0 339968
11.6561 54.761 49.9228 0 341504
11.676 55.512 49.4561 0 343040
11.7154 56.161 49.0909 0 344576
11.7353 56.729 48.8035 0 345600
11.7746 57.231 48.5779 0 347136
11.7887 57.68 48.4006 0 348672
11.827 58.088 48.26 0 350208
11.849 58.462 48.1494 0 351744
11.8878 58.834 48.0419 0 353280
11.9095 59.155 47.977 0 354304
11.9488 59.46 47.9257 0 355840
11.9707 59.728 47.9046 0 357376
12.0095 59.991 47.8877 0 358912
12.0257 60.273 47.8559 0 360448
12.0642 60.547 47.8306 0 361984
12.0877 60.814 47.8111 0 363008
12.1268 61.075 47.7964 0 364544
12.1505 61.333 47.7843 0 366080
12.1898 61.587 47.7753 0 367616
12.2134 61.838 47.7687 0 369152
12.2532 62.087 47.7637 0 370688
12.2772 62.31 47.7787 0 371712
12.3169 62.537 47.7905 0 373248
12.3412 62.767 47.7999 0 374784
12.381 62.998 47.8085 0 376320
12.4064 63.232 47.8148 0 377856
12.4459 63.466 47.821 0 378880
12.479 63.726 47.8077 0 380416
12.5161 63.958 47.8154 0 381952
12.553 61.236 50.13 0 383488
12.5918 62.062 49.6494 0 385024
12.6187 59.791 51.729 0 386560
12.6684 61.002 50.892 0 387584
12.71 62.019 50.2442 0 389120
12.7509 62.881 49.7397 0 390656
12.7926 63.594 49.3642 0 392192
12.8353 64.237 49.0504 0 393728
12.8693 64.824 48.7849 0 395264
12.9225 65.341 48.5762 0 396288
12.9533 62.798 50.7277 0 397824
13.0049 63.793 50.1181 0 399360
13.0598 64.636 49.6437 0 400896
13.108 65.359 49.2717 0 402432
13.1421 65.985 48.9799 0 403968
13.2069 66.534 48.7498 0 404992
13.2547 67.046 48.5503 0 406528
13.3116 67.479 48.4104 0 408064
13.3501 67.874 48.2994 0 409600
13.4202 68.237 48.2122 0 411136
13.4781 68.6 48.1259 0 412672
13.5352 68.939 48.0573 0 413696
13.5978 69.21 48.0365 0 415232
13.6322 69.523 47.9869 0 416768
13.7032 69.797 47.9645 0 418304
13.7748 70.088 47.9306 0 419840
13.8464 70.346 47.9195 0 420864
13.9181 70.623 47.8956 0 422400
13.9901 70.87 47.8921 0 423936
14.0627 71.139 47.8738 0 425472
14.1353 71.378 47.8758 0 427008
14.208 71.642 47.8611 0 428544
14.2809 71.877 47.8658 0 429568
14.3632 72.137 47.8538 0 431104
14.465 72.369 47.7004 296 432640
14.655 70.488 34.5114 0 303616
14.6713 68.959 35.4446 0 305152
14.7087 67.808 36.2171 0 306688
14.7457 66.911 36.8757 0 308224
14.7935 66.218 37.4366 0 309760
14.8573 65.711 37.9017 0 311296
14.9019 65.33 38.3001 0 312320
14.9383 65.049 38.6436 0 313856
14.9858 64.896 38.9132 0 315392
15.0116 61.529 41.2309 0 316928
15.0677 62.105 41.035 0 318464
15.1153 62.589 40.9028 0 320000
15.1575 63.024 40.8043 0 321024
15.1976 63.397 40.7469 0 322560
15.2495 63.718 40.7234 0 324096
15.2972 63.928 40.7709 0 325632
15.3286 64.216 40.7684 0 327168
15.3943 64.47 40.7875 0 328192
15.4474 64.697 40.8234 0 329728
15.4964 63.557 41.7379 0 331264
15.5265 64.015 41.6202 0 332800
15.5927 64.43 41.532 0 334336
15.6593 64.809 41.4678 0 335872
15.7251 65.137 41.4368 0 336896
15.7744 65.423 41.4328 0 338432
15.8412 65.676 41.4495 0 339968
15.9082 65.903 41.4825 0 341504
15.9755 66.132 41.5141 0 343040
16.0427 66.339 41.5591 0 344576
16.11 66.505 41.6296 0 345600
16.1775 66.662 41.7053 0 347136
16.245 66.811 41.7857 0 348672
16.3126 66.955 41.8688 0 350208
16.3806 67.118 41.9397 0 351744
16.4539 67.248 42.0309 0 353280
16.5575 67.377 42.1224 0 354304
16.6497 67.503 42.2154 0 355840
16.7617 67.653 42.293 0 357376
16.8774 67.796 42.3747 0 358912
17.0073 67.911 42.4735 0 360448
17.1533 68.051 42.5563 0 361984
17.3196 68.187 42.6413 0 363008
17.5176 68.32 42.7279 0 364544
17.7643 68.426 42.831 0 366080
18.1177 68.559 42.9168 0 367616
20.6405 65.686 31.391 0 257536
20.6416 59.71 34.7268 0 259072
20.6723 58.751 35.4908 0 260608
20.6969 54.234 38.6603 0 261632
20.725 54.49 38.6913 0 263168
20.7512 54.671 38.7751 0 264704
20.7802 54.935 38.7996 0 266240
20.8052 55.171 38.8436 0 267776
20.8325 54.591 39.4685 0 269312
20.8604 55.064 39.3398 0 270336
20.888 55.442 39.2805 0 271872
20.9164 55.841 39.2073 0 273408
20.945 56.16 39.1909 0 274944
20.9735 56.535 39.1358 0 276480
21.0027 56.932 39.0664 0 278016
21.0321 57.297 39.0197 0 279040
21.0617 57.637 38.9905 0 280576
21.0916 57.981 38.959 0 282112
21.1217 58.305 38.9412 0 283648
21.1525 58.66 38.903 0 285184
21.1839 58.992 38.8804 0 286208
21.2149 59.305 38.8705 0 287744
21.2466 59.58 38.8855 0 289280
21.2783 59.848 38.905 0 290816
21.314 60.135 38.9119 0 292352
21.3438 60.436 38.9098 0 293888
21.3772 60.749 38.9 0 294912
21.4066 57.011 41.6537 0 296448
21.4453 58.129 41.0519 0 297984
21.4697 54.986 43.6091 0 299520
21.5147 56.606 42.5657 0 301056
21.5332 53.84 44.9676 0 302592
21.5864 55.809 43.5887 0 303616
21.6228 57.432 42.5586 0 305152
21.6601 58.803 41.7633 0 306688
21.698 59.971 41.1431 0 308224
21.7479 60.954 40.6696 0 309760
21.7752 61.813 40.2918 0 311296
21.8146 62.523 40.0196 0 312320
21.8552 63.116 39.8271 0 313856
21.896 63.71 39.6376 0 315392
21.9245 60.052 42.245 0 316928
21.9803 61.404 41.5035 0 318464
22.0199 61.571 41.5791 0 320000
22.0803 62.739 40.9896 0 321024
22.1128 63.745 40.5245 0 322560
22.1603 64.55 40.1985 0 324096
22.1945 60.964 42.7531 0 325632
22.2534 62.422 41.9401 0 327168
22.3023 63.659 41.3071 0 328192
22.354 64.77 40.7774 0 329728
22.4016 61.381 43.2175 0 331264
22.4571 63.019 42.278 0 332800
22.5113 64.378 41.5655 0 334336
22.5671 65.537 41.0072 0 335872
22.6341 66.56 40.551 0 336896
22.7048 67.403 40.2157 0 338432
22.7445 68.125 39.9595 0 339968
22.8075 68.751 39.7641 0 341504
22.8728 69.324 39.6026 0 343040
22.9405 69.806 39.4951 0 344576
23.0107 70.288 39.389 0 345600
23.0843 70.722 39.3111 0 347136
23.1606 71.092 39.2695 0 348672
23.2412 71.485 39.2156 0 350208
23.3258 71.848 39.1787 0 351744
23.4282 72.138 39.0212 241 353280
24.9833 67.419 20.4467 0 172032
24.984 63.644 21.8415 0 173568
24.9845 60.576 23.1389 0 175104
24.9852 58.121 24.3156 0 176640
24.9858 56.134 25.3827 0 177664
24.9864 48.656 29.5219 0 179200
24.9872 42.698 33.9126 0 180736
24.9879 38.003 38.4071 0 182272
24.9887 34.344 42.8362 0 183808
24.9894 31.464 47.1253 0 185344
24.9902 29.209 51.1601 0 186368
24.9909 27.476 54.8086 0 187904
24.9916 26.162 58.0041 0 189440
24.9923 25.16 60.7746 0 190976
24.9931 24.405 63.1294 0 192512
24.9938 23.874 65.0187 0 193536
24.9945 23.521 66.487 0 195072
24.9952 23.263 67.7223 0 196608
24.9959 23.128 68.6185 0 198144
24.9967 23.092 69.2271 0 199680
25.0266 28.976 55.5693 0 201216
25.0272 33.683 48.1477 0 202240
25.0277 37.424 43.6443 0 203776
25.0283 40.465 40.6506 0 205312
25.0289 42.946 38.572 0 206848
25.0293 44.931 37.1257 0 208384
25.0298 46.519 36.1074 0 209920
25.0305 47.861 35.337 0 210944
25.031 48.911 34.8152 0 212480
25.0315 49.775 34.4436 0 214016
25.0322 50.49 34.1853 0 215552
25.0327 51.086 34.0132 0 217088
25.0332 51.587 33.9075 0 218624
25.0338 51.988 33.8687 0 219648
25.0344 52.356 33.8519 0 221184
25.0351 52.675 33.8668 0 222720
25.0356 52.931 33.9219 0 224256
25.0361 53.135 34.0097 0 225792
25.0368 53.37 34.077 0 227328
25.0373 53.534 34.189 0 228352
25.038 53.738 34.2747 0 229888
25.0385 53.877 34.4013 0 231424
25.0391 54.036 34.5145 0 232960
25.0397 54.187 34.6321 0 234496
25.0402 54.308 34.7682 0 235520
25.0409 54.453 34.8884 0 237056
25.0414 54.569 35.0265 0 238592
25.0421 54.71 35.1479 0 240128
25.0426 54.823 35.2868 0 241664
25.0433 54.937 35.4244 0 243200
25.0438 55.004 35.5919 0 244224
25.0445 55.082 35.7518 0 245760
25.045 55.144 35.9217 0 247296
25.0457 55.218 36.0833 0 248832
25.0462 55.253 36.2701 0 250368
25.0468 55.305 36.4455 0 251904
25.0474 55.371 36.6112 0 252928
25.048 55.423 36.7859 0 254464
25.0486 55.465 36.9669 0 256000
25.0492 55.523 37.1369 0 257536
25.0498 55.593 37.2985 0 259072
25.0505 55.673 37.453 0 260608
25.0511 55.738 37.6171 0 261632
25.0518 55.837 37.7579 0 263168
25.0524 55.94 37.8955 0 264704
25.0531 56.047 38.0298 0 266240
25.0539 50.341 42.5705 0 267776
25.0543 45.752 47.0935 0 269312
25.0551 42.153 51.3892 0 270336
25.0558 39.346 55.3498 0 271872
25.0563 37.124 58.9747 0 273408
25.057 35.371 62.225 0 274944
25.0577 34.04 64.9984 0 276480
25.0582 33 67.3978 0 278016
25.0589 32.239 69.3481 0 279040
25.0596 31.679 70.9396 0 280576
25.0601 31.231 72.3281 0 282112
25.0608 30.945 73.3709 0 283648
25.0615 30.788 74.1213 0 285184
25.062 30.662 74.8037 0 286208
25.0627 30.61 75.3092 0 287744
25.0635 30.64 75.6136 0 289280
25.0644 30.784 75.6362 0 290816
25.0654 31.02 75.4342 0 292352
25.0664 31.28 75.1775 0 293888
25.0673 31.609 74.7615 0 294912
25.0683 31.944 74.3401 0 296448
25.0692 32.332 73.8063 0 297984
25.0702 32.763 73.1889 0 299520
25.0968 38.346 62.835 0 301056
25.0972 42.789 56.5813 0 302592
25.0977 46.367 52.4649 0 303616
25.0983 49.278 49.6007 0 305152
25.0989 51.606 47.5876 0 306688
25.0994 53.493 46.1255 0 308224
25.0999 55.027 45.0502 0 309760
25.1005 56.254 44.2735 0 311296
25.1011 57.283 43.6804 0 312320
25.1016 58.131 43.2425 0 313856
25.102 58.809 42.9409 0 315392
25.1028 59.4 42.7087 0 316928
25.1032 59.896 42.5484 0 318464
25.1037 60.293 42.4604 0 320000
25.1042 60.611 42.4287 0 321024
25.1048 60.889 42.4253 0 322560
25.1054 61.136 42.4433 0 324096
25.1061 61.405 42.4461 0 325632
25.1066 61.621 42.4853 0 327168
25.1071 61.793 42.5545 0 328192
25.1076 61.955 42.6302 0 329728
25.1083 62.133 42.6945 0 331264
25.1088 62.275 42.7831 0 332800
25.1095 62.461 42.8412 0 334336
25.11 62.609 42.9249 0 335872
25.1104 62.728 43.0282 0 336896
25.111 62.871 43.1146 0 338432
25.1117 62.986 43.2198 0 339968
25.1121 63.101 43.3246 0 341504
25.1129 63.266 43.3947 0 343040
25.1133 63.374 43.5035 0 344576
25.1138 63.484 43.6106 0 345600
25.1145 63.596 43.716 0 347136
25.115 63.71 43.8196 0 348672
25.1157 63.825 43.9221 0 350208
25.1162 63.893 44.0567 0 351744
25.1168 63.995 44.1675 0 353280
25.1174 64.077 44.2917 0 354304
25.1179 64.167 44.4101 0 355840
25.1184 64.215 44.5573 0 357376
25.1191 64.325 44.6612 0 358912
25.1196 64.389 44.7967 0 360448
25.1203 64.512 44.8909 0 361984
25.1205 64.539 44.6926 2 363008
25.121 64.584 44.8408 6 364544
25.1215 64.597 44.6525 8 366080
25.122 64.63 44.8089 12 367616
25.1227 64.682 44.952 16 369152
25.1229 64.698 44.7618 18 370688
25.1237 64.736 44.9145 22 371712
25.1239 64.742 44.7314 24 373248
25.1246 64.771 44.8902 28 374784
25.1249 64.77 44.7121 30 376320
25.1253 64.745 44.5504 32 377856
25.1258 64.749 44.7266 36 378880
25.1263 64.728 44.5621 38 380416
25.1268 64.736 44.7355 42 381952
25.1273 64.718 44.569 44 383488
25.1278 64.703 44.7584 48 385024
25.1282 64.668 44.6035 50 386560
25.1287 64.591 44.836 54 387584
25.1292 64.482 44.7321 56 389120
25.1297 64.346 45.0067 60 390656
25.1302 64.19 44.9356 62 392192
25.1306 64.017 45.238 66 393728
25.1311 63.83 45.189 68 395264
25.1316 63.633 45.511 72 396288
25.1321 63.427 45.4762 74 397824
25.1326 63.214 45.8126 78 399360
25.133 57.877 49.837 80 400896
25.1335 53.607 54.0228 84 402432
25.134 50.215 57.4413 86 403968
25.1345 47.526 60.9351 90 404992
25.135 45.398 63.5362 92 406528
25.1354 43.672 66.3125 96 408064
25.1359 42.316 68.1637 98 409600
25.1366 41.302 70.1177 102 411136
25.1369 40.468 71.2765 104 412672
25.1374 39.824 72.1382 106 413696
25.1378 39.285 72.8331 108 415232
25.1383 38.878 73.2976 110 416768
25.1388 38.576 73.5711 112 418304
25.1393 38.359 73.6853 114 419840
25.1398 38.209 73.6714 116 420864
25.1402 38.065 73.6458 118 422400
25.1407 37.974 73.5172 120 423936
25.1412 37.925 73.3068 122 425472
25.1417 37.91 73.0302 124 427008
25.1422 37.922 72.7017 126 428544
25.1427 37.956 72.3313 128 429568
25.1431 37.959 72.0204 130 431104
25.1436 37.985 71.6662 132 432640
25.1697 43.101 62.8908 134 434176
25.1698 47.145 57.0047 135 435712
25.1699 50.333 52.9339 136 437248
25.17 52.835 49.9887 137 438272
25.1702 54.789 47.783 138 439808
25.1703 56.255 46.126 139 441344
25.1704 57.381 44.8171 140 442880
25.1705 58.233 43.7635 141 444416
25.1706 58.818 42.9343 142 445952
25.1708 59.239 42.2381 143 446976
25.1709 59.527 41.6446 144 448512
25.171 59.71 41.1289 145 450048
25.1712 59.808 40.6742 146 451584
25.1715 59.838 40.2666 147 453120
25.1716 59.814 39.8954 148 454656
25.1717 59.747 39.5524 149 455680
25.1722 59.669 39.7982 153 457216
25.1727 59.631 40.0178 157 458752
25.1732 59.625 40.2162 161 460288
25.1738 59.668 40.1872 164 461824
25.1741 59.654 40.1966 167 463360
25.1746 59.667 40.382 171 464384
25.1751 59.653 40.5857 175 465920
25.1757 59.69 40.5605 178 467456
25.1761 59.72 40.5401 181 468992
25.1765 59.768 40.7014 185 470528
25.177 59.782 40.8856 189 471552
25.1775 59.818 41.0547 193 473088
25.1781 59.894 41.0026 196 474624
25.1785 59.955 40.9609 199 476160
25.1791 60.004 40.9274 202 477696
25.1794 60.043 40.9008 205 479232
25.1799 60.099 41.0555 209 480256
25.1804 60.167 41.2016 213 481792
25.1809 60.245 41.7251 217 483328
25.1813 60.332 41.4729 216 484864
25.1818 60.426 41.6001 217 486400
25.1825 60.549 41.8982 219 487936
25.1828 60.647 41.8305 219 488960
25.1833 60.75 41.9503 220 490496
25.184 60.856 42.4483 223 492032
25.1843 60.989 42.3557 223 493568
25.1847 61.096 42.2815 223 495104
25.1853 61.205 42.774 226 496640
25.1858 61.34 42.6799 226 497664
25.1861 61.449 42.6042 226 499200
25.1866 61.559 43.0926 229 500736
25.1871 61.672 43.2015 230 502272
25.1876 61.786 43.3092 231 503808
25.1881 61.901 43.4159 232 505344
25.1887 62.018 43.5208 233 506368
25.189 62.135 43.6253 234 507904
25.1895 62.252 43.7294 235 509440
25.1901 62.395 44.0004 237 510976
25.1905 62.508 43.9209 237 512512
25.1912 62.623 44.3952 240 513536
25.1914 62.739 44.4977 241 515072
25.1919 62.856 44.2306 240 516608
25.1925 62.974 44.6996 243 518144
25.1929 63.092 44.7996 244 519680
25.1935 63.234 44.699 244 521216
25.1938 63.348 44.9843 246 522240
25.1943 63.464 45.0846 247 523776
25.195 63.58 45.1845 248 525312
25.1953 63.697 45.2834 249 526848
25.1959 63.839 45.1827 249 528384
25.1964 63.952 45.4651 251 529920
25.1968 64.091 45.3665 251 530944
25.1972 64.202 45.2881 251 532480
25.1978 64.338 45.5524 253 534016
25.1982 64.448 45.4747 253 535552
25.1989 64.56 45.5752 254 537088
25.1994 64.721 45.6408 255 538624
25.1996 64.826 45.3882 254 539648
25.2003 64.958 45.6526 256 541184
25.2008 65.112 45.9005 258 542720
25.4196 66.028 61.2288 0 505344
25.4202 66.785 60.7082 0 506368
25.4212 67.463 60.2698 0 507904
25.4262 65.097 62.6383 0 509440
25.458 66.208 61.7622 0 510976
25.4861 67.145 61.0728 0 512512
25.5216 67.919 60.5474 0 513536
25.5373 68.61 60.1065 0 515072
25.558 69.163 59.7934 0 516608
25.5899 69.701 59.498 0 518144
25.6019 70.156 59.2773 0 519680
25.6154 70.544 59.1154 0 521216
25.6323 70.806 59.0603 0 522240
25.6628 71.136 58.9492 0 523776
25.6748 71.424 58.8737 0 525312
25.6864 71.679 58.8258 0 526848
25.7044 71.882 58.8208 0 528384
25.7362 72.093 58.488 83 529920
25.7484 72.262 58.3512 176 530944
25.7598 72.397 58.2424 267 532480
25.7777 72.457 57.8744 358 534016
25.9629 70.198 43.235 0 378880
25.9853 68.438 44.5161 0 380416
26.0175 67.079 45.5907 0 381952
26.0506 66.064 46.4665 0 383488
26.0835 65.275 47.2056 0 385024
26.117 64.669 47.8271 0 386560
26.1706 64.256 48.3147 0 387584
26.1855 63.973 48.7095 0 389120
26.2335 63.747 49.064 0 390656
26.2522 63.59 49.3673 0 392192
26.2982 63.537 49.5908 0 393728
26.3283 63.542 49.7692 0 395264
26.365 63.571 49.9287 0 396288
26.4028 63.666 50.0361 0 397824
26.4411 63.79 50.1205 0 399360
26.469 59.923 53.5482 0 400896
26.5096 60.868 52.9071 0 402432
26.5595 61.671 52.4061 0 403968
26.6193 62.362 52.0112 0 404992
26.6402 62.939 51.7184 0 406528
26.6878 63.473 51.4658 0 408064
26.7271 63.924 51.2839 0 409600
26.7712 64.356 51.1196 0 411136
26.7964 60.641 54.4424 0 412672
26.839 61.779 53.627 0 413696
26.9059 62.784 52.9531 0 415232
26.9567 63.613 52.4451 0 416768
26.9972 60.215 55.597 0 418304
27.0406 61.63 54.5085 0 419840
27.1071 62.882 53.6075 0 420864
27.1579 63.883 52.9488 0 422400
27.2009 60.599 56.0094 0 423936
27.2453 62.13 54.8156 0 425472
27.3143 63.474 53.8375 0 427008
27.3832 64.549 53.1203 0 428544
27.4468 65.506 52.5211 0 429568
27.5037 66.319 52.0519 0 431104
27.5738 67.066 51.6449 0 432640
27.6433 67.663 51.3604 0 434176
27.6631 68.165 51.1521 0 435712
27.7339 68.639 50.9676 0 437248
27.805 69.09 50.8026 0 438272
27.8764 69.547 50.6353 0 439808
27.9484 69.984 50.4847 0 441344
28.0289 70.335 50.3974 0 442880
28.1381 70.735 50.2762 0 444416
28.2136 71.103 50.1789 0 445952
28.3155 71.494 50.0665 0 446976
28.4302 71.854 49.9769 0 448512
28.5398 71.59 50.323 0 450048
28.6684 71.523 50.5321 0 451584
28.8151 71.517 50.6983 0 453120
28.9991 71.609 50.795 0 454656
29.1799 71.778 50.8367 0 455680
29.4332 72.01 50.8338 0 457216
29.7946 71.715 51.2045 0 458752
32.4804 70.445 52.292 0 460288
32.84 69.525 53.1506 0 461824
33.0826 68.886 53.8118 0 463360
33.2805 68.446 54.327 0 464384
33.4476 68.191 54.7 0 465920
33.5938 68.059 54.9763 0 467456
33.7245 68.025 55.1741 0 468992
33.8436 68.07 55.3078 0 470528
33.953 68.202 55.3706 0 471552
34.0546 68.38 55.3958 0 473088
34.1499 68.594 55.3919 0 474624
34.2391 68.838 55.3638 0 476160
34.3271 69.081 55.3368 0 477696
34.4044 69.347 55.2916 0 479232
34.481 69.609 55.2499 0 480256
34.5543 69.89 55.1935 0 481792
34.625 70.187 55.125 0 483328
34.6927 70.496 55.0477 0 484864
34.7584 70.816 54.9625 0 486400
34.8112 68.14 57.291 0 487936
34.8824 69.075 56.6832 0 488960
34.9417 69.872 56.2024 0 490496
34.9986 70.533 55.84 0 492032
35.0443 69.115 56.6504 179 493568
35.1695 63.583 43.7249 0 347136
35.1806 61.296 45.5453 0 348672
35.1817 59.515 47.1029 0 350208
35.2029 58.114 48.4378 0 351744
35.2231 54.998 51.3927 0 353280
35.2461 54.548 52.029 0 354304
35.2678 54.261 52.5177 0 355840
35.2898 54.103 52.8852 0 357376
35.3117 53.976 53.2242 0 358912
35.3304 51.857 55.6225 0 360448
35.3561 52.251 55.4248 0 361984
35.379 52.64 55.2353 0 363008
35.3994 51.388 56.8064 0 364544
35.4246 52.045 56.3119 0 366080
35.4399 50.504 58.2595 0 367616
35.471 51.433 57.4324 0 369152
35.4945 52.129 56.8878 0 370688
35.5104 51.22 58.1235 0 371712
35.5417 52.127 57.3344 0 373248
35.5659 52.924 56.6899 0 374784
35.5897 53.586 56.2057 0 376320
35.6081 52.001 58.1417 0 377856
35.6388 52.944 57.3249 0 378880
35.6634 53.65 56.7864 0 380416
35.6885 54.335 56.2837 0 381952
35.7133 54.931 55.8839 0 383488
35.7385 53.942 57.1233 0 385024
35.7642 54.713 56.53 0 386560
35.7916 55.354 56.0847 0 387584
35.8161 55.938 55.7062 0 389120
35.8392 54.267 57.635 0 390656
35.8688 55.117 56.9564 0 392192
35.8945 55.725 56.5428 0 393728
35.9151 54.914 57.5888 0 395264
35.9495 55.803 56.8789 0 396288
35.9749 55.048 57.8695 0 397824
36.0048 56.006 57.0865 0 399360
36.0325 56.797 56.4954 0 400896
36.0612 57.501 56.0051 0 402432
36.0789 55.926 57.7895 0 403968
36.1186 56.877 57.0269 0 404992
36.14 55.499 58.6516 0 406528
36.1772 56.607 57.7082 0 408064
36.2015 55.355 59.2227 0 409600
36.237 56.588 58.137 0 411136
36.2635 55.46 59.5283 0 412672
36.2982 56.745 58.3844 0 413696
36.3258 55.657 59.7339 0 415232
36.3609 57.022 58.5071 0 416768
36.3887 55.976 59.8073 0 418304
36.4253 57.373 58.553 0 419840
36.4519 56.328 59.8449 0 420864
36.4913 57.727 58.5953 0 422400
36.5156 56.684 59.8778 0 423936
36.5586 58.084 58.634 0 425472
36.5932 59.252 57.6737 0 427008
36.6279 60.211 56.9475 0 428544
36.661 59.608 57.7179 0 429568
36.6993 60.615 56.9501 0 431104
36.7357 61.445 56.3694 0 432640
36.7728 62.157 55.91 0 434176
36.8104 62.775 55.5441 0 435712
36.8507 63.293 55.2726 0 437248
36.8872 63.756 55.0529 0 438272
36.9305 64.174 54.8748 0 439808
36.967 64.461 54.8102 0 441344
37.008 64.858 54.6533 0 442880
37.0385 63.061 56.3944 0 444416
37.0917 63.787 55.9342 0 445952
37.1348 64.415 55.5687 0 446976
37.1835 64.966 55.2757 0 448512
37.2238 65.479 55.0195 0 450048
37.2697 65.913 54.833 0 451584
37.3081 64.169 56.5038 0 453120
37.3639 64.962 55.9924 0 454656
37.413 65.619 55.6083 0 455680
37.4701 66.17 55.3203 0 457216
37.5135 64.543 56.8943 0 458752
37.5669 65.405 56.3216 0 460288
37.621 66.166 55.8489 0 461824
37.6774 66.799 55.493 0 463360
37.734 67.378 55.1881 0 464384
37.802 67.841 54.9822 0 465920
37.8538 68.235 54.8345 0 467456
37.9166 68.647 54.6741 0 468992
37.9816 69 54.5623 0 470528
38.0493 69.355 54.4501 0 471552
38.1196 69.663 54.3756 0 473088
38.1926 69.957 54.3127 0 474624
38.2694 70.24 54.2588 0 476160
38.3493 70.491 54.2299 0 477696
38.4408 70.764 54.1844 0 479232
38.5279 71.006 54.1629 0 480256
38.6178 71.224 54.1597 0 481792
38.7292 71.471 54.1346 0 483328
38.8284 71.668 54.1475 0 484864
38.9472 71.897 54.1361 0 486400
39.0776 72.129 54.1226 0 487936
39.2236 72.339 54.1256 0 488960
39.39 72.53 53.9831 329 490496
39.514 70.281 39.2281 0 344576
39.5144 68.433 40.4567 0 345600
39.5406 67.05 41.464 0 347136
39.5747 65.969 42.319 0 348672
39.6096 65.103 43.0599 0 350208
39.6388 62.921 44.7372 0 351744
39.6807 62.737 45.0531 0 353280
39.7169 62.638 45.3092 0 354304
39.7554 62.559 45.5516 0 355840
39.7911 62.52 45.7653 0 357376
39.8339 62.512 45.9565 0 358912
39.8679 62.53 46.1285 0 360448
39.9067 62.569 46.2849 0 361984
39.9471 62.624 46.4292 0 363008
