0.0 36200
0.101273 39096
0.104015 41992
0.106757 44888
0.109499 47784
0.112241 50680
0.114447 53576
0.116211 56472
0.120771 59368
0.122241 62264
0.123712 65160
0.125183 68056
0.126653 70952
0.128026 73848
0.129301 76744
0.130559 79640
0.131798 82536
0.133038 85432
0.134242 88328
0.135446 91224
0.13665 94120
0.137799 97016
0.138948 99912
0.140097 102808
0.14122 105704
0.142231 108600
0.143188 111496
0.144092 114392
0.144914 117288
0.145736 120184
0.146489 123080
0.147241 125976
0.14793 128872
0.148619 131768
0.149309 134664
0.149973 137560
0.150612 140456
0.151249 143352
0.151882 146248
0.152493 149144
0.153081 152040
0.153666 154936
0.154248 157832
0.15483 160728
0.155373 163624
0.155916 166520
0.156451 169416
0.156986 172312
0.157499 175208
0.158011 178104
0.158507 181000
0.158987 183896
0.159467 186792
0.159947 189688
0.160428 192584
0.160908 195480
0.161388 198376
0.161868 201272
0.162348 204168
0.162829 207064
0.163309 209960
0.163777 212856
0.164233 215752
0.164684 218648
0.165128 221544
0.165561 224440
0.165981 227336
0.166401 230232
0.166821 233128
0.167222 236024
0.167623 238920
0.168024 241816
0.168425 244712
0.16882 247608
0.169207 250504
0.169587 253400
0.169958 256296
0.17032 259192
0.170682 262088
0.171044 264984
0.171394 267880
0.171742 270776
0.172087 273672
0.172425 276568
0.172755 279464
0.173085 282360
0.173415 285256
0.173736 288152
0.174057 291048
0.174372 293944
0.174688 296840
0.17499 299736
0.175292 302632
0.175594 305528
0.175895 308424
0.176195 311320
0.176496 314216
0.176796 317112
0.177097 320008
0.177397 322904
0.177697 325800
0.177998 328696
0.178298 331592
0.178599 334488
0.178899 337384
0.179199 340280
0.1795 343176
0.1798 346072
0.180101 348968
0.180401 351864
0.180701 354760
0.181002 357656
0.181302 360552
0.181603 363448
0.181903 366344
0.182203 369240
0.182504 372136
0.182804 375032
0.183105 377928
0.183405 380824
0.183705 383720
0.184006 386616
0.184306 389512
0.184607 392408
0.184907 395304
0.185207 398200
0.185508 401096
0.185808 403992
0.186109 406888
0.186409 409784
0.186709 412680
0.18701 415576
0.18731 418472
0.187611 421368
0.187911 424264
0.188211 427160
0.188512 430056
0.188812 432952
0.189113 435848
0.189413 438744
0.189713 441640
0.190014 444536
0.190314 447432
0.190615 450328
0.190915 453224
0.191215 456120
0.191516 459016
0.191816 461912
0.192117 464808
0.192417 467704
0.192717 470600
0.193018 473496
0.193318 476392
0.193619 479288
0.193919 482184
0.194219 485080
0.19452 487976
0.19482 490872
0.195121 493768
0.195421 496664
0.195721 499560
0.196022 502456
0.196322 505352
0.196623 508248
0.196923 511144
0.197223 514040
0.197524 516936
0.197824 519832
0.198125 522728
0.198425 525624
0.198725 528520
0.199026 531416
0.199326 534312
0.199627 537208
0.199927 540104
0.200227 543000
0.200528 545896
0.200828 548792
0.201129 551688
0.201429 554584
0.201729 557480
0.20203 560376
0.202931 563272
0.203231 566168
0.211042 569064
0.325346 567616
0.325346 566168
0.325346 567616
0.345472 569064
0.345623 569525
0.384222 198906
0.384222 200354
0.384523 203250
0.384823 206146
0.385124 209042
0.385424 211938
0.385724 214834
0.386025 217730
0.386325 220626
0.386626 223522
0.386926 226418
0.387226 229314
0.387527 232210
0.387827 235106
0.388128 238002
0.388428 240898
0.388728 243794
0.389029 246690
0.389329 249586
0.38963 252482
0.38993 255378
0.39023 258274
0.390531 261170
0.390831 264066
0.391132 266962
0.391432 269858
0.391732 272754
0.392033 275650
0.392333 278546
0.392634 281442
0.392934 284338
0.393234 287234
0.393535 290130
0.393835 293026
0.394136 295922
0.394436 298818
0.394736 301714
0.395037 304610
0.395337 307506
0.395638 310402
0.395938 313298
0.396238 316194
0.396539 319090
0.396839 321986
0.39714 324882
0.39744 327778
0.39774 330674
0.398041 333570
0.398341 336466
0.398642 339362
0.398942 342258
0.399242 345154
0.399543 348050
0.399843 350946
0.400144 353842
0.400444 356738
0.400744 359634
0.401045 362530
0.401345 365426
0.401646 368322
0.401946 371218
0.402246 374114
0.402547 377010
0.402847 379906
0.403148 382802
0.403448 385698
0.403748 388594
0.404049 391490
0.404349 394386
0.40465 397282
0.40495 399260
0.421172 396364
0.557854 392859
0.562059 395755
0.582186 392859
0.723074 395755
0.7432 392859
0.884088 395755
0.904215 392859
1.0451 395755
1.06523 392859
1.20612 395755
1.22624 392859
1.36713 395755
1.38726 392859
1.52815 395755
1.54827 392859
1.68916 395755
1.70929 392859
1.85017 395755
1.8703 392859
2.01119 395755
2.03132 392859
2.1722 395755
2.19233 392859
2.33322 395755
2.35334 392859
2.49423 395755
2.51436 392859
2.65525 395755
2.67537 392859
2.81626 395755
2.83639 392859
2.97728 395755
2.9974 392859
3.13829 395755
3.15842 392859
3.2993 395755
3.31943 392859
3.46032 395755
3.48045 392859
3.62133 395755
3.64146 392859
3.78235 395755
3.80247 392859
3.94336 395755
3.96349 392859
4.10438 395755
4.1245 392859
4.26539 395755
4.28552 392859
4.4264 395755
4.44653 392859
4.58742 395755
4.60755 392859
4.74843 395755
4.76856 392859
4.90945 395755
4.92957 392859
5.07046 395755
5.09059 392859
5.23148 395755
5.2516 392859
5.39249 395755
5.41262 392859
5.55351 395755
5.57363 392859
5.71452 395755
5.73465 392859
5.87553 395755
5.89566 392859
6.03655 395755
6.05668 392859
6.19756 395755
6.21769 392859
6.35858 395755
6.3787 392859
6.51959 395755
6.53972 392859
6.68061 395755
6.70073 392859
6.84162 395755
6.86175 392859
7.00264 395755
7.02276 392859
7.16365 395755
7.18378 392859
7.32466 395755
7.34479 392859
7.48568 395755
7.50581 392859
7.64669 395755
7.66682 392859
7.80771 395755
7.82783 392859
7.96872 395755
7.98885 392859
8.12974 395755
8.14986 392859
8.29075 395755
8.31088 392859
8.45176 395755
8.47189 392859
8.61278 395755
8.63291 392859
8.77379 395755
8.79392 392859
8.93481 395755
8.95493 392859
9.09582 395755
9.11595 392859
9.25684 395755
9.27696 392859
9.41785 395755
9.43798 392859
9.57887 395755
9.59899 392859
9.73988 395755
9.76001 392859
9.90089 395755
9.92102 392859
10.0407 219345
10.0407 5792
10.0413 8688
10.0413 5792
10.0418 8688
10.0418 5792
10.0421 8688
10.0421 5792
10.0424 8688
10.0424 5792
10.0427 8688
10.0427 5792
10.043 8688
10.043 5792
10.0433 8688
10.0433 5792
10.0436 8688
10.0436 5792
10.0439 8688
10.0439 5792
10.0442 8688
10.0442 5792
10.0445 8688
10.0445 5792
10.0448 8688
10.0448 5792
10.0451 8688
10.0451 5792
10.0454 8688
10.0454 5792
10.0457 8688
10.0457 5792
10.046 8688
10.046 5792
10.0463 8688
10.0463 5792
10.0466 8688
10.0466 5792
10.0469 8688
10.0469 5792
10.0472 8688
10.0472 5792
10.0475 8688
10.0475 5792
10.0478 8688
10.0478 5792
10.0481 8688
10.0481 5792
10.0484 8688
10.0484 5792
10.0487 8688
10.0487 5792
10.049 8688
10.049 5792
10.0493 8688
10.0493 5792
10.0496 8688
10.0496 5792
10.0499 8688
10.0499 5792
10.0502 8688
10.0502 5792
10.0505 8688
10.0505 5792
10.0508 8688
10.0508 5792
10.0511 8688
10.0511 5792
10.0514 8688
10.0514 5792
10.0517 8688
10.0517 5792
10.052 8688
10.052 5792
10.0523 8688
10.0523 5792
10.0526 8688
10.0526 5792
10.0529 8688
10.0529 5792
10.0532 8688
10.0532 5792
10.0535 8688
10.0535 5792
10.0538 8688
10.0538 5792
10.0541 8688
10.0541 5792
10.0544 8688
10.0544 5792
10.0547 8688
10.0547 5792
10.055 8688
10.055 5792
10.0553 8688
10.0553 5792
10.0556 8688
10.0556 5792
10.0559 8688
10.0559 5792
10.0562 8688
10.0562 5792
10.0565 8688
10.0565 5792
10.0568 8688
10.0568 5792
10.0571 8688
10.0571 5792
10.0574 8688
10.0574 5792
10.0577 8688
10.0577 5792
10.058 8688
10.058 5792
10.0583 8688
10.0583 5792
10.0586 8688
10.0586 5792
10.0589 8688
10.0589 5792
10.0592 8688
10.0592 5792
10.0595 8688
10.0595 5792
10.0598 8688
10.0598 5792
10.0601 8688
10.0601 5792
10.0604 8688
10.0604 5792
10.0607 8688
10.0607 5792
10.061 8688
10.061 5792
10.0613 8688
10.0613 5792
10.0618 8688
10.0618 5792
10.0621 8688
10.0621 5792
10.0624 8688
10.0624 5792
10.0627 8688
10.0627 5792
10.063 8688
10.063 5792
10.0633 8688
10.0633 5792
10.0833 8688
10.0833 5792
10.0839 8688
10.0839 5792
10.1039 8688
10.1039 5792
10.1043 8688
10.1043 5792
10.1245 8688
10.1245 5792
10.1248 8688
10.1248 5792
10.145 8688
10.145 5792
10.1454 8688
10.1454 5792
10.1655 8688
10.1655 5792
10.1661 8688
10.1661 5792
10.1861 8688
10.1861 5792
10.187 8688
10.187 5792
10.2075 8688
10.2075 5792
10.2087 8688
10.2087 5792
10.2294 8688
10.2294 5792
10.2309 8688
10.2309 5792
10.2519 8688
10.2519 5792
10.2537 8688
10.2537 5792
10.2802 569064
10.2802 19211
10.3412 22107
10.3984 23364
10.426 23437
10.434 24201
10.4418 24566
10.4715 26396
10.5825 29292
10.5888 29790
10.6349 31596
10.6851 31876
10.6899 32163
10.6947 35059
10.6995 35834
10.7234 32938
10.7438 35489
10.8858 38385
10.9086 35489
10.9293 35543
11.0716 38439
11.0944 35543
11.1228 35779
11.1286 35976
11.1324 36583
11.2514 39479
11.2742 36583
11.2915 37654
11.3054 40550
11.3089 40574
11.4409 43470
11.4645 40574
11.4984 42577
11.629 45473
11.6507 42577
11.6895 44857
11.7754 46210
11.8161 49106
11.8391 46210
11.869 47471
11.9421 47641
11.9486 47750
11.9994 50646
12.0214 47750
12.0477 48321
12.0579 50494
12.1856 53390
12.2093 50494
12.2451 51246
12.2488 51391
12.2508 52286
12.2567 52439
12.3711 55335
12.3945 52439
12.4171 55335
12.4189 55452
12.425 57792
12.5545 60688
12.5778 57792
12.5862 59324
12.5978 61727
12.6083 62387
12.6104 62797
12.7395 65693
12.745 66086
12.7471 66484
12.7634 63588
12.7989 65517
12.9211 68413
12.9434 65517
12.976 66969
12.9833 68970
13.0715 70192
13.1011 73088
13.1239 70192
13.1591 72881
13.1657 75039
13.2334 76903
13.2806 79799
13.3028 76903
13.3321 78164
13.3397 80342
13.4067 81274
13.4139 81416
13.4156 81508
13.4632 84404
13.486 81508
13.5197 83000
13.5257 84762
13.64 87658
13.663 84762
13.6911 85543
13.6965 87798
13.7029 90024
13.8193 92920
13.842 90024
13.8677 92002
13.8709 92859
13.8719 93474
13.873 94077
13.874 96971
13.8793 99866
13.9973 102762
14.0195 99866
14.0404 101336
14.0413 104232
14.0424 104277
14.0455 106586
14.0503 108867
14.0539 109379
14.1756 112275
14.1975 109379
14.2135 112216
14.2231 112710
14.2286 113187
14.23 113244
14.2312 113300
14.2325 113357
14.2337 113771
14.2348 113866
14.3548 116762
14.3752 119568
14.3764 116672
14.5307 119568
14.5377 120953
14.5525 118057
14.5562 119477
14.6822 119775
14.6939 120974
14.7087 123870
14.7313 120974
14.7557 122294
14.7594 123666
14.7642 126292
14.7681 128017
14.7719 129706
14.8506 130701
14.8584 132767
14.8874 135663
14.9096 132767
14.9473 134598
15.0155 135396
15.0193 135567
15.0203 135610
15.0214 135653
15.0235 135739
15.0277 135911
15.0286 135954
15.0296 135997
15.0307 136040
15.0619 138936
15.0843 136040
15.1147 136083
15.1923 137524
15.1934 137525
15.1976 137528
15.1986 137529
15.1997 137530
15.2377 140426
15.2593 137530
15.2902 138392
15.4119 141288
15.4335 138392
15.4631 139886
15.4664 141838
15.4709 142838
15.5879 145734
15.61 142838
15.644 144731
15.6471 146134
15.6521 146599
15.6528 147066
15.765 149962
15.787 147066
15.8144 147085
15.815 148050
15.8158 150924
15.8185 153797
15.8212 154304
15.8218 155329
15.8235 155847
15.8242 156368
15.825 156894
15.8257 157422
15.9399 160318
15.9621 157422
15.9834 159021
15.9866 160256
15.9872 160829
15.9879 161355
15.9891 163977
15.9911 164467
15.9926 164519
15.9933 164816
15.9959 165590
16.1156 168486
16.1375 165590
16.1558 166992
16.1613 169501
16.2907 172397
16.3128 169501
16.4669 172397
16.4723 172881
16.4731 173431
16.4744 173808
16.4887 170912
16.5237 171181
16.525 171720
16.6345 173229
16.642 176125
16.6638 173229
16.6927 173320
16.6954 174500
16.6988 176837
16.7021 178559
16.705 179660
16.805 179661
16.8065 182557
16.8073 182686
16.8178 185582
16.8397 182686
16.8755 183421
16.878 185025
16.9668 185183
16.9687 187103
16.9731 187507
16.9938 190403
17.0156 187507
17.1252 189815
17.1374 190462
17.1688 193358
17.1907 190462
17.2281 190580
17.2978 193476
17.2986 193501
17.3441 196397
17.3662 193501
17.3959 194322
17.3989 195238
17.4757 196577
17.5213 199473
17.5432 196577
17.5751 196768
17.696 199664
17.7182 196768
17.7481 197404
17.8723 200300
17.8944 197404
17.9229 198457
17.9255 199115
17.926 201978
17.9281 204165
17.9302 204842
17.9314 205524
17.9332 206210
17.9342 207596
17.936 208297
18.0479 211193
18.0695 208297
18.0951 209182
18.0972 212026
18.0997 212727
18.1015 213434
18.102 214145
18.1038 214861
18.1048 215581
18.2223 218477
18.2442 215581
18.2678 218397
18.3973 221293
18.4191 218397
18.572 221293
18.5939 218397
18.5957 220569
18.7469 223465
18.7545 226361
18.7551 226387
18.7689 223491
18.9216 226387
18.9222 227839
18.9252 229271
18.9434 226375
19.0807 226703
19.0841 229336
19.0962 232232
19.1181 229336
19.1573 229471
19.2455 231491
19.2501 232474
19.271 235370
19.2931 232474
19.3978 233439
19.3993 235067
19.4195 235477
19.446 238373
19.4679 235477
19.4999 235789
19.5711 238208
19.6214 241104
19.6433 238208
19.6774 238576
19.7473 239958
19.7479 239963
19.7485 239968
19.7489 239972
19.7506 239984
19.7545 241575
19.7953 244471
19.817 241575
19.9703 244471
19.9921 241575
20.0893 243148
20.0905 244742
20.1126 242865
20.1131 242260
20.1137 240357
20.1142 240066
20.1147 238437
20.1152 238385
20.1158 236967
20.1168 235841
20.1179 234979
20.1189 234319
20.12 233814
20.1247 233529
20.1258 233209
20.1268 232964
20.1279 232776
20.1289 232633
20.13 232523
20.1358 232440
20.1369 232375
20.1379 232326
20.139 232288
20.1426 235184
20.1645 237457
20.1663 240353
20.1667 241700
20.1683 244596
20.1687 246348
20.1695 246436
20.1699 247374
20.1705 247553
20.1708 250449
20.1712 253205
20.1725 254249
20.173 257145
20.1733 259926
20.175 262822
20.1754 265461
20.1763 266056
20.1772 268952
20.1775 271280
20.178 271122
20.1788 271221
20.1792 274117
20.1796 276896
20.1813 279792
20.1818 282469
20.1834 285365
20.1839 286999
20.186 286985
20.1905 287168
20.1908 287777
20.1912 288075
20.192 288708
20.1924 289346
20.1932 292242
20.1937 294647
20.1962 294828
20.197 297724
20.1973 300292
20.1992 300530
20.1995 303426
20.2 306136
20.2021 309032
20.2024 310883
20.2034 313779
20.2039 315286
20.2052 317035
20.2055 317141
20.206 320037
20.2063 322827
20.2075 325266
20.2156 322370
20.3608 325266
20.3814 322370
20.4528 320008
20.4528 318560
20.4528 320008
20.4532 318560
20.4562 317112
20.4588 315664
20.4591 314216
20.5161 315664
20.5163 317112
20.5167 318560
20.517 320008
20.5172 321456
20.5175 322370
20.5235 320922
20.5235 322370
20.524 320922
20.524 322370
20.5265 323818
20.5267 325266
20.5271 323818
20.5271 325266
20.5297 323818
20.5297 325266
20.53 198906
20.53 200354
20.5307 203250
20.5313 206146
20.5322 209042
20.5331 211938
20.534 214834
20.5346 217730
20.5354 220626
20.536 223522
20.5367 226418
20.5373 229314
20.5381 232210
20.5391 235106
20.5397 238002
20.5406 240898
20.5414 243794
20.5421 246690
20.5427 249586
20.5435 252482
20.5441 255378
20.5445 258274
20.5451 261170
20.5454 264066
20.5462 266962
20.5469 269858
20.5475 272754
20.548 275650
20.5487 278546
20.5493 281442
20.5496 284338
20.5502 287234
20.5507 290130
20.5513 293026
20.552 295922
20.5523 298818
20.5529 301714
20.5535 304610
20.554 307506
20.5544 310402
20.555 313298
20.5556 316194
20.5562 319090
20.5565 321986
20.5573 322370
20.6929 325266
20.7135 322370
20.8596 325266
20.8682 214144
20.8805 211248
21.0399 214144
21.0609 211248
21.0717 188483
21.2141 191379
21.2354 188483
21.3829 191379
21.4038 188483
21.4956 157135
21.5542 160031
21.5749 157135
21.7207 160031
21.7418 157135
21.8903 160031
21.9112 157135
21.9887 141851
22.0575 144747
22.0784 141851
22.1374 137014
22.2268 139910
22.2476 137014
22.3947 139910
22.4162 137014
22.4752 132406
22.5269 125138
22.5629 128034
22.5841 125138
22.7352 128034
22.7562 125138
22.8306 118138
22.9049 121034
22.9262 118138
23.0311 113102
23.0745 115998
23.0849 107514
23.0961 104618
23.2459 107514
23.267 104618
23.3801 100781
23.4142 103677
23.4354 100781
23.5811 98442
23.5826 101338
23.6036 98442
23.6328 92953
23.7531 95849
23.7737 92953
23.9236 95849
23.935 89646
23.9442 86750
24.0947 89646
24.1158 86750
24.1376 84458
24.1864 83506
24.268 86402
24.2892 83506
24.4397 86402
24.4611 83506
24.4934 77396
24.6118 80292
24.6328 77396
24.6973 73871
24.7491 71618
24.7815 74514
24.8037 71618
24.9554 74514
24.978 71618
25.0445 67125
25.1306 70021
25.153 67125
25.3072 70021
25.3279 67125
25.4021 63033
25.4804 65929
25.5029 63033
25.6061 60519
25.6581 63415
25.6787 60519
25.8296 63415
25.8517 60519
25.9121 59627
25.9621 55071
26.0016 57967
26.0244 55071
26.177 57967
26.1988 55071
26.354 57967
26.3768 55071
26.4178 52794
26.5213 51639
26.5294 54535
26.5519 51639
26.7105 54535
26.7322 51639
26.8845 54535
26.9055 51639
26.921 50660
26.9726 49085
27.0593 51981
27.0802 49085
27.1269 47312
27.2341 50208
27.2549 47312
27.4067 50208
27.4277 47312
27.4866 44979
27.5824 47875
27.6059 44979
27.7583 47875
27.7807 44979
27.939 47875
27.9596 44979
27.9973 43473
28.0047 43578
28.117 46474
28.138 43578
28.3003 46474
28.3235 43578
28.477 46474
28.4979 43578
28.5625 42169
28.6604 45065
28.681 42169
28.8372 45065
28.8597 42169
29.0181 45065
29.0412 42169
29.0727 41209
29.0757 41426
29.1975 44322
29.2204 41426
29.3764 44322
29.3997 41426
29.5567 44322
29.5789 41426
29.6466 40728
29.7366 43624
29.7587 40728
29.8 40260
29.9143 43156
29.937 40260
29.9795 40270
30.0753 40539
30.078 41380
30.081 41706
30.0988 44602
30.1201 41706
30.1507 44326
30.2021 40075
30.2021 5792
30.2054 8688
30.2054 5792
30.2086 8688
30.2086 5792
30.2119 8688
30.2119 5792
30.215 8688
30.215 5792
30.2183 8688
30.2183 5792
30.2215 8688
30.2215 5792
30.2248 8688
30.2248 5792
30.2279 8688
30.2279 5792
30.2312 8688
30.2312 5792
30.2344 8688
30.2344 5792
30.2661 8688
30.2661 5792
30.2712 8688
30.2712 5792
30.2987 8688
30.2987 5792
30.3039 8688
30.3039 5792
30.3313 8688
30.3313 5792
30.3367 8688
30.3367 5792
30.3532 8688
30.3532 5792
30.3586 8688
30.3586 5792
30.3751 8688
30.3751 5792
30.3805 8688
30.3805 5792
30.397 8688
30.397 5792
30.4024 8688
30.4024 5792
30.4189 8688
30.4189 5792
30.4243 8688
30.4243 5792
30.4408 322370
30.4408 55000
30.4462 54020
30.4627 17972
30.4659 18445
30.4691 21341
30.4723 24237
30.4755 27133
30.4787 30029
30.4819 32925
30.4926 35821
30.499 38717
30.5042 40803
30.5163 43699
30.5203 43476
30.5244 43250
30.5284 43052
30.5325 42878
30.5365 42726
30.5401 42594
30.5434 42477
30.5466 42376
30.5498 42287
30.5531 42209
30.5563 45105
30.5595 46795
30.5628 46735
30.566 46683
30.5692 46637
30.5725 46597
30.5757 46562
30.5787 46325
30.5816 46324
30.5844 46323
30.5872 46682
30.59 47314
30.5928 47754
30.5956 50650
30.5985 53128
30.6069 52999
30.6097 52800
30.6177 52742
30.6248 52804
30.6272 55700
30.6295 58036
30.6319 57866
30.6366 57828
30.6389 57684
30.6505 58126
30.6526 58663
30.6546 59104
30.6567 62000
30.6588 64311
30.6609 64215
30.6793 64623
30.6812 67519
30.683 70071
30.6866 70048
30.6884 69958
30.6903 69879
30.6939 70044
30.6957 72940
30.6976 75490
30.6995 75424
30.7079 75389
30.7095 75327
30.7111 75272
30.7128 75303
30.7144 75781
30.7161 76311
30.7176 79207
30.7191 81825
30.7251 81820
30.7266 82220
30.7281 85116
30.7296 87694
30.7311 87665
30.7327 87640
30.7341 87618
30.7356 87599
30.7371 87582
30.7386 87567
30.7399 87554
30.7413 87543
30.7426 87533
30.744 87826
30.7454 90722
30.7467 93360
30.7481 93354
30.7494 93348
30.7507 93344
30.7519 93340
30.7532 93336
30.7544 93940
30.7557 96836
30.757 98990
30.762 98670
30.7669 101566
30.7681 103753
30.7774 104460
30.7785 107356
30.7795 110009
30.785 109740
30.7861 112636
30.7872 114927
30.7944 115558
30.7954 118454
30.7964 121107
30.8043 121729
30.8053 124625
30.8062 127309
30.8117 127448
30.8127 128063
30.8136 130959
30.8145 133679
30.8198 136575
30.8206 138918
30.8258 138588
30.8266 138974
30.8274 141870
30.8283 144576
30.834 144783
30.8348 147679
30.8355 150258
30.8402 150339
30.8409 151270
30.8417 154166
30.8424 156916
30.8469 159812
30.8476 162218
30.8526 165114
30.8533 167837
30.8575 168324
30.8582 168613
30.8589 171509
30.8596 174273
30.8642 174637
30.8649 177533
30.8655 180310
30.8668 180294
30.8687 180279
30.8694 183175
30.87 185575
30.8706 185565
30.8719 185252
30.8744 188148
30.875 190657
30.878 190569
30.8786 190827
30.8792 191507
30.8798 194403
30.8804 197175
30.881 197128
30.8833 197206
30.8839 200102
30.8844 202850
30.8867 202838
30.8878 202658
30.8884 205554
30.889 208122
30.8923 208170
30.8928 211066
30.8934 213828
30.8939 213723
30.895 213636
30.8966 213742
30.8971 216638
30.8976 219398
30.9008 219531
30.9013 220263
30.9018 223159
30.9023 225942
30.9048 225884
30.9053 228780
30.9058 230917
30.9069 230872
30.9078 230838
30.9088 231122
30.9093 234018
30.9097 236768
30.9107 236752
30.9117 236740
30.9126 237073
30.9131 239969
30.9136 242740
30.9164 243125
30.9168 246021
30.9173 248808
30.92 251704
30.9205 254437
30.9236 257333
30.9241 259887
30.9267 260114
30.9271 263010
30.9276 265796
30.928 265380
30.9301 265592
30.9305 268488
30.9309 270766
30.9335 270926
30.9339 273822
30.9343 276595
30.9367 276911
30.9371 279807
30.9375 282587
30.9399 282953
30.9404 285849
30.9407 288636
30.943 291532
30.9434 294188
30.9457 294525
30.9461 297421
30.9465 300212
30.9491 303108
30.9495 305532
30.9513 305708
30.9517 308604
30.952 311392
30.9542 311809
30.9546 314705
30.9549 317501
30.9574 320397
30.9577 322414
30.9595 322994
30.9598 323757
30.9602 326653
30.9605 329459
30.9626 329714
30.9629 332610
30.9632 335022
30.9639 334595
30.9646 337491
30.9649 337981
30.966 337787
30.9669 337973
30.9672 338825
30.9675 339682
30.9679 342578
30.9682 345274
30.9688 345215
30.97 345175
30.9703 348041
30.9718 348888
30.9721 349903
30.9724 350770
30.9727 353666
30.973 356447
30.9753 359343
30.9756 360625
30.9771 363521
30.9774 365782
30.98 368678
30.9803 370660
30.9818 373556
30.9821 375099
30.9846 377995
30.9849 378331
30.9864 381227
30.9867 381521
30.9896 383694
30.9911 385698
30.9939 382802
30.9942 383623
30.996 384893
30.9983 385413
31.001 385587
31.0023 385756
31.0047 385921
31.0082 386239
31.01 386391
31.0132 386686
31.015 386828
31.0198 387234
31.1375 390130
31.1581 387234
31.2464 386967
31.3017 389863
31.3221 386967
31.3407 387102
31.3451 387490
31.4657 390386
31.4861 387490
31.6294 390386
31.65 387490
31.6725 387852
31.6742 387968
31.7931 390864
31.8137 387968
31.838 388192
31.9569 391088
31.9773 388192
32.0007 388300
32.0069 388712
32.1203 391608
32.1407 388712
32.1688 388810
32.2837 391706
32.3041 388810
32.4473 391706
32.4677 388810
32.6012 388612
32.611 391508
32.6314 388612
32.6542 388906
32.6562 389000
32.6604 389271
32.662 389358
32.7747 392254
32.7951 389358
32.9386 392254
32.959 389358
32.9694 389271
32.9854 389358
32.9872 389444
32.9916 389691
33.1026 392587
33.123 389691
33.1556 389770
33.2666 392666
33.287 389770
33.2977 390558
33.4308 393454
33.4513 390558
33.5949 393454
33.6155 390558
33.6205 389925
33.6484 390147
33.6499 390218
33.7594 393114
33.7798 390218
33.7917 390946
33.9237 393842
33.9443 390946
33.9556 391019
34.0883 393915
34.1089 391019
34.1224 391230
34.1301 391556
34.253 394452
34.2735 391556
34.4176 394452
34.4382 391556
34.4577 391679
34.5821 394575
34.6026 391679
34.6228 391797
34.7464 394693
34.7669 391797
34.9107 394693
34.9313 391797
34.9493 391855
34.9567 392129
35.075 395025
35.0956 392129
35.1247 392333
35.2392 395229
35.2598 392333
35.4033 395229
35.4239 392333
35.4543 392524
35.5675 395420
35.5879 392524
35.7315 395420
35.752 392524
35.7806 392570
35.8954 395466
35.916 392570
35.9462 392615
35.955 392873
36.0594 395769
36.0798 392873
36.2233 395769
36.2437 392873
36.3562 392831
36.3872 395727
36.4076 392831
36.4466 392873
36.5509 395769
36.5713 392873
36.7146 395769
36.735 392873
36.8403 392831
36.8789 395727
36.8995 392831
36.9895 391270
37.0434 394166
37.064 391270
37.1005 391429
37.1021 391481
37.2078 394377
37.2284 391481
37.3722 394377
37.3927 391481
37.5366 394377
37.5571 391481
37.6607 391429
37.7008 394325
37.7214 391429
37.7388 392181
37.7405 392232
37.748 392477
37.865 395373
37.8856 392477
37.9129 392524
38.0291 395420
38.0497 392524
38.1933 395420
38.2139 392524
38.2432 392615
38.3573 395511
38.3779 392615
38.5213 395511
38.5419 392615
38.6854 395511
38.7059 392615
38.7373 392659
38.8492 395555
38.8698 392659
38.9089 392873
39.0131 395769
39.0337 392873
39.177 395769
39.1975 392873
39.2983 392703
39.3408 395599
39.3613 392703
39.3997 392831
39.4012 392873
39.5046 395769
39.5251 392873
39.669 395769
39.6896 392873
39.7832 391429
39.8335 394325
39.8539 391429
39.9555 391430
39.96 392019
39.9681 393051
39.9906 393065
39.9975 395961
40.0074 396298
40.0077 396312
40.008 396326
40.0164 396716
40.0168 396730
40.0171 396744
40.0174 396758
40.0177 396772
40.018 393876
40.0324 394554
40.033 394572
40.0333 395140
40.0336 398036
40.0339 398484
40.0366 398485
40.0399 398486
40.0429 398487
40.0477 398488
40.051 398489
40.054 398490
40.161 401386
40.1814 398490
40.1958 398544
40.3244 401440
40.3448 398544
40.4878 401440
40.5082 398544
40.6512 401440
40.6716 398544
40.8146 401440
40.835 398544
40.9702 338253
40.9702 5792
40.9705 8688
40.9705 5792
40.9708 8688
40.9708 5792
40.9711 8688
40.9711 5792
40.9714 8688
40.9714 5792
40.9717 8688
40.9717 5792
40.972 8688
40.972 5792
40.9723 8688
40.9723 5792
40.9726 8688
40.9726 5792
40.9729 8688
40.9729 5792
40.9732 8688
40.9732 5792
40.9735 8688
40.9735 5792
40.9738 8688
40.9738 5792
40.9741 8688
40.9741 5792
40.9744 8688
40.9744 5792
40.9747 8688
40.9747 5792
40.975 8688
40.975 5792
40.9753 8688
40.9753 5792
40.9756 8688
40.9756 5792
40.9759 8688
40.9759 5792
40.9762 8688
40.9762 5792
40.9765 8688
40.9765 5792
40.9768 8688
40.9768 5792
40.9771 8688
40.9771 5792
40.9774 8688
40.9774 5792
40.9777 8688
40.9777 5792
40.978 8688
40.978 5792
40.9783 8688
40.9783 5792
40.9786 8688
40.9786 5792
40.9789 8688
40.9789 5792
40.9792 8688
40.9792 5792
40.9795 8688
40.9795 5792
40.9798 8688
40.9798 5792
40.9801 8688
40.9801 5792
40.9804 8688
40.9804 5792
40.9807 8688
40.9807 5792
40.981 8688
40.981 5792
40.9813 8688
40.9813 5792
40.9816 8688
40.9816 5792
40.9819 8688
40.9819 5792
40.9822 8688
40.9822 5792
40.9825 8688
40.9825 5792
40.9828 8688
40.9828 5792
40.9831 8688
40.9831 5792
40.9834 8688
40.9834 5792
40.9837 8688
40.9837 5792
40.984 8688
40.984 5792
40.9843 8688
40.9843 5792
40.9846 8688
40.9846 5792
40.9849 8688
40.9849 5792
40.9852 8688
40.9852 5792
40.9855 8688
40.9855 5792
40.9859 8688
40.9859 5792
40.9862 8688
40.9862 5792
40.9865 8688
40.9865 5792
40.9868 8688
40.9868 5792
40.9871 8688
40.9871 5792
40.9874 8688
40.9874 5792
40.9877 8688
40.9877 5792
40.988 8688
40.988 5792
40.9883 8688
40.9883 5792
40.9886 8688
40.9886 5792
40.9889 8688
40.9889 5792
40.9892 8688
40.9892 5792
40.9895 8688
40.9895 5792
40.9898 8688
40.9898 5792
40.9901 8688
40.9901 5792
40.9904 8688
40.9904 5792
40.9907 8688
40.9907 5792
40.991 8688
40.991 5792
40.9913 8688
40.9913 5792
40.9916 8688
40.9916 5792
40.9919 8688
40.9919 5792
40.9922 8688
40.9922 5792
40.9925 8688
40.9925 5792
40.9928 8688
40.9928 5792
40.9931 8688
40.9931 5792
40.9934 8688
40.9934 5792
40.9937 8688
40.9937 5792
40.994 8688
40.994 5792
40.9943 8688
40.9943 5792
40.9946 8688
40.9946 5792
40.9949 8688
40.9949 5792
40.9952 8688
40.9952 5792
40.9955 8688
40.9955 5792
40.9958 8688
40.9958 5792
40.9961 8688
40.9961 5792
40.9964 8688
40.9964 5792
40.9967 8688
40.9967 5792
40.997 8688
40.997 5792
40.9973 8688
40.9973 5792
40.9976 8688
40.9976 5792
40.9979 8688
40.9979 5792
40.9982 8688
40.9982 5792
40.9985 8688
40.9985 5792
40.9988 8688
40.9988 5792
40.9991 8688
40.9991 5792
40.9994 8688
40.9994 5792
40.9997 8688
40.9997 5792
41 8688
41 5792
41.0003 8688
41.0003 5792
41.0006 8688
41.0006 5792
41.0009 8688
41.0009 5792
41.0012 8688
41.0012 5792
41.0015 8688
41.0015 5792
41.0018 8688
41.0018 5792
41.0021 8688
41.0021 5792
41.0024 8688
41.0024 5792
41.0027 8688
41.0027 5792
41.003 8688
41.003 5792
41.0033 8688
41.0033 5792
41.0036 8688
41.0036 5792
41.0039 8688
41.0039 5792
41.0042 8688
41.0042 5792
41.0242 8688
41.0242 5792
41.0246 8688
41.0246 5792
41.0446 8688
41.0446 5792
41.0451 8688
41.0451 5792
41.0651 8688
41.0651 5792
41.0656 8688
41.0656 5792
41.0856 8688
41.0856 5792
41.086 8688
41.086 5792
41.106 8688
41.106 5792
41.1065 8688
41.1065 5792
41.1265 8688
41.1265 5792
41.1269 8688
41.1269 5792
41.147 8688
41.147 5792
41.1474 8688
41.1474 5792
41.1674 8688
41.1674 5792
41.1679 8688
41.1679 5792
41.1879 8688
41.1879 5792
41.1883 8688
41.1883 5792
41.2083 398544
41.2083 401440
41.2088 404336
41.2288 19162
41.2291 19209
41.2294 22105
41.2297 25001
41.23 27897
41.2303 30793
41.2306 33689
41.2309 36585
41.2312 39481
41.2315 42377
41.2318 45273
41.2321 48169
41.2324 51065
41.2327 53961
41.233 56857
41.2334 59753
41.2337 62649
41.234 65545
41.2343 68441
41.2346 71337
41.2349 74233
41.2352 77129
41.2355 80025
41.2358 82921
41.2361 85817
41.2364 88713
41.2367 91609
41.237 94505
41.2373 97401
41.2376 100297
41.2379 103193
41.2382 106089
41.2385 108985
41.2388 111881
41.2391 114777
41.2394 117673
41.2397 120569
41.24 123465
41.2403 126361
41.2406 129257
41.2409 132153
41.2412 135049
41.2415 137945
41.2418 140841
41.2421 143737
41.2424 146633
41.2427 149529
41.243 152425
41.2434 155321
41.2437 158217
41.244 161113
41.2443 164009
41.2446 166905
41.2449 169801
41.2452 172697
41.2455 175593
41.2458 178489
41.2461 181385
41.2464 184281
41.2467 187177
41.247 190073
41.2473 192969
41.2476 195865
41.2479 198761
41.2482 201657
41.2485 204553
41.2488 207449
41.2491 210345
41.2588 213241
41.2595 216137
41.26 219033
41.2606 221929
41.2611 224825
41.2617 227721
41.2621 230617
41.2626 233513
41.2631 236409
41.2635 239305
41.2639 242201
41.2644 245097
41.2648 247993
41.2652 250889
41.2656 253785
41.2659 256681
41.2663 259577
41.2667 262473
41.267 265369
41.2674 268265
41.2677 271161
41.268 274057
41.2684 276953
41.2687 279849
41.269 282745
41.2693 285641
41.2696 288537
41.2699 291433
41.2702 294329
41.2705 297225
41.2708 300121
41.2712 303017
41.2715 305913
41.2718 308809
41.2721 311705
41.2724 314601
41.2727 317497
41.273 320393
41.2733 323289
41.2736 326185
41.2739 329081
41.2742 331977
41.2745 334873
41.2748 337769
41.2751 340665
41.2754 343561
41.2757 346457
41.276 349353
41.2763 352249
41.2767 355145
41.277 358041
41.2773 360937
41.2776 363833
41.2779 366729
41.2782 369625
41.2785 372521
41.2788 375417
41.2791 378313
41.2794 381209
41.2797 384105
41.28 387001
41.2803 389897
41.2806 392793
41.2809 392940
41.3038 392918
41.3148 392909
41.3203 395805
41.3417 395991
41.3432 396445
41.3435 393549
41.3447 393991
41.3462 394422
41.3477 394841
41.3492 395250
41.3507 395648
41.3522 396037
41.3537 396416
41.3552 396786
41.3567 397148
41.3582 397500
41.3597 397845
41.3612 398182
41.3627 398511
41.3642 398832
41.3657 399147
41.3672 399301
41.4859 402197
41.5078 399301
41.6508 402197
41.6712 399301
41.8142 402197
41.8346 399301
41.9776 402197
41.9981 399301
42.141 402197
42.1615 399301
42.3045 402197
42.3249 399301
42.4679 402197
42.4883 399301
42.6313 402197
42.6517 399301
42.7947 402197
42.8151 399301
42.9581 402197
42.9786 399301
43.1216 402197
43.142 399301
43.285 402197
43.3054 399301
43.4484 402197
43.4688 399301
43.6118 402197
43.6322 399301
43.7752 402197
43.7956 399301
43.9386 402197
43.9591 399301
44.1021 402197
44.1225 399301
44.2655 402197
44.2859 399301
44.4289 402197
44.4493 399301
44.5923 402197
44.6127 399301
44.7557 402197
44.7762 399301
44.9191 402197
44.9396 399301
45.0826 402197
45.103 399301
45.246 402197
45.2664 399301
45.4094 402197
45.4298 399301
45.5728 402197
45.5932 399301
45.7362 402197
45.7567 399301
45.8997 402197
45.9201 399301
46.0631 402197
46.0835 399301
46.2265 402197
46.2469 399301
46.3899 402197
46.4103 399301
46.5533 402197
46.5737 399301
46.7167 402197
46.7372 399301
46.8802 402197
46.9006 399301
47.0436 402197
47.064 399301
47.207 402197
47.2274 399301
47.3704 402197
47.3908 399301
47.5338 402197
47.5543 399301
47.6972 402197
47.7177 399301
47.8607 402197
47.8811 399301
48.0241 402197
48.0445 399301
48.1875 402197
48.2079 399301
48.3509 402197
48.3713 399301
48.5143 402197
48.5348 399301
48.6777 402197
48.6982 399301
48.8412 402197
48.8616 399301
49.0046 402197
49.025 399301
49.168 402197
49.1884 399301
49.3314 402197
49.3518 399301
49.4948 402197
49.5153 399301
49.6583 402197
49.6787 399301
49.8217 402197
49.8421 399301
