10.5866 191.054 2.66781 0 63488
10.6731 193.217 2.6979 0 65024
10.7848 195.187 2.73002 0 66560
10.8737 197.966 2.75021 0 67584
10.9819 200.428 2.77422 0 69120
11.072 203.36 2.79119 0 70656
11.1549 202.341 2.86249 0 72192
11.2643 206.091 2.86662 0 73728
11.3484 210.053 2.8677 0 75264
11.4589 213.703 2.87292 0 76288
11.5502 217.825 2.87174 0 77824
11.6307 217.277 2.93229 0 79360
11.7401 221.645 2.92677 0 80896
11.8242 225.861 2.92343 0 82432
11.9287 229.233 2.93096 0 83968
12.0165 232.652 2.93768 0 84992
12.097 236.589 2.93775 0 86528
12.2051 239.978 2.94454 0 88064
12.2952 243.892 2.94478 0 89600
12.3733 248.224 2.94005 0 91136
12.4827 251.93 2.94279 0 92672
12.568 254.655 2.95678 0 93696
12.6509 259.238 2.9492 0 95232
12.759 263.144 2.94944 0 96768
12.848 267.471 2.94504 0 98304
12.9321 271.894 2.93973 0 99840
13.039 276.634 2.93124 0 100864
13.1291 281.147 2.92539 0 102400
13.2193 286.199 2.91422 0 103936
13.2938 291.442 2.90154 0 105472
13.4199 297.559 2.88083 0 107008
13.5052 301.973 2.87708 0 108544
13.5918 307.185 2.86597 0 109568
13.6735 306.068 2.91428 0 111104
13.796 312.625 2.89021 0 112640
13.8922 319.793 2.86165 0 114176
13.9727 326.488 2.83845 0 115712
14.094 332.565 2.82142 0 117248
14.1902 340.551 2.78927 0 118272
14.2839 346.94 2.77129 0 119808
14.3704 354.214 2.74709 0 121344
14.4942 360.033 2.73486 0 122880
14.5939 367.813 2.70851 0 124416
14.6924 374.998 2.6875 0 125952
14.7789 381.707 2.67061 0 126976
14.8667 380.345 2.71063 0 128512
15.0048 387.427 2.69098 0 130048
15.1058 395.495 2.66538 0 131584
15.2067 403.873 2.63877 0 133120
15.2824 412.257 2.6132 0 134656
15.447 421.127 2.58567 0 135680
15.5383 430.626 2.55554 0 137216
15.6537 440.148 2.52657 0 138752
15.7486 450.409 2.49473 0 140288
15.8424 449.967 2.52292 0 141824
16.0058 461.388 2.48558 0 142848
16.1091 472.208 2.45316 0 144384
16.2245 483.988 2.41738 0 145920
16.3158 495.334 2.36201 3 147456
16.4371 498.643 2.3231 23 148992
16.5585 501.772 2.30862 44 150528
16.645 503.073 2.25659 63 151552
16.758 505.075 2.17884 81 153088
16.8241 504.994 2.15626 94 154624
16.8421 499.883 2.22465 96 156160
18.0713 486.662 1.97565 0 119808
18.123 478.248 2.03463 0 121344
18.1783 448.926 2.19332 0 122880
18.3393 449.021 2.21866 0 124416
18.4558 447.654 2.25131 0 125952
18.5243 449.685 2.2669 0 126976
18.5856 452.752 2.27713 0 128512
18.6277 455.686 2.28789 0 130048
18.6625 435.683 2.41952 0 131584
18.8403 442.031 2.41098 0 133120
18.9269 445.427 2.41861 0 134656
19.0158 451.268 2.41297 0 135680
19.0662 458.344 2.40099 0 137216
19.1167 466.167 2.38555 0 138752
19.1588 472.667 2.37725 0 140288
19.3198 475.943 2.38523 0 141824
19.3943 476.162 2.40846 0 142848
19.506 482.585 2.40041 0 144384
19.5829 491.328 2.38127 0 145920
19.6334 497.842 2.37338 0 147456
19.6791 503.533 2.36956 0 148992
19.7343 485.737 2.48022 0 150528
19.9302 491.446 2.47498 0 151552
20.0588 499.619 2.45768 0 153088
20.1405 508.079 2.41676 8 154624
20.2018 515.328 2.38276 29 156160
20.2522 520.166 2.33833 51 157696
20.4613 524.277 2.31999 72 159232
20.5695 519.884 2.31732 94 160256
21.7159 495.453 1.87045 0 115712
21.8552 476.389 1.96962 0 117248
21.9261 444.556 2.13671 0 118272
22.1316 442.881 2.17095 0 119808
22.2686 445.866 2.1824 0 121344
22.3203 443.208 2.22162 0 122880
22.5654 446.128 2.23305 0 124416
22.6627 441.976 2.28023 0 125952
22.8021 455.476 2.23808 0 126976
22.8886 464.114 2.22139 0 128512
23.195 464.775 2.24315 0 130048
23.3464 481.887 2.13946 13 131584
23.457 468.42 2.20096 52 133120
23.7466 470.864 2.18954 81 134656
27.7383 447.345 0.958115 2 54784
28.2393 467.462 0.941664 15 56320
28.2766 483.555 0.93428 37 57856
29.0793 467.351 0.718809 0 41984
29.0865 441.651 0.786866 0 43008
29.161 434.789 0.825927 0 44544
29.1694 373.065 0.993628 0 46080
29.3797 365.02 1.04726 0 47616
29.4734 376.128 1.04713 0 49152
29.4794 385.495 1.05174 0 50176
29.5179 379.771 1.09809 0 51712
29.8098 390.332 1.09806 0 53248
29.9588 386.044 1.14026 0 54784
30.2556 397.994 1.13513 0 56320
30.4624 360.219 1.28633 0 57856
30.6486 345.62 1.37418 0 58880
33.2754 337.297 1.44243 0 60416
33.5782 330.879 1.50542 0 61952
33.8834 325.744 1.56471 0 63488
33.9459 321.877 1.6195 0 65024
34.191 319.023 1.6703 0 66560
34.2607 316.981 1.7176 0 67584
34.3641 288.191 1.92939 0 69120
34.5131 292.555 1.9402 0 70656
34.5924 283.79 2.04095 0 72192
34.6789 262.359 2.25182 0 73728
34.8267 273.091 2.20574 0 75264
34.9108 269.18 2.28082 0 76288
35.0009 251.633 2.48591 0 77824
35.1631 264.75 2.4065 0 79360
35.2364 263.469 2.46216 0 80896
35.3229 247.544 2.66736 0 82432
35.4984 262.922 2.5554 0 83968
35.5476 275.704 2.47895 0 84992
35.6366 285.93 2.4308 0 86528
35.806 294.592 2.39865 0 88064
35.8264 301.281 2.38385 0 89600
35.8745 308.074 2.36889 0 91136
35.8961 313.749 2.36296 0 92672
35.9814 317.808 2.36923 0 93696
36.0067 293.659 2.60351 0 95232
36.1677 302.937 2.56201 0 96768
36.1929 306.515 2.5699 0 98304
36.2314 314.424 2.5421 0 99840
36.2482 320.992 2.52617 0 100864
36.2674 312.788 2.62946 0 102400
36.3515 290.604 2.87005 0 103936
36.5185 302.897 2.79181 0 105472
36.533 312.01 2.7474 0 107008
36.557 315.936 2.74992 0 108544
36.5966 324.364 2.71419 0 109568
36.6111 331.347 2.69195 0 111104
36.6303 323.956 2.78912 0 112640
36.7108 330.059 2.77264 0 114176
36.7276 306.824 3.02036 0 115712
36.8934 318.276 2.94808 0 117248
36.9103 327.438 2.90097 0 118272
36.9319 330.682 2.90754 0 119808
36.9703 338.804 2.87203 0 121344
36.9848 345.542 2.84955 0 122880
36.9968 350.693 2.84073 0 124416
37.0136 342.316 2.94409 0 125952
37.0941 348.112 2.92834 0 126976
37.1097 324.631 3.17584 0 128512
37.2719 333.963 3.12178 0 130048
37.2912 343.112 3.0723 0 131584
37.308 350.19 3.04329 0 133120
37.326 356.333 3.02333 0 134656
37.3428 358.124 3.04056 0 135680
37.3789 364.603 3.0183 0 137216
37.3933 369.786 3.00732 0 138752
37.4101 374.414 3.00108 0 140288
37.4221 364.177 3.11725 0 141824
37.5026 368.724 3.11023 0 142848
37.5183 344.245 3.36505 0 144384
37.5351 324.421 3.60638 0 145920
37.6997 338.842 3.48708 0 147456
37.7141 351.581 3.39368 0 148992
37.7285 361.051 3.33675 0 150528
37.7466 369.108 3.2953 0 151552
37.7622 371.948 3.30128 0 153088
37.8018 379.988 3.26191 0 154624
37.8139 386.66 3.23559 0 156160
37.8259 391.758 3.22305 0 157696
37.8427 396.076 3.21716 0 159232
37.8547 386.073 3.33052 0 160256
37.8667 377.83 3.43384 0 161792
37.9508 355.855 3.67844 0 163328
37.9629 337.314 3.91498 0 164864
37.9749 323.202 4.12176 0 166400
38.1383 341.953 3.92962 0 167936
38.1575 359.116 3.77407 0 168960
38.1719 372.366 3.67088 0 170496
38.1852 383.447 3.59501 0 172032
38.202 388.466 3.57838 0 173568
38.214 392.482 3.57128 0 175104
38.2536 401.462 3.52025 0 176640
38.2681 409.367 3.48057 0 177664
38.2801 415.45 3.45749 0 179200
38.2921 420.558 3.44304 0 180736
38.3089 424.884 3.43525 0 182272
38.3197 414.646 3.54801 0 183808
38.3342 405.976 3.65231 0 185344
38.4195 383.899 3.89252 0 186368
38.4255 365.517 4.11997 0 187904
38.4375 350.09 4.33461 0 189440
38.4555 339.191 4.50804 0 190976
38.6261 362.434 4.2509 0 192512
38.6406 381.749 4.06617 0 193536
38.6526 397.442 3.93476 0 195072
38.6658 409.756 3.84479 0 196608
38.679 419.847 3.77997 0 198144
38.6922 423.594 3.77388 0 199680
38.7079 427.073 3.77026 0 201216
38.7415 434.902 3.72902 0 202240
38.7607 442.848 3.68827 0 203776
38.7727 448.964 3.66383 0 205312
38.7824 454.098 3.64792 0 206848
38.7968 458.685 3.63669 0 208384
38.8112 461.874 3.63666 0 209920
38.8232 450.968 3.7503 0 210944
38.8364 441.762 3.85467 0 212480
38.9133 446.894 3.83633 0 214016
38.9338 422.402 4.08619 0 215552
38.9434 401.366 4.32922 0 217088
38.9602 385.498 4.53747 0 218624
39.1164 402.604 4.37345 0 219648
39.15 420.855 4.21131 0 221184
39.1633 436.176 4.08995 0 222720
39.1777 449.154 3.99756 0 224256
39.1885 459.056 3.93657 0 225792
39.2005 467.218 3.89259 0 227328
39.2125 473.988 3.86143 0 228352
39.2245 474.837 3.87892 0 229888
39.2366 475.517 3.89774 0 231424
39.2486 476.782 3.91169 0 232960
39.2918 484.282 3.87503 0 234496
39.3038 491.004 3.84557 0 235520
39.3159 496.14 3.82911 0 237056
39.3255 500.49 3.81898 0 238592
39.3387 504.21 3.81378 0 240128
39.3495 507.427 3.81243 0 241664
39.3615 509.519 3.81951 0 243200
39.3759 496.774 3.94082 0 244224
39.3868 486.578 4.0472 0 245760
39.4649 490.677 4.01339 2 247296
39.4805 465.359 4.18196 7 248832
39.4877 442.22 4.37458 11 250368
39.4961 422.027 4.61134 17 251904
39.5105 406.593 4.78639 24 252928
39.5213 394.727 4.93027 29 254464
39.6848 415.755 4.70877 37 256000
39.7064 435.701 4.5198 43 257536
39.7184 451.898 4.38343 51 259072
39.7256 465.096 4.23414 55 260608
39.7364 475.415 4.14223 62 261632
39.746 483.669 4.0955 70 263168
39.7556 490.032 4.01868 76 264704
39.7653 494.643 3.9578 82 266240
39.7749 492.803 3.94907 88 267776
39.7881 491.572 3.98252 96 269312
39.7941 490.107 3.94715 101 270336
39.8073 489.895 3.97251 109 271872
39.8422 495.013 3.88463 114 273408
39.8542 499.829 3.87038 122 274944
39.8662 503.441 3.86562 132 276480
39.8758 506.571 3.8646 140 278016
39.8854 509.315 3.86653 148 279040
39.8974 511.27 3.82908 156 280576
39.907 512.594 3.84179 164 282112
39.9227 501.637 3.99498 173 283648
39.9287 491.43 4.10153 174 285184
39.9383 483.264 4.24275 177 286208
39.9479 476.49 4.27876 176 287744
40.0344 485.972 4.17143 175 289280
