23.904 259193 260608
23.9052 260641 256000
23.9064 264985 255488
23.9076 266433 250368
23.9088 272225 249344
23.9725 273673 246272
23.9737 275121 213504
23.9749 280913 212992
23.9761 282361 209408
23.9773 286705 208896
23.9785 288153 208384
24.7367 683457 185344
24.7379 684905 185344
24.7391 686353 185344
24.7403 687801 185344
24.7415 689249 185344
24.7427 690697 185344
24.7439 692145 185344
24.7451 693593 185344
24.7463 695041 185344
24.7475 696489 185344
24.7487 697937 185344
24.7499 699385 185344
24.7511 700833 185344
24.7535 702281 185344
24.7547 703729 185344
24.7559 705177 185344
24.7571 706625 185344
24.7583 708073 185344
24.7595 709521 185344
24.7607 710969 185344
24.7619 712417 185344
24.7631 713865 185344
24.7643 715313 186368
24.7655 716761 186368
24.7667 718209 186368
24.7679 719657 186368
24.7691 721105 186368
24.7703 722553 186368
24.7715 724001 186368
24.7739 725449 187904
24.7763 726897 187904
24.7787 728345 187904
24.7799 729793 187904
24.7823 731241 187904
24.7847 732689 187904
24.786 734137 187904
24.7872 735585 187904
24.7896 737033 187904
24.792 738481 187904
24.7932 739929 187904
24.7944 741377 187904
24.7968 742825 187904
24.7992 744273 189440
24.8004 745721 189440
24.8016 747169 189440
24.804 748617 189440
24.8064 750065 189440
24.8076 751513 189440
24.81 752961 189440
24.8124 754409 189440
24.8148 755857 189440
24.8172 757305 189440
24.8196 758753 189440
24.822 760201 190976
24.8244 761649 190976
24.8268 763097 190976
24.8617 764545 190976
24.8641 765993 190976
24.8653 767441 190976
24.8665 768889 190976
24.8677 770337 190976
24.8689 771785 190976
25.0371 773233 190976
25.0467 774681 192512
25.0479 776129 192512
25.0491 777577 192512
25.0503 779025 192512
25.0515 780473 192512
25.0527 781921 192512
25.0539 783369 192512
25.0551 784817 193536
25.0563 786265 193536
25.0587 787713 193536
25.0611 789161 193536
25.0623 790609 193536
25.0635 792057 193536
25.0647 793505 193536
25.0659 794953 193536
25.0671 796401 193536
25.0683 797849 195072
25.0695 799297 195072
25.0707 800745 195072
25.0731 802193 195072
25.0755 803641 195072
25.0767 805089 195072
25.0779 806537 195072
25.0791 807985 195072
25.0803 809433 195072
25.0815 810881 195072
25.0827 812329 195072
25.0839 813777 196608
25.0864 815225 196608
25.0888 816673 196608
25.09 818121 196608
25.0912 819569 196608
25.0924 821017 196608
25.0936 822465 196608
25.0948 823913 196608
25.096 825361 196608
25.0972 826809 198144
25.0984 828257 198144
25.0996 829705 198144
25.1008 831153 198144
25.102 832601 198144
25.1032 834049 198144
25.1044 835497 198144
25.1056 836945 198144
25.1068 838393 198144
25.108 839841 198144
25.1104 841289 198144
25.1128 842737 199680
25.114 844185 199680
25.1152 845633 199680
25.1164 847081 199680
25.1176 848529 199680
25.1188 849977 199680
25.12 851425 199680
25.1212 852873 199680
25.1224 854321 199680
25.1236 855769 199680
25.126 857217 199680
25.1296 858665 199680
25.132 860113 199680
25.1344 861561 201216
25.1356 863009 201216
25.138 864457 201216
25.1404 865905 201216
25.1416 867353 201216
25.1452 868801 201216
25.1464 870249 201216
25.15 871697 201216
25.1512 873145 201216
25.1548 874593 201216
25.156 876041 201216
25.1572 877489 202240
25.1584 878937 202240
25.1596 880385 202240
25.1608 881833 202240
25.1621 883281 202240
25.1633 884729 202240
25.1645 886177 202240
25.1657 887625 202240
25.1669 889073 202240
25.1681 890521 202240
25.1693 891969 202240
25.1705 893417 202240
25.1717 894865 202240
25.1729 896313 203776
25.1741 897761 203776
25.1753 899209 203776
25.1765 900657 203776
25.1777 902105 203776
25.1801 903553 203776
25.1825 905001 203776
25.1849 906449 203776
25.1861 907897 203776
25.1873 909345 203776
25.1885 910793 203776
25.1897 912241 203776
25.1909 913689 203776
25.1921 915137 205312
25.1933 916585 205312
25.1945 918033 205312
25.1957 919481 205312
25.1969 920929 205312
25.1981 922377 205312
25.1993 923825 205312
25.2005 925273 205312
25.2029 926721 205312
25.2053 928169 205312
25.2065 929617 205312
25.2077 931065 205312
25.2101 932513 205312
25.2125 933961 205312
25.2137 935409 205312
25.2161 936857 206848
25.2185 938305 206848
25.2197 939753 206848
25.2209 941201 206848
25.2221 942649 206848
25.2245 944097 206848
25.2269 945545 206848
25.2281 946993 206848
25.2293 948441 206848
25.2317 949889 206848
25.2341 951337 206848
25.2366 952785 206848
25.2378 954233 206848
25.2402 955681 206848
25.2426 957129 206848
25.2438 958577 208384
25.2462 960025 208384
25.2486 961473 208384
25.2498 962921 208384
25.2522 964369 208384
25.2546 965817 208384
25.257 967265 208384
25.2594 968713 208384
25.2618 970161 208384
25.2966 971609 208384
25.299 973057 208384
25.3014 974505 208384
25.3026 975953 208384
25.3038 977401 208384
25.305 978849 208384
25.4733 980297 209920
25.4757 981745 209920
25.4781 983193 209920
25.4877 984641 209920
25.4901 986089 209920
25.4925 987537 209920
25.4949 988985 209920
25.4961 990433 209920
25.4973 991881 209920
25.4985 993329 210944
25.4997 994777 210944
25.5021 996225 210944
25.5045 997673 210944
25.5057 999121 210944
25.5069 1000569 210944
25.5081 1002017 210944
25.5093 1003465 210944
25.5105 1004913 210944
25.5117 1006361 210944
25.5129 1007809 210944
25.5141 1009257 210944
25.5153 1010705 210944
25.5177 1012153 212480
25.5201 1013601 212480
25.5213 1015049 212480
25.5225 1016497 212480
25.5237 1017945 212480
25.5249 1019393 212480
25.5261 1020841 212480
25.5273 1022289 212480
25.5285 1023737 212480
25.5297 1025185 212480
25.5321 1026633 212480
25.5345 1028081 212480
25.5357 1029529 212480
25.537 1030977 212480
25.5382 1032425 212480
25.5394 1033873 214016
25.5406 1035321 214016
25.5418 1036769 214016
25.543 1038217 214016
25.5442 1039665 214016
25.5454 1041113 214016
25.5466 1042561 214016
25.5478 1044009 214016
25.549 1045457 214016
25.5502 1046905 214016
25.5514 1048353 214016
25.5526 1049801 214016
25.5538 1051249 214016
25.5562 1052697 214016
25.5586 1054145 214016
25.5598 1055593 215552
25.561 1057041 215552
25.5622 1058489 215552
25.5634 1059937 215552
25.5646 1061385 215552
25.5658 1062833 215552
25.567 1064281 215552
25.5682 1065729 215552
25.5694 1067177 215552
25.5706 1068625 215552
25.573 1070073 215552
25.5754 1071521 215552
25.5778 1072969 215552
25.5814 1074417 215552
25.5838 1075865 215552
25.5862 1077313 217088
25.5874 1078761 217088
25.5886 1080209 217088
25.591 1081657 217088
25.5934 1083105 217088
25.5958 1084553 217088
25.5982 1086001 217088
25.6006 1087449 217088
25.603 1088897 217088
25.6054 1090345 217088
25.6078 1091793 217088
25.609 1093241 217088
25.6102 1094689 217088
25.6114 1096137 217088
25.6127 1097585 217088
25.6139 1099033 217088
25.6151 1100481 217088
25.6163 1101929 218624
25.6175 1103377 218624
25.6187 1104825 218624
25.6199 1106273 218624
25.6211 1107721 218624
25.6223 1109169 218624
25.6235 1110617 218624
25.6247 1112065 218624
25.6259 1113513 218624
25.6271 1114961 218624
25.6283 1116409 218624
25.6295 1117857 218624
25.6319 1119305 218624
25.6331 1120753 218624
25.6343 1122201 218624
25.6367 1123649 218624
25.6391 1125097 218624
25.6415 1126545 219648
25.6439 1127993 219648
25.6451 1129441 219648
25.6463 1130889 219648
25.6475 1132337 219648
25.6487 1133785 219648
25.6499 1135233 219648
25.6511 1136681 219648
25.6523 1138129 219648
25.6535 1139577 219648
25.6547 1141025 219648
25.6559 1142473 219648
25.6571 1143921 219648
25.6583 1145369 219648
25.6607 1146817 219648
25.6631 1148265 219648
25.6643 1149713 219648
25.6655 1151161 219648
25.6679 1152609 219648
25.6703 1154057 221184
25.6715 1155505 221184
25.6727 1156953 221184
25.6751 1158401 221184
25.6775 1159849 221184
25.6787 1161297 221184
25.6799 1162745 221184
25.6811 1164193 221184
25.6835 1165641 221184
25.6859 1167089 221184
25.6872 1168537 221184
25.6884 1169985 221184
25.6908 1171433 221184
25.6932 1172881 221184
25.6944 1174329 221184
25.6968 1175777 221184
25.6992 1177225 221184
25.7004 1178673 221184
25.7028 1180121 221184
25.7064 1181569 221184
25.7076 1183017 221184
25.71 1184465 222720
25.7124 1185913 222720
25.7136 1187361 222720
25.716 1188809 222720
25.7184 1190257 222720
25.7208 1191705 222720
25.7232 1193153 222720
25.7592 1194601 222720
25.7616 1196049 222720
25.7641 1197497 222720
25.7653 1198945 222720
25.7665 1200393 222720
25.7677 1201841 222720
25.9371 1203289 222720
25.9395 1204737 222720
25.9515 1206185 224256
25.9539 1207633 224256
25.9563 1209081 224256
25.9587 1210529 224256
25.9611 1211977 224256
25.9623 1213425 224256
25.9635 1214873 224256
25.9647 1216321 224256
25.9659 1217769 224256
25.9683 1219217 224256
25.9707 1220665 224256
25.9731 1222113 224256
25.9743 1223561 224256
25.9755 1225009 224256
25.9767 1226457 224256
25.9779 1227905 225792
25.9791 1229353 225792
25.9803 1230801 225792
25.9815 1232249 225792
25.9827 1233697 225792
25.9851 1235145 225792
25.9876 1236593 225792
25.9888 1238041 225792
25.99 1239489 225792
25.9912 1240937 225792
25.9924 1242385 225792
25.9936 1243833 225792
25.9948 1245281 225792
25.996 1246729 225792
25.9972 1248177 225792
25.9984 1249625 225792
26.0008 1251073 225792
26.0032 1252521 225792
26.0044 1253969 225792
26.0056 1255417 227328
26.0068 1256865 227328
26.008 1258313 227328
26.0092 1259761 227328
26.0104 1261209 227328
26.0116 1262657 227328
26.0128 1264105 227328
26.014 1265553 227328
26.0152 1267001 227328
26.0164 1268449 227328
26.0176 1269897 227328
26.0188 1271345 227328
26.02 1272793 227328
26.0212 1274241 227328
26.0224 1275689 227328
26.0248 1277137 227328
26.0272 1278585 227328
26.0284 1280033 228352
26.0296 1281481 228352
26.0308 1282929 228352
26.032 1284377 228352
26.0332 1285825 228352
26.0344 1287273 228352
26.0356 1288721 228352
26.0368 1290169 228352
26.038 1291617 228352
26.0392 1293065 228352
26.0404 1294513 228352
26.0428 1295961 228352
26.0452 1297409 228352
26.0464 1298857 228352
26.0488 1300305 228352
26.0524 1301753 228352
26.0548 1303201 228352
26.0572 1304649 228352
26.0596 1306097 228352
26.0608 1307545 228352
26.062 1308993 228352
26.0645 1310441 229888
26.0669 1311889 229888
26.0681 1313337 229888
26.0705 1314785 229888
26.0729 1316233 229888
26.0753 1317681 229888
26.0777 1319129 229888
26.0801 1320577 229888
26.0825 1322025 229888
26.0837 1323473 229888
26.0849 1324921 229888
26.0861 1326369 229888
26.0873 1327817 229888
26.0885 1329265 229888
26.0897 1330713 229888
26.0909 1332161 229888
26.0921 1333609 229888
26.0933 1335057 229888
26.0945 1336505 229888
26.0957 1337953 231424
26.0969 1339401 231424
26.0981 1340849 231424
26.0993 1342297 231424
26.1005 1343745 231424
26.1017 1345193 231424
26.1029 1346641 231424
26.1041 1348089 231424
26.1053 1349537 231424
26.1065 1350985 231424
26.1077 1352433 231424
26.1101 1353881 231424
26.1125 1355329 231424
26.1173 1356777 231424
26.1197 1358225 231424
26.1233 1359673 231424
26.1245 1361121 231424
26.1257 1362569 231424
26.1269 1364017 231424
26.1281 1365465 231424
26.1293 1366913 231424
26.1305 1368361 231424
26.1317 1369809 231424
26.1329 1371257 232960
26.1341 1372705 232960
26.1353 1374153 232960
26.1365 1375601 232960
26.1378 1377049 232960
26.139 1378497 232960
26.1414 1379945 232960
26.1438 1381393 232960
26.145 1382841 232960
26.1462 1384289 232960
26.1486 1385737 232960
26.151 1387185 232960
26.1522 1388633 232960
26.1534 1390081 232960
26.1558 1391529 232960
26.1582 1392977 232960
26.1606 1394425 232960
26.1618 1395873 232960
26.163 1397321 232960
26.1654 1398769 232960
26.1678 1400217 232960
26.169 1401665 232960
26.1702 1403113 232960
26.1726 1404561 232960
26.175 1406009 232960
26.1762 1407457 234496
26.1786 1408905 234496
26.181 1410353 234496
26.1822 1411801 234496
26.1834 1413249 234496
26.187 1414697 234496
26.1882 1416145 234496
26.1906 1417593 234496
26.193 1419041 234496
26.1942 1420489 234496
26.1966 1421937 234496
26.199 1423385 234496
26.2014 1424833 234496
26.2038 1426281 234496
26.2062 1427729 234496
26.2435 1429177 234496
26.2459 1430625 234496
26.2483 1432073 234496
26.2495 1433521 234496
26.2507 1434969 234496
26.2519 1436417 234496
26.4249 1437865 235520
26.4273 1439313 235520
26.4297 1440761 235520
26.443 1442209 235520
26.4454 1443657 235520
26.449 1445105 235520
26.4514 1446553 235520
26.4538 1448001 235520
26.455 1449449 235520
26.4562 1450897 235520
26.4574 1452345 235520
26.4586 1453793 235520
26.461 1455241 235520
26.4634 1456689 235520
26.4646 1458137 235520
26.4658 1459585 235520
26.467 1461033 235520
26.4682 1462481 235520
26.4694 1463929 235520
26.4706 1465377 237056
26.4718 1466825 237056
26.473 1468273 237056
26.4754 1469721 237056
26.4778 1471169 237056
26.479 1472617 237056
26.4802 1474065 237056
26.4814 1475513 237056
26.4826 1476961 237056
26.4838 1478409 237056
26.485 1479857 237056
26.4862 1481305 237056
26.4874 1482753 237056
26.4886 1484201 237056
26.4898 1485649 237056
26.4922 1487097 237056
26.4946 1488545 237056
26.4958 1489993 237056
26.497 1491441 237056
26.4982 1492889 237056
26.4994 1494337 237056
26.5006 1495785 237056
26.5018 1497233 237056
26.503 1498681 238592
26.5042 1500129 238592
26.5054 1501577 238592
26.5066 1503025 238592
26.5078 1504473 238592
26.509 1505921 238592
26.5102 1507369 238592
26.5114 1508817 238592
26.5126 1510265 238592
26.5139 1511713 238592
26.5163 1513161 238592
26.5187 1514609 238592
26.5199 1516057 238592
26.5211 1517505 238592
26.5223 1518953 238592
26.5235 1520401 238592
26.5247 1521849 238592
26.5259 1523297 238592
26.5271 1524745 238592
26.5283 1526193 238592
26.5295 1527641 238592
26.5307 1529089 238592
26.5319 1530537 238592
26.5331 1531985 238592
26.5355 1533433 238592
26.5379 1534881 240128
26.5391 1536329 240128
26.5415 1537777 240128
26.5439 1539225 240128
26.5451 1540673 240128
26.5487 1542121 240128
26.5511 1543569 240128
26.5535 1545017 240128
26.5547 1546465 240128
26.5559 1547913 240128
26.5583 1549361 240128
26.5607 1550809 240128
26.5619 1552257 240128
26.5643 1553705 240128
26.5667 1555153 240128
26.5691 1556601 240128
26.5715 1558049 240128
26.5751 1559497 240128
26.5775 1560945 240128
26.5787 1562393 240128
26.5799 1563841 240128
26.5811 1565289 240128
26.5823 1566737 240128
26.5835 1568185 240128
26.5847 1569633 240128
26.5859 1571081 240128
26.5871 1572529 240128
26.5884 1573977 241664
26.5896 1575425 241664
26.5908 1576873 241664
26.592 1578321 241664
26.5932 1579769 241664
26.5944 1581217 241664
26.5956 1582665 241664
26.5968 1584113 241664
26.598 1585561 241664
26.5992 1587009 241664
26.6004 1588457 241664
26.6016 1589905 241664
26.6028 1591353 241664
26.604 1592801 241664
26.6052 1594249 241664
26.6076 1595697 241664
26.61 1597145 241664
26.6172 1598593 241664
26.6196 1600041 241664
26.6244 1601489 241664
26.6268 1602937 241664
26.6292 1604385 241664
26.6316 1605833 241664
26.634 1607281 241664
26.6364 1608729 241664
26.6376 1610177 241664
26.6388 1611625 241664
26.64 1613073 241664
26.6412 1614521 241664
26.6424 1615969 243200
26.6436 1617417 243200
26.6448 1618865 243200
26.6472 1620313 243200
26.6496 1621761 243200
26.6508 1623209 243200
26.652 1624657 243200
26.6532 1626105 243200
26.6556 1627553 243200
26.658 1629001 243200
26.6592 1630449 243200
26.6604 1631897 243200
26.6628 1633345 243200
26.6653 1634793 243200
26.6677 1636241 243200
26.6701 1637689 243200
26.6713 1639137 243200
26.6725 1640585 243200
26.6749 1642033 243200
26.6773 1643481 243200
26.6785 1644929 243200
26.6797 1646377 243200
26.6821 1647825 243200
26.6845 1649273 243200
26.6857 1650721 243200
26.6881 1652169 243200
26.6905 1653617 243200
26.6917 1655065 243200
26.6929 1656513 243200
26.6965 1657961 243200
26.6977 1659409 243200
26.7001 1660857 243200
26.7025 1662305 243200
26.7037 1663753 244224
26.7061 1665201 244224
26.7085 1666649 244224
26.7097 1668097 244224
26.7121 1669545 244224
26.7145 1670993 244224
26.7169 1672441 244224
26.7554 1673889 244224
26.7578 1675337 244224
26.759 1676785 244224
26.7602 1678233 244224
26.7614 1679681 244224
26.7638 1681129 244224
26.9416 1682577 244224
26.944 1684025 244224
26.9584 1685473 244224
26.9608 1686921 244224
26.9645 1688369 244224
26.9669 1689817 244224
26.9693 1691265 244224
26.9705 1692713 244224
26.9717 1694161 244224
26.9729 1695609 244224
26.9741 1697057 244224
26.9765 1698505 244224
26.9789 1699953 245760
26.9801 1701401 245760
26.9813 1702849 245760
26.9825 1704297 245760
26.9837 1705745 245760
26.9849 1707193 245760
26.9861 1708641 245760
26.9873 1710089 245760
26.9885 1711537 245760
26.9909 1712985 245760
26.9933 1714433 245760
26.9945 1715881 245760
26.9957 1717329 245760
26.9969 1718777 245760
26.9981 1720225 245760
26.9993 1721673 245760
27.0005 1723121 245760
27.0017 1724569 245760
27.0029 1726017 245760
27.0041 1727465 245760
27.0053 1728913 245760
27.0065 1730361 245760
27.0089 1731809 245760
27.0113 1733257 245760
27.0125 1734705 245760
27.0137 1736153 245760
27.0149 1737601 245760
27.0161 1739049 245760
27.0173 1740497 245760
27.0185 1741945 247296
27.0197 1743393 247296
27.0209 1744841 247296
27.0221 1746289 247296
27.0233 1747737 247296
27.0245 1749185 247296
27.0257 1750633 247296
27.0269 1752081 247296
27.0281 1753529 247296
27.0293 1754977 247296
27.0305 1756425 247296
27.0329 1757873 247296
27.0353 1759321 247296
27.0365 1760769 247296
27.0377 1762217 247296
27.039 1763665 247296
27.0402 1765113 247296
27.0414 1766561 247296
27.0426 1768009 247296
27.0438 1769457 247296
27.045 1770905 247296
27.0462 1772353 247296
27.0474 1773801 247296
27.0486 1775249 247296
27.0498 1776697 247296
27.051 1778145 247296
27.0534 1779593 247296
27.0558 1781041 247296
27.057 1782489 247296
27.0594 1783937 247296
27.0618 1785385 247296
27.063 1786833 247296
27.0654 1788281 247296
27.0702 1789729 247296
27.0726 1791177 247296
27.0738 1792625 248832
27.075 1794073 248832
27.0774 1795521 248832
27.0798 1796969 248832
27.081 1798417 248832
27.0822 1799865 248832
27.0846 1801313 248832
27.087 1802761 248832
27.0894 1804209 248832
27.0918 1805657 248832
27.0942 1807105 248832
27.0978 1808553 248832
27.1002 1810001 248832
27.1014 1811449 248832
27.1026 1812897 248832
27.1038 1814345 248832
27.105 1815793 248832
27.1062 1817241 248832
27.1074 1818689 248832
27.1086 1820137 248832
27.1098 1821585 248832
27.111 1823033 248832
27.1122 1824481 248832
27.1134 1825929 248832
27.1147 1827377 248832
27.1159 1828825 248832
27.1171 1830273 248832
27.1183 1831721 248832
27.1195 1833169 248832
27.1207 1834617 248832
27.1219 1836065 248832
27.1231 1837513 248832
27.1243 1838961 248832
27.1255 1840409 248832
27.1267 1841857 248832
27.1279 1843305 250368
27.1303 1844753 250368
27.1327 1846201 250368
27.1399 1847649 250368
27.1423 1849097 250368
27.1495 1850545 250368
27.1519 1851993 250368
27.1567 1853441 250368
27.1591 1854889 250368
27.1639 1856337 250368
27.1663 1857785 250368
27.1699 1859233 250368
27.1723 1860681 250368
27.1747 1862129 250368
27.1771 1863577 250368
27.1795 1865025 250368
27.1819 1866473 250368
27.1843 1867921 250368
27.1867 1869369 250368
27.1904 1870817 250368
27.1928 1872265 250368
27.194 1873713 250368
27.1952 1875161 250368
27.1964 1876609 250368
27.1988 1878057 250368
27.2012 1879505 250368
27.2024 1880953 250368
27.2036 1882401 250368
27.206 1883849 250368
27.2084 1885297 250368
27.2108 1886745 250368
27.2132 1888193 250368
27.2144 1889641 250368
27.2156 1891089 250368
27.218 1892537 250368
27.2204 1893985 250368
27.2216 1895433 250368
27.2228 1896881 250368
27.2252 1898329 250368
27.2276 1899777 250368
27.2288 1901225 250368
27.2312 1902673 250368
27.2336 1904121 250368
27.2348 1905569 250368
27.236 1907017 250368
27.2396 1908465 251904
27.2408 1909913 251904
27.242 1911361 251904
27.2444 1912809 251904
27.2468 1914257 251904
27.248 1915705 251904
27.2504 1917153 251904
27.2528 1918601 251904
27.254 1920049 251904
27.2564 1921497 251904
27.2588 1922945 251904
27.2973 1924393 251904
27.2997 1925841 251904
27.3021 1927289 251904
27.3033 1928737 251904
27.3045 1930185 251904
27.3069 1931633 251904
27.4883 1933081 251904
27.4908 1934529 251904
27.5064 1935977 251904
27.5088 1937425 251904
27.5124 1938873 251904
27.5148 1940321 251904
27.5172 1941769 251904
27.5196 1943217 251904
27.5208 1944665 251904
27.522 1946113 251904
27.5232 1947561 251904
27.5244 1949009 251904
27.5268 1950457 251904
27.5292 1951905 251904
27.5304 1953353 251904
27.5316 1954801 251904
27.5328 1956249 251904
27.534 1957697 251904
27.5352 1959145 252928
27.5364 1960593 252928
27.5376 1962041 252928
27.5388 1963489 252928
27.54 1964937 252928
27.5424 1966385 252928
27.5448 1967833 252928
27.546 1969281 252928
27.5472 1970729 252928
27.5484 1972177 252928
27.5496 1973625 252928
27.5508 1975073 252928
27.552 1976521 252928
27.5532 1977969 252928
27.5544 1979417 252928
27.5556 1980865 252928
27.5568 1982313 252928
27.558 1983761 252928
27.5604 1985209 252928
27.5628 1986657 252928
27.564 1988105 252928
27.5653 1989553 252928
27.5665 1991001 252928
27.5677 1992449 252928
27.5689 1993897 252928
27.5701 1995345 252928
27.5713 1996793 252928
27.5725 1998241 252928
27.5737 1999689 252928
27.5749 2001137 252928
27.5761 2002585 252928
27.5773 2004033 252928
27.5785 2005481 252928
27.5797 2006929 252928
27.5809 2008377 252928
27.5821 2009825 252928
27.5845 2011273 252928
27.5869 2012721 252928
27.5881 2014169 252928
27.5893 2015617 252928
27.5905 2017065 252928
27.5917 2018513 252928
27.5929 2019961 252928
27.5941 2021409 254464
27.5953 2022857 254464
27.5965 2024305 254464
27.5977 2025753 254464
27.5989 2027201 254464
27.6001 2028649 254464
27.6013 2030097 254464
27.6025 2031545 254464
27.6037 2032993 254464
27.6061 2034441 254464
27.6085 2035889 254464
27.6097 2037337 254464
27.6121 2038785 254464
27.6145 2040233 254464
27.6157 2041681 254464
27.6205 2043129 254464
27.6229 2044577 254464
27.6241 2046025 254464
27.6253 2047473 254464
27.6277 2048921 254464
27.6301 2050369 254464
27.6313 2051817 254464
27.6325 2053265 254464
27.6349 2054713 254464
27.6373 2056161 254464
27.6398 2057609 254464
27.6422 2059057 254464
27.6446 2060505 254464
27.647 2061953 254464
27.6506 2063401 254464
27.6518 2064849 254464
27.653 2066297 254464
27.6542 2067745 254464
27.6554 2069193 254464
27.6566 2070641 254464
27.6578 2072089 254464
27.659 2073537 254464
27.6602 2074985 254464
27.6614 2076433 254464
27.6626 2077881 254464
27.6638 2079329 254464
27.665 2080777 254464
27.6662 2082225 254464
27.6674 2083673 254464
27.6686 2085121 254464
27.6698 2086569 256000
27.671 2088017 256000
27.6722 2089465 256000
27.6734 2090913 256000
27.6746 2092361 256000
27.6758 2093809 256000
27.677 2095257 256000
27.6782 2096705 256000
27.6794 2098153 256000
27.6806 2099601 256000
27.683 2101049 256000
27.6902 2102497 256000
27.6926 2103945 256000
27.701 2105393 256000
27.707 2108289 256000
27.7094 2109737 256000
27.7142 2111185 256000
27.7167 2112633 256000
27.7203 2114081 256000
27.7227 2115529 256000
27.7251 2116977 256000
27.7275 2118425 256000
27.7299 2119873 256000
27.7323 2121321 256000
27.7347 2122769 256000
27.7371 2124217 256000
27.7419 2125665 256000
27.7431 2127113 256000
27.7443 2128561 256000
27.7455 2130009 256000
27.7467 2131457 256000
27.7491 2132905 256000
27.7515 2134353 256000
27.7527 2135801 256000
27.7539 2137249 256000
27.7563 2138697 256000
27.7587 2140145 256000
27.7611 2141593 256000
27.7635 2143041 256000
27.7647 2144489 256000
27.7659 2145937 256000
27.7683 2147385 256000
27.7707 2148833 256000
27.7719 2150281 256000
27.7731 2151729 256000
27.7755 2153177 256000
27.7779 2154625 256000
27.7791 2156073 256000
27.7815 2157521 256000
27.7839 2158969 256000
27.7851 2160417 256000
27.7863 2161865 256000
27.79 2163313 256000
27.7912 2164761 256000
27.7924 2166209 256000
27.7948 2167657 256000
27.7972 2169105 256000
27.7984 2170553 256000
27.8008 2172001 256000
27.8032 2173449 256000
27.8044 2174897 257536
27.8068 2176345 257536
27.8092 2179241 257536
27.8116 2180689 257536
27.85 2182137 257536
27.8524 2183585 257536
27.8548 2185033 257536
27.856 2186481 257536
27.8572 2187929 257536
27.8596 2189377 257536
28.0423 2190825 257536
28.0435 2192273 257536
28.0591 2193721 257536
28.0615 2195169 257536
28.0651 2196617 257536
28.0675 2198065 257536
28.0699 2199513 257536
28.0723 2200961 257536
28.0735 2202409 257536
28.0747 2203857 257536
28.0759 2205305 257536
28.0771 2206753 257536
28.0795 2208201 257536
28.0819 2209649 257536
28.0831 2211097 257536
28.0843 2212545 257536
28.0855 2213993 257536
28.0867 2215441 257536
28.0879 2216889 257536
28.0891 2218337 257536
28.0904 2219785 257536
28.0916 2221233 257536
28.0928 2222681 257536
28.0952 2224129 257536
28.0976 2225577 257536
28.0988 2227025 257536
28.1 2228473 257536
28.1012 2229921 257536
28.1024 2231369 257536
28.1036 2232817 257536
28.1048 2234265 257536
28.106 2235713 257536
28.1072 2237161 257536
28.1084 2238609 257536
28.1096 2240057 257536
28.1108 2241505 257536
28.1132 2242953 257536
28.1156 2244401 257536
28.1168 2245849 257536
28.118 2247297 257536
28.1192 2248745 257536
28.1204 2250193 257536
28.1216 2251641 257536
28.1228 2253089 257536
28.124 2254537 257536
28.1252 2255985 257536
28.1264 2257433 257536
28.1276 2258881 257536
28.1288 2260329 259072
28.13 2261777 259072
28.1312 2263225 259072
28.1324 2264673 259072
28.1336 2266121 259072
28.1348 2267569 259072
28.136 2269017 259072
28.1384 2270465 259072
28.1396 2271913 259072
28.1408 2273361 259072
28.142 2274809 259072
28.1432 2276257 259072
28.1444 2277705 259072
28.1456 2279153 259072
28.1468 2280601 259072
28.148 2282049 259072
28.1492 2283497 259072
28.1504 2284945 259072
28.1516 2286393 259072
28.1528 2287841 259072
28.154 2289289 259072
28.1552 2290737 259072
28.1564 2292185 259072
28.1588 2293633 259072
28.1612 2295081 259072
28.1624 2296529 259072
28.1648 2297977 259072
28.1673 2299425 259072
28.1685 2300873 259072
28.1733 2302321 259072
28.1757 2303769 259072
28.1769 2305217 259072
28.1781 2306665 259072
28.1805 2308113 259072
28.1829 2309561 259072
28.1841 2311009 259072
28.1853 2312457 259072
28.1877 2313905 259072
28.1889 2315353 259072
28.1913 2316801 259072
28.1925 2318249 259072
28.1949 2319697 259072
28.1961 2321145 259072
28.1997 2322593 259072
28.2009 2324041 259072
28.2021 2325489 259072
28.2033 2326937 259072
28.2045 2328385 259072
28.2057 2329833 259072
28.2069 2331281 259072
28.2081 2332729 259072
28.2093 2334177 259072
28.2105 2335625 259072
28.2117 2337073 259072
28.2129 2338521 259072
28.2141 2339969 259072
28.2153 2341417 259072
28.2165 2342865 259072
28.2177 2344313 259072
28.2189 2345761 259072
28.2201 2347209 259072
28.2213 2348657 259072
28.2225 2350105 259072
28.2237 2351553 259072
28.2249 2353001 259072
28.2261 2354449 260608
28.2273 2355897 260608
28.2285 2357345 260608
28.2297 2358793 260608
28.2309 2360241 260608
28.2381 2361689 260608
28.2406 2363137 260608
28.249 2364585 260608
28.2514 2366033 260608
28.2574 2367481 260608
28.261 2368929 260608
28.2646 2106841 259072
28.2706 2370377 257536
28.2742 2371825 256512
28.2754 2373273 256000
28.279 2374721 255488
28.2814 2376169 254976
28.2862 2377617 253952
28.2874 2379065 253440
28.2886 2380513 252416
28.2898 2381961 251904
28.2958 2177793 202752
28.6887 2562961 182272
28.6912 2564409 182272
28.8726 2565857 183808
28.8738 2567305 183808
28.8762 2568753 183808
28.8786 2570201 185344
28.8798 2571649 185344
28.881 2573097 185344
28.8822 2574545 186368
28.8834 2575993 186368
28.8846 2577441 186368
28.8858 2578889 187904
28.887 2580337 187904
28.8882 2581785 187904
28.8894 2583233 189440
28.8906 2584681 189440
28.893 2586129 189440
28.8942 2587577 190976
28.8966 2589025 190976
28.8978 2590473 190976
28.899 2591921 192512
28.9002 2593369 192512
28.9014 2594817 192512
28.9026 2596265 192512
28.9038 2597713 192512
28.905 2599161 192512
28.9062 2600609 192512
28.9074 2602057 192512
28.9086 2603505 192512
28.9098 2604953 192512
28.911 2606401 192512
28.9134 2607849 192512
28.9146 2609297 192512
28.9171 2610745 192512
28.9183 2612193 192512
28.9195 2613641 192512
28.9207 2615089 192512
28.9219 2616537 192512
28.9231 2617985 192512
28.9243 2619433 192512
28.9255 2620881 192512
28.9267 2622329 192512
28.9279 2623777 192512
28.9291 2625225 193536
28.9303 2626673 193536
28.9315 2628121 193536
28.9327 2629569 193536
28.9339 2631017 193536
28.9351 2632465 193536
28.9363 2633913 193536
28.9375 2635361 193536
28.9387 2636809 193536
28.9411 2638257 193536
28.9423 2639705 193536
28.9435 2641153 193536
28.9447 2642601 193536
28.9459 2644049 193536
28.9471 2645497 193536
28.9483 2646945 193536
28.9495 2648393 193536
28.9507 2649841 193536
28.9519 2651289 193536
28.9531 2652737 193536
28.9543 2654185 193536
28.9555 2655633 193536
28.9567 2657081 193536
28.9579 2658529 193536
28.9591 2659977 193536
28.9603 2661425 193536
28.9627 2662873 193536
28.9639 2664321 193536
28.9663 2665769 193536
28.9675 2667217 193536
28.9687 2668665 193536
28.9723 2670113 193536
28.9735 2671561 193536
28.9783 2673009 193536
28.9795 2674457 193536
28.9819 2675905 193536
28.9831 2677353 193536
28.9855 2678801 193536
28.9867 2680249 193536
28.9891 2681697 193536
28.9903 2683145 193536
28.9928 2684593 193536
28.994 2686041 193536
28.9964 2687489 193536
28.9976 2688937 193536
29.0024 2690385 195072
29.0036 2691833 195072
29.006 2693281 195072
29.0096 2694729 195072
29.0108 2696177 195072
29.012 2697625 195072
29.0132 2699073 195072
29.0144 2700521 195072
29.0156 2701969 195072
29.0168 2703417 195072
29.018 2704865 195072
29.0192 2706313 195072
29.0204 2707761 195072
29.0216 2709209 195072
29.0228 2710657 195072
29.024 2712105 195072
29.0252 2713553 195072
29.0264 2715001 195072
29.0276 2716449 195072
29.0288 2717897 195072
29.03 2719345 195072
29.0312 2720793 195072
29.0324 2722241 195072
29.0336 2723689 195072
29.0348 2725137 195072
29.036 2726585 195072
29.0372 2728033 195072
29.0384 2729481 195072
29.0396 2730929 195072
29.0408 2732377 195072
29.042 2733825 195072
29.048 2735273 195072
29.0504 2736721 195072
29.0576 2738169 195072
29.06 2739617 195072
29.066 2741065 196608
29.0685 2742513 196608
29.0697 2743961 196608
29.0745 2745409 196608
29.0769 2746857 196608
29.0805 2748305 196608
29.0817 2749753 196608
29.0853 2751201 196608
29.0877 2752649 196608
29.0925 2754097 196608
29.0937 2755545 196608
29.0949 2756993 196608
29.0973 2758441 196608
29.1033 2759889 196608
29.1057 2761337 196608
29.2895 2762785 196608
29.292 2764233 196608
29.2956 2765681 196608
29.298 2767129 196608
29.2992 2768577 196608
29.3004 2770025 196608
29.3016 2771473 196608
29.3028 2772921 196608
29.304 2774369 196608
29.3052 2775817 196608
29.3064 2777265 196608
29.3076 2778713 196608
29.3088 2780161 198144
29.31 2781609 198144
29.3112 2783057 198144
29.3124 2784505 198144
29.3148 2785953 198144
29.3172 2787401 198144
29.3184 2788849 198144
29.3196 2790297 198144
29.3208 2791745 198144
29.322 2793193 198144
29.3232 2794641 198144
29.3244 2796089 198144
29.3256 2797537 198144
29.3268 2798985 198144
29.328 2800433 198144
29.3292 2801881 198144
29.3304 2803329 198144
29.3316 2804777 198144
29.3328 2806225 198144
29.3352 2807673 198144
29.3376 2809121 198144
29.3388 2810569 198144
29.34 2812017 198144
29.3412 2813465 198144
29.3424 2814913 198144
29.3436 2816361 198144
29.3448 2817809 198144
29.346 2819257 198144
29.3472 2820705 198144
29.3484 2822153 199680
29.3496 2823601 199680
29.3508 2825049 199680
29.352 2826497 199680
29.3532 2827945 199680
29.3544 2829393 199680
29.3556 2830841 199680
29.3568 2832289 199680
29.358 2833737 199680
29.3592 2835185 199680
29.3604 2836633 199680
29.3616 2838081 199680
29.3628 2839529 199680
29.364 2840977 199680
29.3652 2842425 199680
29.3664 2843873 199680
29.3677 2845321 199680
29.3689 2846769 199680
29.3701 2848217 199680
29.3713 2849665 199680
29.3725 2851113 199680
29.3737 2852561 199680
29.3749 2854009 199680
29.3761 2855457 199680
29.3785 2856905 199680
29.3809 2858353 199680
29.3821 2859801 199680
29.3845 2861249 199680
29.3869 2862697 199680
29.3893 2864145 199680
29.3905 2865593 199680
29.3917 2867041 199680
29.3941 2868489 199680
29.3965 2869937 199680
29.3989 2871385 199680
29.4037 2872833 201216
29.4049 2874281 201216
29.4061 2875729 201216
29.4073 2877177 201216
29.4097 2878625 201216
29.4121 2880073 201216
29.4133 2881521 201216
29.4145 2882969 201216
29.4169 2884417 201216
29.4193 2885865 201216
29.4205 2887313 201216
29.4217 2888761 201216
29.4241 2890209 201216
29.4289 2891657 201216
29.4301 2893105 201216
29.4337 2894553 201216
29.4349 2896001 201216
29.4361 2897449 201216
29.4373 2898897 201216
29.4385 2900345 201216
29.4397 2901793 201216
29.4409 2903241 201216
29.4422 2904689 201216
29.4434 2906137 201216
29.4446 2907585 201216
29.4458 2909033 201216
29.447 2910481 201216
29.4482 2911929 201216
29.4494 2913377 201216
29.4506 2914825 201216
29.4518 2916273 201216
29.453 2917721 201216
29.4542 2919169 201216
29.4554 2920617 201216
29.4566 2922065 201216
29.4578 2923513 202240
29.459 2924961 202240
29.4602 2926409 202240
29.4614 2927857 202240
29.4626 2929305 202240
29.4638 2930753 202240
29.465 2932201 202240
29.4662 2933649 202240
29.4674 2935097 202240
29.4722 2936545 202240
29.4746 2937993 202240
29.4818 2939441 202240
29.4842 2940889 202240
29.4902 2942337 202240
29.4926 2943785 202240
29.495 2945233 202240
29.4962 2946681 202240
29.501 2948129 202240
29.5034 2949577 202240
29.507 2951025 202240
29.5082 2952473 202240
29.5118 2953921 202240
29.5142 2955369 202240
29.5191 2956817 202240
29.5203 2958265 202240
29.5227 2959713 202240
29.5251 2961161 202240
29.5311 2962609 202240
29.5335 2964057 202240
29.7209 2965505 203776
29.7233 2966953 203776
29.7257 2968401 203776
29.7305 2969849 203776
29.7329 2971297 203776
29.7341 2972745 203776
29.7353 2974193 203776
29.7365 2975641 203776
29.7377 2977089 203776
29.7389 2978537 203776
29.7401 2979985 203776
29.7413 2981433 203776
29.7426 2982881 203776
29.7438 2984329 203776
29.745 2985777 203776
29.7462 2987225 203776
29.7474 2988673 203776
29.7498 2990121 203776
29.7522 2991569 203776
29.7546 2993017 203776
29.7558 2994465 203776
29.757 2995913 203776
29.7582 2997361 203776
29.7594 2998809 203776
29.7606 3000257 203776
29.7618 3001705 203776
29.763 3003153 203776
29.7642 3004601 203776
29.7654 3006049 203776
29.7666 3007497 205312
29.7678 3008945 205312
29.769 3010393 205312
29.7702 3011841 205312
29.7726 3013289 205312
29.775 3014737 205312
29.7762 3016185 205312
29.7774 3017633 205312
29.7786 3019081 205312
29.7798 3020529 205312
29.781 3021977 205312
29.7822 3023425 205312
29.7834 3024873 205312
29.7846 3026321 205312
29.7858 3027769 205312
29.787 3029217 205312
29.7882 3030665 205312
29.7894 3032113 205312
29.7906 3033561 205312
29.7918 3035009 205312
29.793 3036457 205312
29.7942 3037905 205312
29.7954 3039353 205312
29.7966 3040801 205312
29.7978 3042249 205312
29.799 3043697 205312
29.8002 3045145 205312
29.8014 3046593 205312
29.8026 3048041 205312
29.8038 3049489 205312
29.805 3050937 205312
29.8062 3052385 205312
29.8074 3053833 205312
29.8086 3055281 205312
29.811 3056729 205312
29.8134 3058177 206848
29.8146 3059625 206848
29.8158 3061073 206848
29.817 3062521 206848
29.8195 3063969 206848
29.8219 3065417 206848
29.8231 3066865 206848
29.8255 3068313 206848
29.8279 3069761 206848
29.8291 3071209 206848
29.8303 3072657 206848
29.8327 3074105 206848
29.8351 3075553 206848
29.8375 3077001 206848
29.8399 3078449 206848
29.8435 3079897 206848
29.8447 3081345 206848
29.8459 3082793 206848
29.8483 3084241 206848
29.8507 3085689 206848
29.8519 3087137 206848
29.8531 3088585 206848
29.8555 3090033 206848
29.8579 3091481 206848
29.8591 3092929 206848
29.8603 3094377 206848
29.8627 3095825 206848
29.8675 3097273 206848
29.8687 3098721 206848
29.8723 3100169 206848
29.8735 3101617 206848
29.8747 3103065 206848
29.8759 3104513 206848
29.8771 3105961 206848
29.8783 3107409 206848
29.8795 3108857 206848
29.8807 3110305 206848
29.8819 3111753 208384
29.8831 3113201 208384
29.8843 3114649 208384
29.8855 3116097 208384
29.8867 3117545 208384
29.8879 3118993 208384
29.8891 3120441 208384
29.8903 3121889 208384
29.8915 3123337 208384
29.8928 3124785 208384
29.894 3126233 208384
29.8952 3127681 208384
29.8964 3129129 208384
29.8976 3130577 208384
29.8988 3132025 208384
29.9 3133473 208384
29.9012 3134921 208384
29.9024 3136369 208384
29.9036 3137817 208384
29.9048 3139265 208384
29.906 3140713 208384
29.9072 3142161 208384
29.9096 3143609 208384
29.9132 3145057 208384
29.9156 3146505 208384
29.9228 3147953 208384
29.9252 3149401 208384
29.9312 3150849 208384
29.9336 3152297 208384
29.936 3153745 208384
29.9372 3155193 208384
29.942 3156641 208384
29.9444 3158089 208384
29.948 3159537 208384
29.9492 3160985 208384
29.9528 3162433 208384
29.9552 3163881 208384
29.96 3165329 208384
29.9624 3166777 208384
29.966 3168225 208384
29.9685 3169673 208384
29.9745 3171121 208384
29.9769 3172569 208384
30.1667 3174017 209920
30.1691 3175465 209920
30.1715 3176913 209920
30.1775 3178361 209920
30.1799 3179809 209920
30.1823 3181257 209920
30.1835 3182705 209920
30.1847 3184153 209920
30.1859 3185601 209920
30.1871 3187049 209920
30.1883 3188497 209920
30.1895 3189945 209920
30.1907 3191393 209920
30.1919 3192841 209920
30.1932 3194289 209920
30.1944 3195737 209920
30.1956 3197185 209920
30.1968 3198633 209920
30.1992 3200081 209920
30.2016 3201529 209920
30.2028 3202977 209920
30.204 3204425 209920
30.2052 3205873 209920
30.2064 3207321 210944
30.2076 3208769 210944
30.2088 3210217 210944
30.21 3211665 210944
30.2112 3213113 210944
30.2124 3214561 210944
30.2136 3216009 210944
30.2148 3217457 210944
30.216 3218905 210944
30.2172 3220353 210944
30.2196 3221801 210944
30.222 3223249 210944
30.2244 3224697 210944
30.2256 3226145 210944
30.2268 3227593 210944
30.228 3229041 210944
30.2292 3230489 210944
30.2304 3231937 210944
30.2316 3233385 210944
30.2328 3234833 210944
30.234 3236281 210944
30.2352 3237729 210944
30.2364 3239177 210944
30.2376 3240625 210944
30.2388 3242073 210944
30.24 3243521 210944
30.2412 3244969 210944
30.2424 3246417 210944
30.2436 3247865 210944
30.2448 3249313 210944
30.246 3250761 210944
30.2472 3252209 210944
30.2484 3253657 210944
30.2496 3255105 210944
30.2508 3256553 210944
30.252 3258001 210944
30.2544 3259449 210944
30.2568 3260897 210944
30.258 3262345 210944
30.2592 3263793 210944
30.2604 3265241 210944
30.2616 3266689 210944
30.264 3268137 210944
30.2664 3269585 210944
30.2676 3271033 210944
30.2689 3272481 210944
30.2701 3273929 210944
30.2725 3275377 210944
30.2749 3276825 210944
30.2773 3278273 212480
30.2797 3279721 212480
30.2809 3281169 212480
30.2821 3282617 212480
30.2833 3284065 212480
30.2857 3285513 212480
30.2881 3286961 212480
30.2905 3288409 212480
30.2929 3289857 212480
30.2965 3291305 212480
30.2977 3292753 212480
30.2989 3294201 212480
30.3013 3295649 212480
30.3037 3297097 212480
30.3049 3298545 212480
30.3061 3299993 212480
30.3085 3301441 212480
30.3109 3302889 212480
30.3121 3304337 212480
30.3133 3305785 212480
30.3157 3307233 212480
30.3205 3308681 212480
30.3217 3310129 212480
30.3253 3311577 212480
30.3265 3313025 212480
30.3277 3314473 212480
30.3289 3315921 212480
30.3301 3317369 212480
30.3313 3318817 212480
30.3325 3320265 212480
30.3337 3321713 212480
30.3349 3323161 212480
30.3361 3324609 212480
30.3373 3326057 212480
30.3385 3327505 212480
30.3397 3328953 212480
30.3409 3330401 212480
30.3421 3331849 212480
30.3434 3333297 212480
30.3434 3334745 32768000
30.6306 3334747 32768000
