0.506242 139.385 0 167936 175104
0.532677 139.625 0 168960 176640
0.559112 140.058 0 170496 177664
0.585547 140.644 0 172032 179200
0.611982 141.354 0 173568 180736
0.638418 142.162 0 175104 182272
0.664853 143.048 0 176640 183808
0.690086 143.758 0 177664 185344
0.716522 144.565 0 179200 186368
0.742957 145.452 0 180736 187904
0.769392 146.401 0 182272 189440
0.794626 147.161 0 183808 192512
0.821061 148.009 0 185344 193536
0.847496 149.168 0 186368 182784
1.15751 141.924 0 135680 138752
1.21639 136.37 0 137216 140288
1.26926 132.166 0 138752 140288
1.32934 129.044 0 140288 142848
1.38701 126.787 0 141824 144384
1.43027 125.221 0 142848 145920
1.47834 124.209 0 144384 147456
1.524 123.639 0 145920 148992
1.57206 123.424 0 147456 150528
1.62012 123.492 0 148992 151552
1.67059 123.787 0 150528 153088
1.72346 124.263 0 151552 154624
1.77153 124.884 0 153088 156160
1.8268 125.621 0 154624 157696
1.88207 126.452 0 156160 159232
1.92773 127.356 0 157696 160256
1.99502 128.32 0 159232 161792
2.04309 129.331 0 160256 163328
2.11038 130.381 0 161792 164864
2.17767 131.461 0 163328 166400
2.22813 132.565 0 164864 166400
2.29783 133.689 0 166400 167936
2.36992 134.828 0 167936 168960
2.44202 135.98 0 168960 170496
2.51412 137.141 0 170496 172032
2.58621 138.311 0 172032 173568
2.66071 139.487 0 173568 175104
2.73521 140.668 0 175104 176640
2.80971 141.854 0 176640 177664
2.88421 143.042 0 177664 179200
2.96472 143.993 0 179200 180736
3.06805 144.994 0 180736 182272
3.33961 137.384 0 128512 130048
3.38648 131.536 0 130048 131584
3.45617 127.097 0 131584 133120
3.56431 123.787 0 133120 133120
3.67726 121.38 0 134656 135680
3.76138 119.694 0 135680 137216
3.84789 118.585 0 137216 138752
3.91037 117.939 0 138752 138752
4.02813 117.662 0 140288 141824
4.13868 117.681 0 141824 142848
4.20837 117.936 0 142848 142848
4.33093 118.381 0 144384 144384
4.4535 118.977 0 145920 145920
4.57606 119.694 0 147456 147456
4.70103 120.508 0 148992 148992
4.8284 121.4 0 150528 150528
5.02306 122.353 0 151552 151552
5.27299 123.356 0 153088 153088
5.62626 124.399 0 154624 154624
8.34428 125.474 0 156160 156160
8.69995 126.574 0 157696 157696
8.94988 127.694 0 159232 159232
9.14935 128.831 0 160256 160256
9.31757 129.98 0 161792 161792
9.46417 131.14 0 163328 164864
9.59635 132.309 0 164864 166400
9.71891 133.484 0 166400 167936
9.82946 134.664 0 167936 168960
9.93279 135.848 0 168960 170496
10.029 137.046 0 170496 172032
10.1492 144.02 0 172032 173568
10.2994 160.637 0 173568 175104
10.4171 173.449 0 175104 177664
10.5145 180.815 0 176640 180736
10.5878 185.747 0 177664 182272
10.6514 189.211 0 179200 183808
10.7115 192.223 0 180736 185344
10.7668 195.114 0 182272 186368
10.8281 198.147 0 183808 187904
10.8918 200.573 0 185344 189440
10.9518 202.995 0 186368 190976
11.0155 205.173 0 187904 192512
11.0732 207.636 0 189440 195072
11.1309 209.607 0 190976 196608
11.1886 212.145 0 192512 198144
11.2402 213.694 0 193536 199680
11.2943 215.655 0 195072 201216
11.3448 217.464 0 196608 202240
11.4 219.872 0 198144 203776
11.4493 221.798 0 199680 206848
11.4974 223.34 0 201216 208384
11.5442 225.054 0 202240 209920
11.5935 226.905 0 203776 210944
11.6416 229.348 0 205312 210944
11.6824 231.061 0 206848 212480
11.7281 232.913 0 208384 214016
11.7761 235.115 0 209920 214016
11.8182 237.117 0 210944 215552
11.8999 239.2 0 212480 217088
11.936 240.385 0 214016 218624
12.0261 242.054 0 215552 221184
12.0958 244.11 0 217088 222720
12.1606 246.717 0 218624 225792
12.2111 248.561 0 219648 227328
12.2652 249.797 0 221184 229888
12.3121 251.987 0 222720 231424
12.3613 253.739 0 224256 232960
12.4094 255.621 0 225792 234496
12.4454 256.886 0 227328 237056
12.4851 259.1 0 228352 238592
12.5211 260.631 0 229888 240128
12.562 262.577 0 231424 241664
12.604 264.133 0 232960 243200
12.6437 265.619 0 234496 244224
12.687 267.769 0 235520 247296
12.7182 270.209 0 237056 248832
12.7506 272.162 0 238592 250368
12.7867 273.243 0 240128 251904
12.8251 274.83 0 241664 252928
12.8588 276.339 0 243200 254464
12.8936 277.786 0 244224 256000
12.9285 279.185 0 245760 259072
12.9669 280.304 0 247296 260608
13.0042 282.4 0 248832 261632
13.0306 284.558 0 250368 263168
13.0618 286.285 0 251904 264704
13.0907 287.185 0 252928 267776
13.1255 288.626 0 254464 269312
13.1568 290.02 0 256000 270336
13.1916 291.615 0 257536 271872
13.2229 292.891 0 259072 273408
13.2541 294.153 0 260608 274944
13.289 295.402 0 261632 278016
13.3202 297.603 0 263168 279040
13.3442 300.085 0 264704 280576
13.3683 301.349 0 266240 282112
13.3983 302.842 0 267776 283648
13.4307 304.276 0 269312 285184
13.456 305.423 0 270336 286208
13.4836 307.062 0 271872 287744
13.5149 308.854 0 273408 290816
13.5413 310.287 0 274944 292352
13.5737 311.674 0 276480 293888
13.6002 312.303 0 278016 294912
13.6326 314.008 0 279040 296448
13.6614 316.573 0 280576 297984
13.6831 319.346 0 282112 301056
13.7023 320.604 0 283648 302592
13.7311 322.09 0 285184 303616
13.7564 322.799 0 286208 305152
13.79 324.567 0 287744 306688
13.8165 326.222 0 289280 308224
13.8417 327.306 0 290816 311296
13.8705 329.134 0 292352 312320
13.8946 330.116 0 293888 313856
13.9234 331.142 0 294912 315392
13.9486 332.203 0 296448 316928
13.9739 332.812 0 297984 318464
14.0075 335.221 0 299520 320000
14.0291 337.87 0 301056 322560
14.0508 340.709 0 302592 324096
14.0676 342.741 0 303616 325632
14.0892 343.405 0 305152 327168
14.1169 344.897 0 306688 328192
14.1409 345.37 0 308224 331264
14.1673 346.469 0 309760 332800
14.1938 347.83 0 311296 334336
14.219 349.398 0 312320 335872
14.2442 351.134 0 313856 336896
14.2671 352.522 0 315392 338432
14.2899 353.393 0 316928 339968
14.3139 354.33 0 318464 343040
14.3379 355.319 0 320000 344576
14.3632 355.39 0 321024 345600
14.392 357.129 0 322560 347136
14.4161 359.722 0 324096 348672
14.4353 362.517 0 325632 350208
14.4545 364.993 0 327168 353280
14.4713 366.253 0 328192 354304
14.4906 367.261 0 329728 355840
14.5134 368.549 0 331264 357376
14.5374 369.338 0 332800 358912
14.5614 371.171 0 334336 360448
14.5831 371.676 0 335872 363008
14.6107 373.522 0 336896 364544
14.6323 374.999 0 338432 366080
14.654 376.661 0 339968 367616
14.6756 377.51 0 341504 369152
14.696 378.67 0 343040 370688
14.7165 380.079 0 344576 371712
14.7405 381.446 0 345600 374784
14.7597 382.059 0 347136 376320
14.7849 382.069 0 348672 377856
14.8078 383.519 0 350208 378880
14.8342 386.121 0 351744 380416
14.8546 389.404 0 353280 381952
14.8739 392.751 0 354304 385024
14.8883 395.188 0 355840 386560
14.9063 396.418 0 357376 387584
14.9219 397.401 0 358912 389120
14.9436 398.428 0 360448 390656
14.9628 399.009 0 361984 392192
14.9844 399.714 0 363008 395264
15.0072 400.999 0 364544 396288
15.0265 401.066 0 366080 397824
15.0505 402.562 0 367616 399360
15.0757 404.719 0 369152 400896
15.0926 406.446 0 370688 403968
15.1154 407.826 0 371712 404992
15.1334 408.931 0 373248 406528
15.1526 410.055 0 374784 408064
15.1719 411.195 0 376320 409600
15.1923 412.347 0 377856 411136
15.2115 412.788 0 378880 412672
15.2319 412.66 0 380416 415232
15.2524 413.038 0 381952 416768
15.28 415.263 0 383488 418304
15.2992 417.765 0 385024 419840
15.3185 420.967 0 386560 420864
15.3353 424.25 0 387584 423936
15.3497 426.636 0 389120 425472
15.3641 428.305 0 390656 427008
15.3809 429.88 0 392192 428544
15.3978 430.9 0 393728 429568
15.4158 432.196 0 395264 432640
15.4338 432.512 0 396288 434176
15.4518 433.006 0 397824 435712
15.4711 433.881 0 399360 437248
15.4927 434.1 0 400896 438272
15.5107 434.276 0 402432 441344
15.5323 435.618 0 403968 442880
15.554 437.413 0 404992 444416
15.5708 439.089 0 406528 445952
15.59 441.151 0 408064 446976
15.6104 442.8 0 409600 450048
15.6273 443.639 0 411136 451584
15.6465 444.55 0 412672 453120
15.6657 445.76 0 413696 454656
15.6825 447.209 0 415232 455680
15.7006 448.368 0 416768 457216
15.7198 448.814 0 418304 458752
15.7354 448.69 0 419840 460288
15.7558 449.072 0 420864 461824
15.7763 450.82 0 422400 464384
15.8003 453.9 0 423936 465920
15.8147 457.085 0 425472 467456
15.8315 460.354 0 427008 468992
15.846 463.69 0 428544 470528
15.8604 466.119 0 429568 473088
15.8724 467.821 0 431104 474624
15.8892 469.183 0 432640 476160
15.9012 470.033 0 434176 477696
15.9205 471.433 0 435712 479232
15.9385 472.553 0 437248 481792
15.9529 472.969 0 438272 483328
15.9697 473.301 0 439808 484864
15.9841 473.567 0 441344 486400
16.007 474.501 0 442880 487936
16.0226 474.527 0 444416 488960
16.0394 474.788 0 445952 492032
16.0574 475.959 0 446976 493568
16.0815 478.577 0 448512 495104
16.0959 480.191 0 450048 496640
16.1127 481.723 0 451584 499200
16.1271 483.188 0 453120 500736
16.1488 485.082 0 454656 502272
16.162 486.597 0 455680 503808
16.18 487.328 0 457216 505344
16.1956 488.153 0 458752 507904
16.2148 489.053 0 460288 509440
16.2317 490.014 0 461824 510976
16.2521 491.263 0 463360 512512
16.2653 491.301 0 464384 513536
16.2785 490.13 0 465920 516608
16.2966 490.155 0 467456 518144
16.3122 490.415 0 468992 519680
16.329 491.584 0 470528 521216
16.3482 493.721 0 471552 522240
16.365 496.151 0 473088 523776
16.3783 498.576 0 474624 525312
16.3903 500.757 0 476160 528384
16.4047 502.26 0 477696 529920
16.4167 503.464 0 479232 530944
16.4287 503.946 0 480256 532480
16.4407 503.85 0 481792 534016
16.4528 503.534 0 483328 535552
16.4672 503.041 0 484864 538624
16.4816 502.886 0 486400 539648
16.4936 501.801 0 487936 541184
16.5044 500.212 0 488960 542720
16.5177 498.941 0 490496 544256
16.5297 497.684 0 492032 545792
16.5441 496.438 0 493568 547328
16.5609 495.441 0 495104 548352
16.5753 494.403 0 496640 551424
16.5873 493.333 0 497664 552960
16.6006 492.476 0 499200 554496
16.6174 492.512 0 500736 556032
16.6354 493.022 0 502272 558592
16.6474 492.948 0 503808 560128
16.6594 492.649 0 505344 561664
16.6739 492.891 0 506368 563200
16.6871 492.844 0 507904 565760
16.7015 492.806 0 509440 567296
16.7135 492.295 0 510976 568832
16.7267 491.406 0 512512 570368
16.7399 490.454 0 513536 572928
16.7532 489.933 0 515072 574464
16.7676 489.997 0 516608 576000
16.782 489.808 0 518144 577536
16.7964 489.897 0 519680 580608
16.812 489.487 0 521216 581632
18.1518 479.066 0 408064 419840
18.1999 472.892 0 409600 422400
18.2504 468.193 0 411136 425472
18.314 463.713 0 412672 428544
18.3717 461.091 0 413696 431104
18.4198 458.752 0 415232 434176
18.4642 457.362 0 416768 437248
18.5087 456.49 0 418304 438272
18.5556 455.552 0 419840 439808
18.5952 453.12 0 420864 442880
18.6505 454.058 0 422400 444416
18.6865 456.971 0 423936 445952
18.7106 459.542 0 425472 446976
18.737 461.839 0 427008 448512
18.761 463.917 0 428544 450048
18.7875 464.858 0 429568 453120
18.8163 465.13 0 431104 454656
18.8512 466.069 0 432640 455680
18.8824 468.022 0 434176 457216
18.9088 469.104 0 435712 458752
18.9413 471.171 0 437248 460288
18.9677 471.863 0 438272 461824
19.0014 473.618 0 439808 463360
19.0314 473.821 0 441344 464384
19.0674 474.464 0 442880 465920
19.1059 473.055 0 444416 467456
19.1516 473.851 0 445952 468992
19.1912 477.372 0 446976 470528
19.2152 480.909 0 448512 471552
19.2393 483.979 0 450048 473088
19.2609 486.676 0 451584 474624
19.2849 489.073 0 453120 476160
19.3114 490.751 0 454656 477696
19.339 491.853 0 455680 479232
19.3715 492.734 0 457216 480256
19.4039 494.881 0 458752 481792
19.4291 496.839 0 460288 483328
19.458 498.646 0 461824 484864
19.4868 499.851 0 463360 486400
19.5156 500.815 0 464384 487936
19.5505 503.028 0 465920 488960
19.5793 502.636 0 467456 490496
19.6166 501.842 0 468992 492032
19.6634 500.966 0 470528 493568
19.7115 503.389 0 471552 495104
19.7439 507.25 0 473088 496640
19.768 510.58 0 474624 497664
19.792 513.484 0 476160 499200
19.816 516.047 0 477696 499200
19.8425 517.857 0 479232 500736
19.8737 519.786 0 480256 502272
19.905 520.128 0 481792 503808
19.9398 521.843 0 483328 505344
19.9735 524.176 0 484864 506368
19.9999 525.322 0 486400 507904
20.0299 526.479 0 487936 509440
20.0612 526.203 0 488960 510976
20.0972 527.184 0 490496 512512
20.1285 526.046 0 492032 513536
20.1669 525.135 0 493568 513536
20.2162 523.205 0 495104 515072
20.2678 524.545 0 496640 516608
20.2979 526.579 0 497664 518144
20.3267 528.446 0 499200 519680
20.3532 530.179 0 500736 521216
20.382 531.807 0 502272 522240
20.4096 532.147 0 503808 523776
20.4445 531.459 0 505344 525312
20.4841 531.629 0 506368 525312
20.519 532.245 0 507904 526848
20.5527 532.748 0 509440 528384
21.7928 510.791 0 370688 377856
21.9213 493.465 0 371712 380416
21.9934 480.807 0 373248 383488
22.0559 471.161 0 374784 385024
22.116 462.963 0 376320 387584
22.1773 456.885 0 377856 389120
22.2554 447.457 0 378880 390656
22.3455 447.845 0 380416 392192
22.3972 449.598 0 381952 393728
22.4356 451.24 0 383488 395264
22.4813 453.756 0 385024 396288
22.5245 455.528 0 386560 399360
22.5702 457.666 0 387584 400896
22.6195 459.617 0 389120 400896
22.6615 461.178 0 390656 402432
22.754 458.582 0 392192 403968
22.8538 467.559 0 393728 404992
22.8994 474.261 0 395264 406528
22.9403 480.343 0 396288 408064
22.998 487.372 0 397824 409600
23.0364 492.754 0 399360 411136
23.0833 498.021 0 400896 412672
23.1338 501.274 0 402432 413696
23.1866 504.837 0 403968 415232
23.2587 503.843 0 404992 416768
23.4029 511.699 0 406528 418304
23.4522 517.503 0 408064 419840
23.4942 522.627 0 409600 420864
23.5519 526.966 0 411136 420864
23.5988 529.717 0 412672 422400
23.6492 532.638 0 413696 423936
23.7105 534.495 0 415232 425472
23.7598 536.461 0 416768 427008
23.922 535.15 0 418304 428544
24.9578 514.875 0 301056 308224
25.0359 495.772 0 302592 311296
25.144 470.876 0 303616 312320
25.2738 462.495 0 305152 313856
25.3243 456.031 0 306688 316928
25.3699 451.099 0 308224 318464
25.4132 447.394 0 309760 320000
25.4564 444.671 0 311296 321024
25.5165 434.081 0 312320 322560
25.6619 433.54 0 313856 324096
25.7316 437.432 0 315392 325632
25.7749 440.787 0 316928 327168
25.8085 443.71 0 318464 328192
25.8446 446.29 0 320000 329728
25.883 448.594 0 321024 331264
25.9239 450.677 0 322560 332800
25.9839 442.971 0 324096 334336
26.1594 445.939 0 325632 335872
26.2219 451.918 0 327168 335872
26.2651 456.941 0 328192 336896
26.306 461.2 0 329728 338432
26.3492 465.328 0 331264 339968
26.3901 468.871 0 332800 341504
26.4418 470.023 0 334336 343040
26.5763 460.371 0 335872 344576
26.7325 469.231 0 336896 344576
26.7806 476.559 0 338432 345600
26.8311 482.662 0 339968 347136
26.8839 488.266 0 341504 348672
26.9392 492.268 0 343040 350208
27.0762 495.47 0 344576 351744
27.2721 504.039 0 345600 353280
27.3273 511.135 0 347136 353280
27.3934 517.292 0 348672 354304
27.4571 522.698 0 350208 355840
27.6073 526.783 0 351744 355840
27.8164 531.253 0 353280 357376
27.9005 535.069 0 354304 358912
28.0026 538.121 0 355840 358912
28.1721 539.602 0 357376 360448
29.4253 515.313 0 252928 259072
29.5455 497.083 0 254464 260608
29.626 482.74 0 256000 263168
29.6837 471.505 0 257536 264704
29.7317 446.897 0 259072 266240
29.9648 444.033 0 260608 269312
30.0033 442.703 0 261632 270336
30.049 441.638 0 263168 271872
30.0874 441.027 0 264704 273408
30.1259 440.779 0 266240 274944
30.1727 437.456 0 267776 276480
30.3169 421.099 0 269312 278016
30.3999 418.357 0 270336 279040
30.4335 416.403 0 271872 280576
30.4744 415.08 0 273408 282112
30.5128 414.262 0 274944 283648
30.5537 413.848 0 276480 283648
30.5921 405.826 0 278016 285184
30.6691 380.664 0 279040 286208
30.7027 360.775 0 280576 287744
30.7508 345.103 0 282112 289280
30.7916 332.807 0 283648 289280
30.8421 323.21 0 285184 290816
30.8926 314.811 0 286208 292352
30.9647 309.285 0 287744 293888
31.0151 305.105 0 289280 293888
31.0848 302.001 0 290816 294912
31.1353 299.758 0 292352 296448
31.2146 291.475 0 293888 296448
31.3227 291.818 0 294912 297984
31.4117 292.333 0 296448 299520
31.515 286.737 0 297984 301056
31.6724 288.989 0 299520 301056
31.8046 291.03 0 301056 302592
31.9897 292.679 0 302592 303616
32.2757 294.223 0 303616 303616
32.5785 295.699 0 305152 305152
35.0982 300.724 0 306688 306688
35.4611 306.187 0 308224 309760
35.7219 311.999 0 309760 311296
35.9322 318.09 0 311296 313856
36.104 323.203 0 312320 315392
36.2566 327.294 0 313856 316928
36.3996 332.97 0 315392 320000
36.5173 335.588 0 316928 321024
36.6483 341.768 0 318464 322560
36.754 347.433 0 320000 324096
36.8502 352.205 0 321024 325632
36.9547 357.705 0 322560 327168
37.0484 363.307 0 324096 327168
37.2119 368.509 0 325632 329728
37.2852 371.95 0 327168 331264
37.4726 378.307 0 328192 334336
37.5856 384.114 0 329728 335872
37.648 389 0 331264 338432
37.7562 393.149 0 332800 339968
37.8932 400.313 0 334336 343040
37.9556 404.603 0 335872 344576
38.0205 410.438 0 336896 345600
38.071 415.346 0 338432 348672
38.1215 418.792 0 339968 350208
38.2308 424.432 0 341504 351744
38.3486 431.348 0 343040 353280
38.3894 437.121 0 344576 355840
38.4543 442.46 0 345600 357376
38.494 447.212 0 347136 358912
38.5348 451.254 0 348672 361984
38.5757 454.728 0 350208 363008
38.6225 452.701 0 351744 364544
38.7271 458.529 0 353280 366080
38.8496 465.835 0 354304 369152
38.8809 471.92 0 355840 370688
38.9145 474.385 0 357376 371712
38.9782 480.202 0 358912 374784
39.007 485.096 0 360448 376320
39.0383 489.251 0 361984 377856
39.0719 492.816 0 363008 380416
39.1032 495.908 0 364544 381952
39.144 492.614 0 366080 383488
39.245 497.188 0 367616 385024
39.2798 486.669 0 369152 386560
39.4048 496.998 0 370688 389120
39.4288 505.502 0 371712 390656
39.4552 512.065 0 373248 392192
39.4817 511.548 0 374784 395264
39.5309 516.421 0 376320 396288
39.5574 520.56 0 377856 397824
39.5814 524.111 0 378880 400896
39.6078 527.192 0 380416 402432
39.6343 529.898 0 381952 403968
39.6607 531.581 0 383488 404992
39.6884 530.045 0 385024 408064
39.7208 516.559 0 386560 409600
39.8157 519.468 0 387584 411136
39.8362 502.57 0 389120 412672
39.9503 508.278 0 390656 413696
39.9719 513.564 0 392192 416768
39.9936 518.034 0 393728 418304
40.0152 521.61 0 395264 420864
40.9357 466.553 0 294912 303616
40.9597 422.749 0 296448 305152
41.015 388.666 0 297984 308224
41.0582 361.64 0 299520 309760
41.1015 340.26 0 301056 312320
41.1447 323.396 0 302592 315392
41.1784 310.145 0 303616 316928
41.2072 299.785 0 305152 318464
41.2337 291.737 0 306688 320000
41.2625 285.539 0 308224 321024
41.3154 285.146 0 309760 322560
41.373 290.841 0 311296 324096
41.4259 300.923 0 312320 325632
41.4836 314.997 0 313856 327168
41.5365 331.784 0 315392 328192
41.5941 351.221 0 316928 328192
41.647 372.299 0 318464 329728
41.7095 395.649 0 320000 331264
41.7672 420.337 0 321024 332800
41.8297 443.453 0 322560 334336
41.8825 461.464 0 324096 335872
41.927 473.719 0 325632 336896
41.9607 477.275 0 327168 339968
41.9919 474.351 0 328192 341504
42.0256 465.765 0 329728 343040
42.0568 453.127 0 331264 345600
42.0904 436.769 0 332800 347136
42.1217 417.915 0 334336 348672
42.1553 396.584 0 335872 351744
42.1854 376.154 0 336896 343552
42.5891 342.018 0 247296 251904
42.6552 314.949 0 248832 252928
42.7081 293.535 0 250368 252928
42.7898 276.643 0 251904 256000
42.8523 263.37 0 252928 257536
42.9244 252.993 0 254464 259072
42.9844 244.931 0 256000 261632
43.0373 238.721 0 257536 261632
43.0902 233.994 0 259072 263168
43.1454 230.453 0 260608 264704
43.2007 227.86 0 261632 266240
43.2584 226.026 0 263168 267776
43.3161 224.799 0 264704 269312
43.3786 224.058 0 266240 270336
43.441 223.706 0 267776 271872
43.5035 223.664 0 269312 273408
43.5732 223.871 0 270336 274944
43.6381 224.277 0 271872 276480
43.715 224.842 0 273408 278016
43.7751 225.534 0 274944 278016
43.8544 226.328 0 276480 279040
43.9313 227.204 0 278016 280576
44.0106 228.145 0 279040 282112
44.0899 229.138 0 280576 283648
44.1692 230.173 0 282112 285184
44.2509 231.241 0 283648 286208
44.3302 232.336 0 285184 287744
44.4408 233.452 0 286208 289280
44.5321 234.585 0 287744 289280
44.6547 235.732 0 289280 290816
44.7772 236.89 0 290816 292352
44.8998 238.056 0 292352 293888
45.0223 239.23 0 293888 294912
45.2122 240.409 0 294912 296448
45.3948 241.593 0 296448 296448
45.6424 242.78 0 297984 297984
45.8923 243.97 0 299520 299520
48.5382 245.163 0 301056 301056
48.8915 246.357 0 302592 303616
49.1414 247.553 0 303616 305152
49.3409 248.749 0 305152 306688
49.5115 249.947 0 306688 308224
49.6581 251.146 0 308224 311296
49.7903 252.345 0 309760 312320
49.9105 253.545 0 311296 313856
