1.0
1.0
1.0
1.0
1.0
1.0
1.0
1.0
1.0
1.0
0.6139921138903216
0.564880565626437
0.5857569080714459
0.5674886086703824
0.6116403209130987
0.6183994734017569
0.7090019387189324
0.7296966952799634
0.8738085843303005
0.8628928724241391
0.8989450609514841
0.8454779999897878
0.8735843164868593
0.8008043773699054
0.9336200273593748
0.9036709704269463
0.9311608061490053
0.905972298234433
0.9968652094016448
0.8806299955014317
0.4446482146068192
0.38917996670220245
0.3867739757804556
0.39788005292985534
0.40141511212861497
0.4164555510448459
0.4367363102869309
0.46502542154439935
0.4951533746560188
0.570803836211157
0.6266807363794233
0.6683616297922836
0.79302504066274
0.8235229461949087
0.8572946108371534
0.9423595636738937
0.9320747678471291
0.9454066127807405
0.9887143782638039
0.9815122906382636
0.9805847173878881
0.9945688622756557
0.9918332337189883
0.9845827156864377
0.9934211327867252
0.9956887888133462
0.993542601074039
0.991977224563068
0.9945799768436371
0.9961778431311027
0.942020998464686
0.9992757303767744
0.9593547234811678
0.9944186918347153
0.9588630326953341
0.9690229567934977
0.9330394943020888
0.9689393558852336
0.8875537390512388
0.9891593189842054
0.9352012010326789
0.9546356789482198
0.8864020693660664
0.9258570222963408
0.8447251578315241
1.0
1.0
1.0
1.0
1.0
1.0
1.0
1.0
1.0
1.0
