0.698701 31.001 0 185856 186368
0.711438 31.001 0 186368 186880
0.734028 31.049 0 186880 187392
0.756618 31.087 0 187392 187904
0.778728 31.118 0 187904 188416
0.801798 31.191 0 188416 188928
0.823908 31.249 0 188928 189440
0.846498 31.295 0 189440 189952
0.869569 31.381 0 189952 190464
0.891678 31.449 0 190464 190976
0.91571 31.503 0 190976 191488
0.940703 31.595 0 191488 192000
0.965216 31.669 0 192000 192512
0.990209 31.727 0 192512 193024
1.0152 31.822 0 193024 193536
1.03972 31.898 0 193536 194048
1.06471 32.007 0 194048 194560
1.08922 32.094 0 194560 195072
1.11421 32.164 0 195072 195584
1.13921 32.268 0 195584 196096
1.16372 32.351 0 196096 196608
1.18823 32.417 0 196608 197120
1.21323 32.518 0 197120 197632
1.23822 32.599 0 197632 198144
1.26273 32.664 0 198144 198656
1.28773 32.764 0 198656 199168
1.31224 32.844 0 199168 199680
1.33675 32.908 0 199680 200192
1.36222 33.007 0 200192 200704
1.38674 33.087 0 200704 201216
1.41125 33.15 0 201216 201728
1.43624 33.249 0 201728 202240
1.46076 33.328 0 202240 202752
1.48623 33.439 0 202752 203264
1.51074 33.528 0 203264 203776
1.53526 33.6 0 203776 204288
1.56025 33.705 0 204288 204800
1.58476 33.789 0 204800 205312
1.60975 33.856 0 205312 205824
1.63475 33.958 0 205824 206336
1.65926 34.039 0 206336 206848
1.68377 34.105 0 206848 207360
1.70877 34.205 0 207360 207872
1.77891 31.559 0 103424 103936
1.79093 29.443 0 103936 104448
1.80734 27.75 0 104448 104960
1.82327 26.396 0 104960 105472
1.83625 25.312 0 105472 105984
1.85242 24.445 0 105984 106496
1.86859 23.752 0 106496 107008
1.88453 23.149 0 107008 107520
1.89798 22.715 0 107520 108032
1.91391 22.368 0 108032 108544
1.92961 22.042 0 108544 109056
1.94578 21.829 0 109056 109568
1.95876 21.659 0 109568 110080
1.97469 21.523 0 110080 110592
1.99062 21.414 0 110592 111104
2.00631 21.278 0 111104 111616
2.02073 21.218 0 111616 112128
2.03642 21.17 0 112128 112640
2.05187 21.084 0 112640 113152
2.06829 21.063 0 113152 113664
2.08174 21.046 0 113664 114176
2.09743 20.984 0 114176 114688
2.11313 20.983 0 114688 115200
2.12706 20.982 0 115200 115712
2.14204 20.933 0 115712 116224
2.15797 20.942 0 116224 116736
2.17318 20.901 0 116736 117248
2.1876 20.869 0 117248 117760
2.20377 20.89 0 117760 118272
2.21946 20.908 0 118272 118784
2.23539 20.922 0 118784 119296
2.24981 20.933 0 119296 119808
2.26574 20.942 0 119808 120320
2.28144 20.949 0 120320 120832
2.29665 20.955 0 120832 121344
2.31107 20.96 0 121344 121856
2.32652 20.963 0 121856 122368
2.34149 20.966 0 122368 122880
2.35622 20.921 0 122880 123392
2.3716 20.932 0 123392 123904
2.38729 20.941 0 123904 124416
2.40274 20.901 0 124416 124928
2.41867 20.916 0 124928 125440
2.43405 20.928 0 125440 125952
2.44943 20.924 0 125952 126464
2.46529 20.969 0 126464 126976
2.48068 21.005 0 126976 127488
2.49654 21.081 0 127488 128000
2.51192 21.143 0 128000 128512
2.5273 21.192 0 128512 129024
2.54316 21.279 0 129024 129536
2.55854 21.349 0 129536 130048
2.57392 21.405 0 130048 130560
2.58978 21.498 0 130560 131072
2.60516 21.572 0 131072 131584
2.6215 21.631 0 131584 132096
2.63833 21.727 0 132096 132608
2.65467 21.803 0 132608 133120
2.67101 21.864 0 133120 133632
2.68783 21.961 0 133632 134144
2.70417 22.039 0 134144 134656
2.77119 21.779 0 72192 72704
2.78033 21.619 0 72704 73216
2.7977 21.49 0 73216 73728
2.81483 21.34 0 73728 74240
2.82397 21.268 0 74240 74752
2.84158 21.21 0 74752 75264
2.85895 21.115 0 75264 75776
2.87681 21.088 0 75776 76288
2.88546 21.066 0 76288 76800
2.90307 21.048 0 76800 77312
2.92021 21.034 0 77312 77824
2.93758 20.975 0 77824 78336
2.94719 20.976 0 78336 78848
2.96457 20.976 0 78848 79360
2.9817 20.928 0 79360 79872
2.99883 20.938 0 79872 80384
3.00845 20.946 0 80384 80896
3.02534 20.905 0 80896 81408
3.04319 20.919 0 81408 81920
3.05985 20.883 0 81920 82432
3.06994 20.854 0 82432 82944
3.08707 20.879 0 82944 83456
3.10397 20.851 0 83456 83968
3.11358 20.828 0 83968 84480
3.13095 20.858 0 84480 84992
3.14833 20.882 0 84992 85504
3.16546 20.901 0 85504 86016
3.17555 20.917 0 86016 86528
3.19269 20.929 0 86528 87040
3.20958 20.939 0 87040 87552
3.22647 20.947 0 87552 88064
3.23705 20.953 0 88064 88576
3.25418 20.958 0 88576 89088
3.27131 20.962 0 89088 89600
3.28773 20.917 0 89600 90112
3.29878 20.929 0 90112 90624
3.31519 20.939 0 90624 91136
3.33185 20.899 0 91136 91648
3.34898 20.915 0 91648 92160
3.36004 20.927 0 92160 92672
3.37645 20.889 0 92672 93184
3.39382 20.907 0 93184 93696
3.40488 20.921 0 93696 94208
3.42153 20.933 0 94208 94720
3.4377 20.942 0 94720 95232
3.45411 20.901 0 95232 95744
3.46613 20.916 0 95744 96256
3.48254 20.929 0 96256 96768
3.4992 20.891 0 96768 97280
3.51585 20.908 0 97280 97792
3.52738 20.922 0 97792 98304
3.5438 20.885 0 98304 98816
3.56021 20.904 0 98816 99328
3.57638 20.871 0 99328 99840
3.58792 20.844 0 99840 100352
3.60505 20.871 0 100352 100864
3.62122 20.892 0 100864 101376
3.63811 20.909 0 101376 101888
3.65013 20.923 0 101888 102400
3.66654 20.934 0 102400 102912
3.6832 20.943 0 102912 103424
3.69889 21.685 0 103424 103936
3.71138 21.544 0 103936 104448
3.7623 21.382 0 96768 97280
3.77432 21.302 0 97280 97792
3.79049 21.237 0 97792 98304
3.8069 21.137 0 98304 98816
3.81892 21.105 0 98816 99328
3.83485 21.08 0 99328 99840
3.85102 21.011 0 99840 100352
3.86768 21.005 0 100352 100864
3.88017 20.999 0 100864 101376
3.89707 20.995 0 101376 101888
3.913 20.992 0 101888 102400
3.92917 20.941 0 102400 102912
3.94167 20.948 0 102912 103424
3.95784 20.954 0 103424 103936
3.97377 20.911 0 103936 104448
3.9897 20.924 0 104448 104960
4.0022 20.935 0 104960 105472
4.01837 20.896 0 105472 105984
4.03502 20.912 0 105984 106496
4.05096 20.877 0 106496 107008
4.06393 20.849 0 107008 107520
4.08035 20.875 0 107520 108032
4.09628 20.896 0 108032 108544
4.10926 20.912 0 108544 109056
4.12543 20.925 0 109056 109568
4.14112 20.936 0 109568 110080
4.15657 20.944 0 110080 110592
4.17003 20.951 0 110592 111104
4.18644 20.956 0 111104 111616
4.20261 20.961 0 111616 112128
4.2183 20.964 0 112128 112640
4.23224 20.967 0 112640 113152
4.24818 20.969 0 113152 113664
4.26411 20.971 0 113664 114176
4.27932 20.924 0 114176 114688
4.29374 20.935 0 114688 115200
4.30895 20.944 0 115200 115712
4.3244 20.902 0 115712 116224
4.33985 20.918 0 116224 116736
4.35379 20.93 0 116736 117248
4.36948 20.891 0 117248 117760
4.38565 20.909 0 117760 118272
4.40158 20.874 0 118272 118784
4.41648 20.895 0 118784 119296
4.43194 20.912 0 119296 119808
4.44715 20.877 0 119808 120320
4.46205 20.897 0 120320 120832
4.47726 20.913 0 120832 121344
4.49223 20.878 0 121344 121856
4.50768 20.898 0 121856 122368
4.52258 20.914 0 122368 122880
4.53731 20.879 0 122880 123392
4.55252 20.899 0 123392 123904
4.56821 20.915 0 123904 124416
4.58359 20.927 0 124416 124928
4.59952 20.937 0 124928 125440
4.61497 20.946 0 125440 125952
4.63036 20.938 0 125952 126464
4.64622 20.98 0 126464 126976
4.6616 21.013 0 126976 127488
4.67746 21.088 0 127488 128000
4.69284 21.148 0 128000 128512
4.70822 21.196 0 128512 129024
4.76394 21.153 0 112128 112640
4.7774 21.118 0 112640 113152
4.79333 21.09 0 113152 113664
4.80927 21.067 0 113664 114176
4.82272 21.05 0 114176 114688
4.8389 21.035 0 114688 115200
4.85411 21.024 0 115200 115712
4.86956 20.967 0 115712 116224
4.8835 20.969 0 116224 116736
4.89895 20.971 0 116736 117248
4.91464 20.924 0 117248 117760
4.93129 20.935 0 117760 118272
4.94571 20.944 0 118272 118784
4.96164 20.95 0 118784 119296
4.9771 20.956 0 119296 119808
4.99231 20.912 0 119808 120320
5.00721 20.925 0 120320 120832
5.02242 20.936 0 120832 121344
5.03739 20.896 0 121344 121856
5.05284 20.913 0 121856 122368
5.06774 20.926 0 122368 122880
5.08247 20.888 0 122880 123392
5.09768 20.906 0 123392 123904
5.11306 20.921 0 123904 124416
5.12851 20.884 0 124416 124928
5.14444 20.903 0 124928 125440
5.15982 20.904 0 125440 125952
5.1752 20.904 0 125952 126464
5.19106 20.953 0 126464 126976
5.20645 20.992 0 126976 127488
5.22231 21.071 0 127488 128000
5.23769 21.135 0 128000 128512
5.25307 21.185 0 128512 129024
5.26893 21.274 0 129024 129536
5.28431 21.345 0 129536 130048
5.29969 21.401 0 130048 130560
5.31555 21.495 0 130560 131072
5.33093 21.57 0 131072 131584
5.34727 21.629 0 131584 132096
5.3641 21.725 0 132096 132608
5.38044 21.802 0 132608 133120
5.39726 21.863 0 133120 133632
5.41408 21.961 0 133632 134144
5.43042 22.038 0 134144 134656
5.44677 22.101 0 134656 135168
5.46359 22.198 0 135168 135680
5.47993 22.277 0 135680 136192
5.49675 22.387 0 136192 136704
5.51357 22.476 0 136704 137216
5.52992 22.547 0 137216 137728
5.54674 22.651 0 137728 138240
5.56308 22.735 0 138240 138752
5.57942 22.802 0 138752 139264
5.59624 22.904 0 139264 139776
5.61259 22.985 0 139776 140288
5.63037 23.05 0 140288 140800
5.64815 23.15 0 140800 141312
5.66594 23.23 0 141312 141824
5.68372 23.295 0 141824 142336
5.7015 23.394 0 142336 142848
5.71929 23.473 0 142848 143360
5.76949 22.926 0 91136 91648
5.78126 22.537 0 91648 92160
5.79792 22.225 0 92160 92672
5.81433 21.927 0 92672 93184
5.82586 21.738 0 93184 93696
5.84276 21.586 0 93696 94208
5.85941 21.464 0 94208 94720
5.87558 21.367 0 94720 95232
5.88712 21.289 0 95232 95744
5.90401 21.227 0 95744 96256
5.92042 21.177 0 96256 96768
5.93708 21.089 0 96768 97280
5.94909 21.067 0 97280 97792
5.96526 21.049 0 97792 98304
5.98168 20.987 0 98304 98816
5.99809 20.985 0 98816 99328
6.00962 20.984 0 99328 99840
6.0258 20.935 0 99840 100352
6.04245 20.943 0 100352 100864
6.05886 20.902 0 100864 101376
6.07184 20.917 0 101376 101888
6.08777 20.929 0 101888 102400
6.10394 20.891 0 102400 102912
6.11987 21.596 0 102912 103424
6.13261 21.472 0 103424 103936
6.14854 21.325 0 103936 104448
6.16447 21.256 0 104448 104960
6.17697 21.2 0 104960 105472
6.19314 21.108 0 105472 105984
6.2098 21.082 0 105984 106496
6.22597 21.061 0 106496 107008
6.23895 21.044 0 107008 107520
6.25536 21.031 0 107520 108032
6.27129 21.021 0 108032 108544
6.28698 20.964 0 108544 109056
6.30044 20.967 0 109056 109568
6.31613 20.969 0 109568 110080
6.33206 20.971 0 110080 110592
6.34751 20.972 0 110592 111104
6.36145 20.973 0 111104 111616
6.37762 20.974 0 111616 112128
6.39332 20.975 0 112128 112640
6.40925 20.928 0 112640 113152
6.42319 20.938 0 113152 113664
6.43912 20.946 0 113664 114176
6.45433 20.904 0 114176 114688
6.47026 21.221 0 114688 115200
6.48396 21.173 0 115200 115712
6.49941 21.086 0 115712 116224
6.51486 21.064 0 116224 116736
6.5288 21.047 0 116736 117248
6.54449 20.985 0 117248 117760
6.56114 20.984 0 117760 118272
6.5766 20.935 0 118272 118784
6.5915 20.943 0 118784 119296
6.60695 20.95 0 119296 119808
6.62216 20.908 0 119808 120320
6.63785 20.922 0 120320 120832
6.65227 20.933 0 120832 121344
6.66724 20.894 0 121344 121856
6.68269 20.911 0 121856 122368
6.6979 20.876 0 122368 122880
6.71232 20.848 0 122880 123392
6.763 20.826 0 108544 109056
6.77622 20.857 0 109056 109568
6.79191 20.881 0 109568 110080
6.80784 20.9 0 110080 110592
6.8213 20.916 0 110592 111104
6.83723 20.928 0 111104 111616
6.85388 20.938 0 111616 112128
6.86958 20.946 0 112128 112640
6.88351 20.953 0 112640 113152
6.89945 20.958 0 113152 113664
6.91538 20.962 0 113664 114176
6.93059 20.917 0 114176 114688
6.94453 20.929 0 114688 115200
6.96022 20.939 0 115200 115712
6.97519 20.899 0 115712 116224
6.99112 20.915 0 116224 116736
7.00506 20.927 0 116736 117248
7.02075 20.889 0 117248 117760
7.03692 20.907 0 117760 118272
7.05237 20.873 0 118272 118784
7.06775 20.894 0 118784 119296
7.08321 20.911 0 119296 119808
7.09842 20.876 0 119808 120320
7.11411 20.945 0 120320 120832
7.12853 20.951 0 120832 121344
7.1435 20.909 0 121344 121856
7.15895 20.923 0 121856 122368
7.17337 20.934 0 122368 122880
7.1881 20.894 0 122880 123392
7.20379 20.911 0 123392 123904
7.21948 20.925 0 123904 124416
7.23486 20.935 0 124416 124928
7.25079 20.944 0 124928 125440
7.26625 20.951 0 125440 125952
7.28163 20.942 0 125952 126464
7.29749 20.983 0 126464 126976
7.31287 21.016 0 126976 127488
7.32873 21.09 0 127488 128000
7.34411 21.15 0 128000 128512
7.35949 21.198 0 128512 129024
7.37535 21.284 0 129024 129536
7.39073 21.353 0 129536 130048
7.40611 21.408 0 130048 130560
7.42197 21.5 0 130560 131072
7.43735 21.574 0 131072 131584
7.45369 21.633 0 131584 132096
7.47052 21.728 0 132096 132608
7.48686 21.804 0 132608 133120
7.5032 21.865 0 133120 133632
7.5205 21.962 0 133632 134144
7.53685 22.039 0 134144 134656
7.55319 22.101 0 134656 135168
7.57001 22.199 0 135168 135680
7.58635 22.277 0 135680 136192
7.60317 22.388 0 136192 136704
7.61952 22.476 0 136704 137216
7.63586 22.547 0 137216 137728
7.65316 22.652 0 137728 138240
7.6695 22.735 0 138240 138752
7.68584 22.802 0 138752 139264
7.70267 22.904 0 139264 139776
7.71901 22.985 0 139776 140288
7.76656 22.584 0 104448 104960
7.77882 22.263 0 104960 105472
7.79499 21.958 0 105472 105984
7.81164 21.762 0 105984 106496
7.82462 21.605 0 106496 107008
7.84055 21.432 0 107008 107520
7.85697 21.341 0 107520 108032
7.87266 21.22 0 108032 108544
7.88563 21.124 0 108544 109056
7.90181 21.095 0 109056 109568
7.9175 21.071 0 109568 110080
7.93343 21.053 0 110080 110592
7.94641 21.038 0 110592 111104
7.96282 21.026 0 111104 111616
7.97899 21.016 0 111616 112128
7.99516 21.009 0 112128 112640
8.00862 21.003 0 112640 113152
8.02503 20.998 0 113152 113664
8.04049 20.994 0 113664 114176
8.05618 20.943 0 114176 114688
8.07012 20.95 0 114688 115200
8.08533 20.955 0 115200 115712
8.10078 20.912 0 115712 116224
8.11472 20.925 0 116224 116736
8.13065 20.936 0 116736 117248
8.14634 20.896 0 117248 117760
8.16251 20.912 0 117760 118272
8.17693 20.926 0 118272 118784
8.19286 20.936 0 118784 119296
8.20831 20.944 0 119296 119808
8.22353 20.903 0 119808 120320
8.23843 20.918 0 120320 120832
8.25412 20.93 0 120832 121344
8.26909 20.892 0 121344 121856
8.28454 20.909 0 121856 122368
8.29896 20.923 0 122368 122880
8.31369 20.886 0 122880 123392
8.3289 20.904 0 123392 123904
8.34435 20.871 0 123904 124416
8.35973 20.844 0 124416 124928
8.37566 20.871 0 124928 125440
8.39111 20.892 0 125440 125952
8.40649 20.895 0 125952 126464
8.42236 20.946 0 126464 126976
8.43774 20.986 0 126976 127488
8.4536 21.067 0 127488 128000
8.46898 21.131 0 128000 128512
8.48436 21.182 0 128512 129024
8.50022 21.271 0 129024 129536
8.5156 21.343 0 129536 130048
8.53098 21.4 0 130048 130560
8.54684 21.494 0 130560 131072
8.56222 21.569 0 131072 131584
8.57856 21.629 0 131584 132096
8.59587 21.725 0 132096 132608
8.61221 21.802 0 132608 133120
8.62855 21.863 0 133120 133632
8.64537 21.96 0 133632 134144
8.66171 22.038 0 134144 134656
8.67806 22.1 0 134656 135168
8.69488 22.198 0 135168 135680
8.7117 22.276 0 135680 136192
8.76526 21.969 0 109568 110080
8.77824 21.771 0 110080 110592
8.79417 21.612 0 110592 111104
8.80986 21.437 0 111104 111616
8.82428 21.345 0 111616 112128
8.83998 21.272 0 112128 112640
8.85591 21.165 0 112640 113152
8.87184 21.128 0 113152 113664
8.88578 21.098 0 113664 114176
8.90099 21.026 0 114176 114688
8.91716 21.016 0 114688 115200
8.93237 21.009 0 115200 115712
8.94583 21.002 0 115712 116224
8.96176 20.998 0 116224 116736
8.97721 20.994 0 116736 117248
8.9929 20.942 0 117248 117760
9.0078 20.95 0 117760 118272
9.02398 20.955 0 118272 118784
9.03991 20.96 0 118784 119296
9.05536 20.963 0 119296 119808
9.06978 20.966 0 119808 120320
9.08547 20.969 0 120320 120832
9.10068 20.971 0 120832 121344
9.11565 20.924 0 121344 121856
9.13055 20.935 0 121856 122368
9.14552 20.943 0 122368 122880
9.16073 20.902 0 122880 123392
9.17563 20.917 0 123392 123904
9.19132 20.93 0 123904 124416
9.20677 20.891 0 124416 124928
9.22271 20.909 0 124928 125440
9.23809 20.922 0 125440 125952
9.25347 20.919 0 125952 126464
9.26933 20.965 0 126464 126976
9.28471 21.002 0 126976 127488
9.30057 21.079 0 127488 128000
9.31595 21.141 0 128000 128512
9.33133 21.19 0 128512 129024
9.34719 21.278 0 129024 129536
9.36257 21.348 0 129536 130048
9.37795 21.404 0 130048 130560
9.39381 21.497 0 130560 131072
9.40919 21.571 0 131072 131584
9.42554 21.631 0 131584 132096
9.44236 21.726 0 132096 132608
9.4587 21.803 0 132608 133120
9.47552 21.864 0 133120 133632
9.49235 21.961 0 133632 134144
9.50869 22.039 0 134144 134656
9.52503 22.101 0 134656 135168
9.54185 22.199 0 135168 135680
9.55819 22.277 0 135680 136192
9.57502 22.387 0 136192 136704
9.59136 22.476 0 136704 137216
9.60818 22.547 0 137216 137728
9.625 22.651 0 137728 138240
9.64134 22.735 0 138240 138752
9.65769 22.802 0 138752 139264
9.67451 22.904 0 139264 139776
9.69085 22.985 0 139776 140288
9.70863 23.05 0 140288 140800
9.76893 22.588 0 92160 92672
9.77998 22.218 0 92672 93184
9.79687 21.97 0 93184 93696
9.81305 21.723 0 93696 94208
9.82506 21.574 0 94208 94720
9.84123 21.455 0 94720 95232
9.85717 21.312 0 95232 95744
9.87406 21.245 0 95744 96256
9.88607 21.192 0 96256 96768
9.90225 21.101 0 96768 97280
9.9189 21.076 0 97280 97792
9.93555 21.057 0 97792 98304
9.94709 21.041 0 98304 98816
9.96398 21.028 0 98816 99328
9.97991 21.018 0 99328 99840
9.9956 20.962 0 99840 100352
10.0086 20.965 0 100352 100864
10.0252 20.968 0 100864 101376
10.0416 20.97 0 101376 101888
10.0581 20.972 0 101888 102400
10.0701 20.973 0 102400 102912
10.0867 20.974 0 102912 103424
10.1029 20.975 0 103424 103936
10.1192 21.216 0 103936 104448
10.1322 21.346 0 104448 104960
10.1512 21.883 0 104960 105472
10.1743 23.034 0 105472 105984
10.1964 24.675 0 105984 106496
10.2154 26.325 0 106496 107008
10.2507 29.087 0 107008 107520
10.2889 32.449 0 107520 108032
10.3122 36.389 0 108032 108544
10.3709 42.089 0 108544 109056
10.4369 49.388 0 109056 109568
10.5001 57.582 0 109568 110080
10.567 66.925 0 110080 110592
10.6657 77.092 0 110592 111104
10.7643 87.051 0 111104 111616
11.1276 91.99 0 55296 55808
11.1661 97.144 0 55808 56320
11.2725 101.843 0 56320 56832
11.3812 106.083 0 56832 57344
11.4177 109.042 0 57344 57856
11.5275 111.458 0 57856 58368
11.6349 113.487 0 58368 58880
11.7383 115.11 0 58880 59392
11.7808 116.793 0 59392 59904
12.1115 116.889 0 29696 30208
12.1283 116.918 0 30208 30720
12.2401 117.086 0 30720 31232
12.3518 117.172 0 31232 31744
12.4201 108.733 0 31744 32256
12.4263 99.339 0 32256 32768
12.4842 91.776 0 32768 33280
12.5441 85.725 0 33280 33792
12.6046 80.98 0 33792 34304
12.6085 77.185 0 34304 34816
12.6698 74.244 0 34816 35328
12.7298 71.844 0 35328 35840
12.9101 69.539 0 17408 17920
12.9139 67.695 0 17920 18432
12.9709 66.172 0 18432 18944
13.0307 65.05 0 18944 19456
13.0901 64.152 0 19456 19968
13.0939 63.433 0 19968 20480
13.1528 62.955 0 20480 20992
13.2119 62.524 0 20992 21504
13.2722 62.227 0 21504 22016
13.3323 72.468 0 22016 22528
13.3357 70.279 0 22528 23040
13.3669 62.711 0 23040 23552
13.3984 56.658 0 23552 24064
13.4059 51.863 0 24064 24576
13.433 48.075 0 24576 25088
13.4655 45.093 0 25088 25600
13.4969 42.755 0 25600 26112
13.5284 40.981 0 26112 26624
13.5376 39.562 0 26624 27136
13.565 38.378 0 27136 27648
13.5979 37.576 0 27648 28160
13.6306 36.982 0 28160 28672
13.6387 36.458 0 28672 29184
13.6678 36.088 0 29184 29696
13.7003 35.839 0 29696 30208
13.7329 35.641 0 30208 30720
13.799 35.097 0 14848 15360
13.8286 34.614 0 15360 15872
13.837 34.276 0 15872 16384
13.8694 34.63 0 16384 16896
13.8968 34.337 0 16896 17408
13.9288 34.247 0 17408 17920
13.9617 34.174 0 17920 18432
13.9692 34.068 0 18432 18944
14.0026 34.656 0 18944 19456
14.0302 34.598 0 19456 19968
14.0629 34.552 0 19968 20480
14.0953 34.61 0 20480 20992
14.1018 34.609 0 20992 21504
14.1333 34.657 0 21504 22016
14.1677 34.791 0 22016 22528
14.1994 34.898 0 22528 23040
14.2092 34.984 0 23040 23552
14.2405 35.148 0 23552 24064
14.2729 35.328 0 24064 24576
14.3056 35.424 0 24576 25088
14.3381 39.971 0 25088 25600
14.3409 37.936 0 25600 26112
14.3612 34.545 0 26112 26624
14.3805 31.831 0 26624 27136
14.4 29.613 0 27136 27648
14.4041 27.934 0 27648 28160
14.4232 26.543 0 28160 28672
14.4427 25.43 0 28672 29184
14.4627 24.669 0 29184 29696
14.4667 24.013 0 29696 30208
14.4867 23.536 0 30208 30720
14.5074 23.155 0 30720 31232
14.5271 22.945 0 31232 31744
14.5309 22.682 0 31744 32256
14.5518 22.567 0 32256 32768
14.5725 22.524 0 32768 33280
14.5934 22.537 0 33280 33792
14.5977 22.596 0 33792 34304
14.6184 22.594 0 34304 34816
14.6403 22.69 0 34816 35328
14.6619 22.814 0 35328 35840
14.6657 22.913 0 35840 36352
14.6881 23.089 0 36352 36864
14.7097 23.181 0 36864 37376
14.7731 22.774 0 18432 18944
14.7757 22.545 0 18944 19456
14.7956 22.266 0 19456 19968
14.8161 22.09 0 19968 20480
14.8372 22.046 0 20480 20992
14.8403 22.058 0 20992 21504
14.8605 22.069 0 21504 22016
14.8817 22.077 0 22016 22528
14.9031 22.131 0 22528 23040
14.9062 22.223 0 23040 23552
14.9281 22.344 0 23552 24064
14.9494 22.489 0 24064 24576
14.9711 22.558 0 24576 25088
14.9934 22.804 0 25088 25600
14.9968 22.906 0 25600 26112
15.0187 23.083 0 26112 26624
15.0415 23.224 0 26624 27136
15.0629 23.386 0 27136 27648
15.0682 23.515 0 27648 28160
15.0903 23.618 0 28160 28672
15.1131 23.749 0 28672 29184
15.1367 23.998 0 29184 29696
15.1407 24.197 0 29696 30208
15.1638 24.356 0 30208 30720
15.1874 24.483 0 30720 31232
15.2112 24.681 0 31232 31744
15.2152 24.84 0 31744 32256
15.2393 25.063 0 32256 32768
15.2633 25.241 0 32768 33280
15.2864 25.384 0 33280 33792
15.3109 29.054 0 33792 34304
15.3169 28.579 0 34304 34816
15.3362 27.058 0 34816 35328
15.355 25.842 0 35328 35840
15.3605 24.869 0 35840 36352
15.3791 24.091 0 36352 36864
15.3979 23.469 0 36864 37376
15.4167 22.922 0 37376 37888
15.423 22.63 0 37888 38400
15.4408 22.299 0 38400 38912
15.4594 21.987 0 38912 39424
15.479 21.785 0 39424 39936
15.4847 21.576 0 39936 40448
15.5026 21.408 0 40448 40960
15.5219 21.322 0 40960 41472
15.5405 21.205 0 41472 41984
15.5453 21.112 0 41984 42496
15.5643 21.085 0 42496 43008
15.5831 21.016 0 43008 43520
15.6024 21.008 0 43520 44032
15.6072 21.002 0 44032 44544
15.6258 20.949 0 44544 45056
15.6449 20.955 0 45056 45568
15.6639 21.104 0 45568 46080
15.6692 21.079 0 46080 46592
15.688 21.059 0 46592 47104
15.7068 21.042 0 47104 47616
15.7698 21.03 0 23552 24064
15.7724 21.019 0 24064 24576
15.792 20.963 0 24576 25088
15.812 20.966 0 25088 25600
15.8315 20.92 0 25600 26112
15.8351 20.932 0 26112 26624
15.8544 20.941 0 26624 27136
15.8739 20.9 0 27136 27648
15.894 20.964 0 27648 28160
15.8983 21.111 0 28160 28672
15.9166 21.036 0 28672 29184
15.9364 21.025 0 29184 29696
15.9557 21.015 0 29696 30208
15.9591 20.96 0 30208 30720
15.9791 20.963 0 30720 31232
15.9981 20.966 0 31232 31744
16.0174 20.921 0 31744 32256
16.0232 21.028 0 32256 32768
16.0411 21.018 0 32768 33280
16.0601 20.962 0 33280 33792
16.0796 20.965 0 33792 34304
16.0852 20.968 0 34304 34816
16.1033 20.97 0 34816 35328
16.1226 20.972 0 35328 35840
16.142 21.007 0 35840 36352
16.1471 21.241 0 36352 36864
16.1654 21.189 0 36864 37376
16.1847 21.098 0 37376 37888
16.2042 21.122 0 37888 38400
16.2091 21.19 0 38400 38912
16.2283 21.229 0 38912 39424
16.2482 21.357 0 39424 39936
16.2679 21.411 0 39936 40448
16.2732 21.503 0 40448 40960
16.2932 21.624 0 40960 41472
16.3134 21.769 0 41472 41984
16.3326 21.611 0 41984 42496
16.3384 21.532 0 42496 43008
16.357 21.422 0 43008 43520
16.3758 21.333 0 43520 44032
16.3949 21.31 0 44032 44544
16.4006 21.292 0 44544 45056
16.4194 21.277 0 45056 45568
16.438 21.217 0 45568 46080
16.4568 21.121 0 46080 46592
16.4631 21.093 0 46592 47104
16.4817 21.118 0 47104 47616
16.5002 21.124 0 47616 48128
16.5194 21.129 0 48128 48640
16.5256 21.18 0 48640 49152
16.5441 21.222 0 49152 49664
16.5638 21.351 0 49664 50176
16.5838 21.503 0 50176 50688
16.5903 21.72 0 50688 51200
16.6098 21.798 0 51200 51712
16.6292 21.908 0 51712 52224
16.6489 22.141 0 52224 52736
16.6566 22.327 0 52736 53248
16.6766 22.475 0 53248 53760
16.6972 22.594 0 53760 54272
16.7165 24.997 0 54272 54784
16.7799 24.481 0 28160 28672
16.7835 23.877 0 28672 29184
16.8037 23.297 0 29184 29696
16.823 22.833 0 29696 30208
16.8404 22.462 0 30208 30720
16.8469 22.261 0 30720 31232
16.8659 22.053 0 31232 31744
16.8852 21.79 0 31744 32256
16.9045 21.676 0 32256 32768
16.9091 21.584 0 32768 33280
16.9282 21.463 0 33280 33792
16.9481 21.448 0 33792 34304
16.9673 21.436 0 34304 34816
16.9724 21.474 0 34816 35328
16.9921 21.505 0 35328 35840
17.0123 21.578 0 35840 36352
17.032 21.972 0 36352 36864
17.037 22.048 0 36864 37376
17.0577 22.06 0 37376 37888
17.0786 22.166 0 37888 38400
17.0973 22.347 0 38400 38912
17.1043 22.443 0 38912 39424
17.1255 22.617 0 39424 39936
17.1466 22.708 0 39936 40448
17.1658 22.828 0 40448 40960
17.1738 23.069 0 40960 41472
17.1949 23.213 0 41472 41984
17.2165 23.329 0 41984 42496
17.2382 23.758 0 42496 43008
17.2442 23.861 0 43008 43520
17.2668 23.943 0 43520 44032
17.2891 24.057 0 44032 44544
17.3093 24.196 0 44544 45056
17.3177 24.403 0 45056 45568
17.3381 24.137 0 45568 46080
17.3586 23.923 0 46080 46592
17.378 23.897 0 46592 47104
17.386 23.828 0 47104 47616
17.4071 23.724 0 47616 48128
17.429 23.786 0 48128 48640
17.4355 23.835 0 48640 49152
17.4564 23.874 0 49152 49664
17.4787 24.002 0 49664 50176
17.4996 24.104 0 50176 50688
17.5073 24.186 0 50688 51200
17.529 24.299 0 51200 51712
17.5516 24.438 0 51712 52224
17.5741 24.693 0 52224 52736
17.5816 24.849 0 52736 53248
17.6037 24.926 0 53248 53760
17.627 25.083 0 53760 54272
17.6496 25.258 0 54272 54784
17.6573 25.397 0 54784 55296
17.6811 25.604 0 55296 55808
17.7046 25.722 0 55808 56320
17.7719 25.096 0 28160 28672
17.7753 24.547 0 28672 29184
17.7969 24.155 0 29184 29696
17.8173 23.842 0 29696 30208
17.838 23.64 0 30208 30720
17.856 26.025 0 30720 31232
17.8647 25.53 0 31232 31744
17.8858 25.038 0 31744 32256
17.9079 24.741 0 32256 32768
17.9128 24.551 0 32768 33280
17.9341 24.351 0 33280 33792
17.9562 24.287 0 33792 34304
17.9788 24.284 0 34304 34816
17.9844 24.378 0 34816 35328
18.0065 24.356 0 35328 35840
18.0288 24.388 0 35840 36352
18.0517 24.557 0 36352 36864
18.0572 24.692 0 36864 37376
18.0805 24.8 0 37376 37888
18.1036 24.887 0 37888 38400
18.1266 25.1 0 38400 38912
18.1329 25.223 0 38912 39424
18.1562 25.369 0 39424 39936
18.18 25.534 0 39936 40448
18.2035 25.666 0 40448 40960
18.2105 25.868 0 40960 41472
18.2341 25.981 0 41472 41984
18.2581 26.12 0 41984 42496
18.2836 26.375 0 42496 43008
18.2891 26.531 0 43008 43520
18.3146 26.656 0 43520 44032
18.3329 25.521 0 44032 44544
18.3514 24.564 0 44544 45056
18.3582 23.943 0 45056 45568
18.3763 23.35 0 45568 46080
18.3943 22.861 0 46080 46592
18.4139 22.533 0 46592 47104
18.4192 22.222 0 47104 47616
18.4378 21.925 0 47616 48128
18.4568 21.736 0 48128 48640
18.4754 21.584 0 48640 49152
18.4811 21.449 0 49152 49664
18.5002 21.403 0 49664 50176
18.5185 21.318 0 50176 50688
18.5373 21.25 0 50688 51200
18.5433 21.195 0 51200 51712
18.5619 21.152 0 51712 52224
18.5812 21.213 0 52224 52736
18.5995 21.262 0 52736 53248
18.6058 21.206 0 53248 53760
18.6244 21.16 0 53760 54272
18.6429 21.124 0 54272 54784
18.6492 21.095 0 54784 55296
18.668 21.071 0 55296 55808
18.6866 21.101 0 55808 56320
18.7044 21.062 0 56320 56832
18.7116 21.079 0 56832 57344
18.7697 21.059 0 28160 28672
18.7726 21.043 0 28672 29184
18.7928 21.03 0 29184 29696
18.8121 21.019 0 29696 30208
18.8312 20.963 0 30208 30720
18.8358 21.014 0 30720 31232
18.8546 21.007 0 31232 31744
18.8739 20.953 0 31744 32256
18.8937 20.958 0 32256 32768
18.8975 20.962 0 32768 33280
18.9166 20.917 0 33280 33792
18.9361 20.929 0 33792 34304
18.9554 20.891 0 34304 34816
18.9597 20.908 0 34816 35328
18.979 20.922 0 35328 35840
18.9981 20.885 0 35840 36352
19.0171 20.904 0 36352 36864
19.0214 20.919 0 36864 37376
19.0407 20.883 0 37376 37888
19.06 20.902 0 37888 38400
19.0789 20.917 0 38400 38912
19.0837 20.929 0 38912 39424
19.1027 20.939 0 39424 39936
19.1222 21.029 0 39936 40448
19.141 20.971 0 40448 40960
19.1463 20.972 0 40960 41472
19.1653 21.007 0 41472 41984
19.1845 21.083 0 41984 42496
19.2049 21.24 0 42496 43008
19.2097 21.366 0 43008 43520
19.2299 21.467 0 43520 44032
19.2499 21.595 0 44032 44544
19.2698 21.746 0 44544 45056
19.2758 21.915 0 45056 45568
19.2962 22.098 0 45568 46080
19.3164 22.196 0 46080 46592
19.3355 22.049 0 46592 47104
19.341 21.834 0 47104 47616
19.3598 21.663 0 47616 48128
19.3791 21.574 0 48128 48640
19.3854 21.503 0 48640 49152
19.4032 21.35 0 49152 49664
19.422 21.276 0 49664 50176
19.4404 21.216 0 50176 50688
19.4474 21.265 0 50688 51200
19.4654 21.255 0 51200 51712
19.4844 21.282 0 51712 52224
19.5037 21.303 0 52224 52736
19.5101 21.368 0 52736 53248
19.5289 21.42 0 53248 53760
19.5486 21.558 0 53760 54272
19.5685 21.716 0 54272 54784
19.5748 21.843 0 54784 55296
19.595 21.944 0 55296 55808
19.6149 22.073 0 55808 56320
19.6339 22.225 0 56320 56832
19.6418 22.394 0 56832 57344
19.6627 22.577 0 57344 57856
19.6829 22.676 0 57856 58368
19.7034 22.947 0 58368 58880
19.7111 23.068 0 58880 59392
19.7689 22.65 0 38400 38912
19.7732 22.301 0 38912 39424
19.793 22.085 0 39424 39936
19.8118 21.911 0 39936 40448
19.8173 21.759 0 40448 40960
19.8365 21.733 0 40960 41472
19.8562 21.664 0 41472 41984
19.8757 21.657 0 41984 42496
19.8952 24.391 0 42496 43008
19.9014 23.934 0 43008 43520
19.9216 23.665 0 43520 44032
19.9418 23.402 0 44032 44544
19.9478 23.24 0 44544 45056
19.9685 23.254 0 45056 45568
19.9887 23.217 0 45568 46080
20.0098 23.188 0 46080 46592
20.0163 23.262 0 46592 47104
20.0379 23.514 0 47104 47616
20.0586 23.667 0 47616 48128
20.0817 23.932 0 48128 48640
20.0901 24.337 0 48640 49152
20.1134 24.804 0 49152 49664
20.1365 25.323 0 49664 50176
20.1629 25.978 0 50176 50688
20.1759 26.982 0 50688 51200
20.205 28.411 0 51200 51712
20.2307 29.746 0 51712 52224
20.2684 31.967 0 52224 52736
20.2912 34.37 0 52736 53248
20.3227 37.156 0 53248 53760
20.3689 39.915 0 53760 54272
20.4292 44.861 0 54272 54784
20.4662 50.067 0 54784 55296
20.5268 57.261 0 55296 55808
20.6171 65.947 0 55808 56320
20.7154 75.684 0 56320 56832
20.7832 86.021 0 56832 57344
21.1213 92.609 0 28160 28672
21.1413 97.061 0 28672 29184
21.2607 102.69 0 29184 29696
21.3753 107.242 0 29696 30208
21.4842 109.969 0 30208 30720
21.5258 113.978 0 30720 31232
21.6219 115.407 0 31232 31744
21.737 116.549 0 31744 32256
22.0994 117.127 0 15872 16384
22.1244 119.464 0 16384 16896
22.2342 119.507 0 16896 17408
22.3489 119.637 0 17408 17920
22.4625 119.742 0 17920 18432
22.4827 119.633 0 18432 18944
22.5438 109.789 0 18944 19456
22.5957 101.049 0 19456 19968
22.6476 93.239 0 19968 20480
22.7041 87.136 0 20480 20992
22.73 82.254 0 20992 21504
22.903 78.155 0 10240 10752
22.9629 84.826 0 10752 11264
22.9739 80.213 0 11264 11776
23.0362 76.715 0 11776 12288
23.0886 73.965 0 12288 12800
23.1496 71.716 0 12800 12800
23.2131 70.062 0 13312 13824
23.2236 68.642 0 13824 14336
23.2775 67.603 0 14336 14848
23.3411 66.915 0 14848 15360
23.4041 66.413 0 15360 15872
23.4147 66.011 0 15872 16384
23.4471 59.442 0 16384 16896
23.4709 54.234 0 16896 17408
23.5048 50.261 0 17408 17920
23.5368 47.033 0 17920 18432
23.5483 44.452 0 18432 18944
23.5819 42.531 0 18944 19456
23.6146 42.532 0 19456 19968
23.6401 40.995 0 19968 20480
23.6735 39.957 0 20480 20992
23.687 39.127 0 20992 21504
23.7201 38.415 0 21504 22016
23.8223 37.749 0 10752 11264
23.8242 37.169 0 11264 11776
23.859 36.8 0 11776 12288
23.8927 36.457 0 12288 12800
23.927 36.279 0 12800 13312
23.9624 36.329 0 13312 13824
23.9967 42.665 0 13824 14336
24.0006 41.438 0 14336 14848
24.0359 40.456 0 14848 15360
24.0717 39.766 0 15360 15872
24.1075 39.263 0 15872 16384
24.1445 39.052 0 16384 16896
24.1479 38.788 0 16896 17408
24.1844 38.624 0 17408 17920
24.2212 38.59 0 17920 18432
24.2584 38.61 0 18432 18944
24.2957 45.355 0 18944 19456
24.3003 44.166 0 19456 19968
24.338 43.168 0 19968 20480
24.3738 41.984 0 20480 20992
24.4089 41.085 0 20992 21504
24.4118 40.077 0 21504 22016
24.4329 36.388 0 22016 22528
24.4533 33.484 0 22528 23040
24.474 31.209 0 23040 23552
24.4947 29.581 0 23552 24064
24.499 28.231 0 24064 24576
24.5202 27.055 0 24576 25088
24.5423 26.354 0 25088 25600
24.5627 25.793 0 25600 26112
24.5687 25.441 0 26112 26624
24.5908 25.207 0 26624 27136
24.6134 24.972 0 27136 27648
24.6358 25.072 0 27648 28160
24.6403 25.056 0 28160 28672
24.6634 25.044 0 28672 29184
24.6879 25.226 0 29184 29696
24.7115 25.323 0 29696 30208
24.7158 25.353 0 30208 30720
24.7831 25.089 0 14848 15360
24.7848 24.829 0 15360 15872
24.8081 24.718 0 15872 16384
24.8316 24.581 0 16384 16896
24.8549 24.567 0 16896 17408
24.8583 24.652 0 17408 17920
24.883 24.816 0 17920 18432
24.9066 24.996 0 18432 18944
24.9316 25.091 0 18944 19456
24.9554 29.349 0 19456 19968
24.9595 28.718 0 19968 20480
24.9849 28.358 0 20480 20992
25.0104 28.117 0 20992 21504
25.0352 27.877 0 21504 22016
25.0616 31.962 0 22016 22528
25.0657 31.097 0 22528 23040
25.0916 30.405 0 23040 23552
25.1188 30.043 0 23552 24064
25.1234 29.754 0 24064 24576
25.1496 29.475 0 24576 25088
25.1767 29.347 0 25088 25600
25.2041 29.294 0 25600 26112
25.232 29.443 0 26112 26624
25.2375 29.562 0 26624 27136
25.2649 29.61 0 27136 27648
25.2937 29.696 0 27648 28160
25.3211 34.282 0 28160 28672
25.3272 33.578 0 28672 29184
25.3548 32.822 0 29184 29696
25.3812 31.785 0 29696 30208
25.4007 29.946 0 30208 30720
25.405 28.234 0 30720 31232
25.4241 26.783 0 31232 31744
25.4434 25.574 0 31744 32256
25.4631 24.655 0 32256 32768
25.467 23.919 0 32768 33280
25.486 23.283 0 33280 33792
25.5061 22.918 0 33792 34304
25.5246 22.53 0 34304 34816
25.5297 22.22 0 34816 35328
25.549 21.971 0 35328 35840
25.5678 21.773 0 35840 36352
25.5876 21.71 0 36352 36864
25.5919 21.612 0 36864 37376
25.6107 21.437 0 37376 37888
25.6309 21.427 0 37888 38400
25.6506 21.563 0 38400 38912
25.6554 21.624 0 38912 39424
25.6761 21.818 0 39424 39936
25.6963 21.876 0 39936 40448
25.7167 22.019 0 40448 40960
25.7806 21.762 0 19968 20480
25.783 21.606 0 20480 20992
25.8033 21.48 0 20992 21504
25.8228 21.332 0 21504 22016
25.843 21.295 0 22016 22528
25.8464 21.28 0 22528 23040
25.8661 21.363 0 23040 23552
25.8868 21.368 0 23552 24064
25.9075 21.468 0 24064 24576
25.9111 21.596 0 24576 25088
25.9322 21.843 0 25088 25600
25.9536 22.089 0 25600 26112
25.975 22.237 0 26112 26624
25.9971 22.548 0 26624 27136
26.0005 22.748 0 27136 27648
26.0233 23.005 0 27648 28160
26.0464 23.306 0 28160 28672
26.0682 23.499 0 28672 29184
26.0733 23.702 0 29184 29696
26.0959 23.912 0 29696 30208
26.1199 24.176 0 30208 30720
26.1442 24.628 0 30720 31232
26.1487 24.893 0 31232 31744
26.1718 25.009 0 31744 32256
26.1966 25.198 0 32256 32768
26.2204 25.446 0 32768 33280
26.2261 25.691 0 33280 33792
26.2516 26.032 0 33792 34304
26.2766 26.257 0 34304 34816
26.3028 26.533 0 34816 35328
26.3076 26.705 0 35328 35840
26.3328 26.94 0 35840 36352
26.3559 26.454 0 36352 36864
26.3778 26.258 0 36864 37376
26.3826 25.861 0 37376 37888
26.4019 24.884 0 37888 38400
26.4212 24.103 0 38400 38912
26.4387 23.43 0 38912 39424
26.445 22.94 0 39424 39936
26.4641 22.547 0 39936 40448
26.4824 22.185 0 40448 40960
26.5009 21.992 0 40960 41472
26.507 21.789 0 41472 41984
26.5256 21.579 0 41984 42496
26.5446 21.459 0 42496 43008
26.5629 21.363 0 43008 43520
26.5692 21.286 0 43520 44032
26.5875 21.224 0 44032 44544
26.6061 21.127 0 44544 45056
26.6249 23.645 0 45056 45568
26.6309 23.193 0 45568 46080
26.6499 22.736 0 46080 46592
26.6693 22.514 0 46592 47104
26.6753 22.337 0 47104 47616
26.6946 22.292 0 47616 48128
26.715 22.303 0 48128 48640
26.7772 21.99 0 24064 24576
26.7798 21.74 0 24576 25088
26.8003 21.587 0 25088 25600
26.8196 21.417 0 25600 26112
26.8392 21.33 0 26112 26624
26.8428 21.259 0 26624 27136
26.8621 21.203 0 27136 27648
26.8821 21.158 0 27648 28160
26.902 21.204 0 28160 28672
26.9056 21.289 0 28672 29184
26.9256 21.309 0 29184 29696
26.9458 21.421 0 29696 30208
26.966 21.51 0 30208 30720
26.9869 24.946 0 30720 31232
26.9912 24.427 0 31232 31744
27.0116 24.011 0 31744 32256
27.0335 23.823 0 32256 32768
27.0378 23.673 0 32768 33280
27.0592 23.648 0 33280 33792
27.0816 23.677 0 33792 34304
27.1039 23.7 0 34304 34816
27.109 23.814 0 34816 35328
27.1311 23.954 0 35328 35840
27.1544 24.162 0 35840 36352
27.1782 24.376 0 36352 36864
27.2005 28.056 0 36864 37376
27.2058 27.491 0 37376 37888
27.2301 27.184 0 37888 38400
27.2544 27.034 0 38400 38912
27.2596 26.914 0 38912 39424
27.2844 26.866 0 39424 39936
27.3087 26.828 0 39936 40448
27.3339 26.894 0 40448 40960
27.3392 26.898 0 40960 41472
27.3603 26.18 0 41472 41984
27.382 25.606 0 41984 42496
27.401 24.681 0 42496 43008
27.4063 23.94 0 43008 43520
27.4251 23.348 0 43520 44032
27.4439 22.874 0 44032 44544
27.4625 22.447 0 44544 45056
27.4688 22.249 0 45056 45568
27.4869 21.995 0 45568 46080
27.5057 21.743 0 46080 46592
27.5245 21.59 0 46592 47104
27.5303 21.468 0 47104 47616
27.5483 21.322 0 47616 48128
27.5674 21.253 0 48128 48640
27.5857 21.232 0 48640 49152
27.5915 21.133 0 49152 49664
27.6105 21.136 0 49664 50176
27.6293 21.104 0 50176 50688
27.6481 21.175 0 50688 51200
27.6546 21.232 0 51200 51712
27.6736 21.359 0 51712 52224
27.6935 21.509 0 52224 52736
27.7128 21.725 0 52736 53248
27.7193 21.802 0 53248 53760
27.7783 21.637 0 26624 27136
27.7815 21.505 0 27136 27648
27.8015 21.4 0 27648 28160
27.821 21.316 0 28160 28672
27.8401 21.2 0 28672 29184
27.8442 21.156 0 29184 29696
27.8635 21.12 0 29696 30208
27.8825 21.044 0 30208 30720
27.9027 21.079 0 30720 31232
27.9061 21.092 0 31232 31744
27.9258 21.118 0 31744 32256
27.9463 21.22 0 32256 32768
27.966 21.301 0 32768 33280
27.9701 21.367 0 33280 33792
27.9905 21.467 0 33792 34304
28.0114 21.644 0 34304 34816
28.0328 21.977 0 34816 35328
28.0371 22.196 0 35328 35840
28.0585 22.371 0 35840 36352
28.0804 22.559 0 36352 36864
28.1022 22.805 0 36864 37376
28.1066 23.002 0 37376 37888
28.1294 23.304 0 37888 38400
28.1517 23.546 0 38400 38912
28.1743 23.787 0 38912 39424
28.1803 24.028 0 39424 39936
28.2027 24.269 0 39936 40448
28.2262 24.51 0 40448 40960
28.2503 24.895 0 40960 41472
28.2556 25.155 0 41472 41984
28.2796 25.267 0 41984 42496
28.3041 25.5 0 42496 43008
28.3284 25.783 0 43008 43520
28.3344 26.058 0 43520 44032
28.3551 25.412 0 44032 44544
28.3752 24.8 0 44544 45056
28.3954 27.241 0 45056 45568
28.4007 26.215 0 45568 46080
28.4198 25.168 0 46080 46592
28.4388 24.378 0 46592 47104
28.4446 23.746 0 47104 47616
28.4627 23.144 0 47616 48128
28.4818 22.711 0 48128 48640
28.5006 22.412 0 48640 49152
28.5063 22.174 0 49152 49664
28.5256 22.031 0 49664 50176
28.5444 21.82 0 50176 50688
28.5628 21.652 0 50688 51200
28.5693 21.517 0 51200 51712
28.5874 21.409 0 51712 52224
28.6064 21.371 0 52224 52736
28.6252 21.374 0 52736 53248
28.6314 21.377 0 53248 53760
28.6506 21.331 0 53760 54272
28.6694 21.391 0 54272 54784
28.6886 21.534 0 54784 55296
28.6958 21.697 0 55296 55808
28.716 21.924 0 55808 56320
28.7775 21.735 0 27648 28160
28.7804 21.583 0 28160 28672
28.7997 21.414 0 28672 29184
28.8195 21.327 0 29184 29696
28.8392 21.257 0 29696 30208
28.8426 21.201 0 30208 30720
28.8621 21.157 0 30720 31232
28.8817 21.121 0 31232 31744
28.9011 21.078 0 31744 32256
28.9059 21.092 0 32256 32768
28.9248 21.069 0 32768 33280
28.9443 21.099 0 33280 33792
28.9645 21.205 0 33792 34304
28.9686 21.29 0 34304 34816
28.9895 21.502 0 34816 35328
29.0097 21.575 0 35328 35840
29.0299 21.778 0 35840 36352
29.0351 21.94 0 36352 36864
29.0558 22.166 0 36864 37376
29.0774 22.443 0 37376 37888
29.0995 22.617 0 37888 38400
29.1043 22.803 0 38400 38912
29.126 23.001 0 38912 39424
29.1486 23.303 0 39424 39936
29.1709 23.593 0 39936 40448
29.1769 23.873 0 40448 40960
29.1995 24.049 0 40960 41472
29.2226 24.286 0 41472 41984
29.2286 24.523 0 41984 42496
29.2524 24.809 0 42496 43008
29.2759 25.134 0 43008 43520
29.3005 25.346 0 43520 44032
29.324 25.66 0 44032 44544
29.33 25.719 0 44544 45056
29.3502 24.997 0 45056 45568
29.3701 24.467 0 45568 46080
29.3757 24.092 0 46080 46592
29.3963 23.791 0 46592 47104
29.4147 23.229 0 47104 47616
29.4332 22.731 0 47616 48128
29.4513 24.701 0 48128 48640
29.4581 23.957 0 48640 49152
29.4766 23.361 0 49152 49664
29.4959 22.98 0 49664 50176
29.5017 22.676 0 50176 50688
29.5205 22.337 0 50688 51200
29.5391 22.113 0 51200 51712
29.5577 21.886 0 51712 52224
29.5644 21.752 0 52224 52736
29.583 21.646 0 52736 53248
29.6013 21.512 0 53248 53760
29.6199 21.501 0 53760 54272
29.6266 21.397 0 54272 54784
29.6449 21.347 0 54784 55296
29.6646 21.451 0 55296 55808
29.6819 21.583 0 55808 56320
29.6903 21.688 0 56320 56832
29.7103 21.82 0 56832 57344
29.7722 21.652 0 28160 28672
29.7751 21.517 0 28672 29184
29.7954 21.409 0 29184 29696
29.8147 21.323 0 29696 30208
29.8337 21.206 0 30208 30720
29.8385 21.257 0 30720 31232
29.8571 21.201 0 31232 31744
29.8764 21.108 0 31744 32256
29.8962 21.082 0 32256 32768
29.9 21.061 0 32768 33280
29.9191 20.997 0 33280 33792
29.9386 20.993 0 33792 34304
29.9579 20.942 0 34304 34816
29.9622 20.949 0 34816 35328
29.9815 20.955 0 35328 35840
30.0006 20.913 0 35840 36352
30.0196 20.926 0 36352 36864
30.024 20.937 0 36864 37376
30.0433 20.897 0 37376 37888
30.0626 20.913 0 37888 38400
30.0814 20.926 0 38400 38912
30.0862 20.935 0 38912 39424
30.1052 20.943 0 39424 39936
30.1243 20.95 0 39936 40448
30.1431 20.908 0 40448 40960
30.1484 20.922 0 40960 41472
30.1672 20.933 0 41472 41984
30.1858 20.894 0 41984 42496
30.2053 20.911 0 42496 43008
30.2101 20.924 0 43008 43520
30.2294 20.935 0 43520 44032
30.2482 20.944 0 44032 44544
30.2668 20.902 0 44544 45056
30.2728 20.966 0 45056 45568
30.2912 20.968 0 45568 46080
30.3095 20.922 0 46080 46592
30.3288 20.933 0 46592 47104
30.3341 20.942 0 47104 47616
30.3527 20.901 0 47616 48128
30.3717 20.917 0 48128 48640
30.3782 20.881 0 48640 49152
30.3958 20.852 0 49152 49664
30.4146 20.877 0 49664 50176
30.4327 20.849 0 50176 50688
30.4397 20.875 0 50688 51200
30.4576 20.896 0 51200 51712
30.4761 20.912 0 51712 52224
30.4949 20.925 0 52224 52736
30.5014 20.936 0 52736 53248
30.5195 20.944 0 53248 53760
30.5381 20.951 0 53760 54272
30.5567 20.956 0 54272 54784
30.5629 20.961 0 54784 55296
30.5817 20.964 0 55296 55808
30.6001 20.967 0 55808 56320
30.6177 20.921 0 56320 56832
30.6249 20.933 0 56832 57344
30.6435 20.942 0 57344 57856
30.6613 20.901 0 57856 58368
30.6797 20.916 0 58368 58880
30.6869 20.929 0 58880 59392
30.7047 20.939 0 59392 59904
30.7638 20.898 0 44544 45056
30.7698 20.914 0 45056 45568
30.7884 20.927 0 45568 46080
30.8067 20.889 0 46080 46592
30.8125 20.907 0 46592 47104
30.8313 20.921 0 47104 47616
30.8499 20.884 0 47616 48128
30.869 20.903 0 48128 48640
30.8742 20.918 0 48640 49152
30.8931 20.882 0 49152 49664
30.9119 20.901 0 49664 50176
30.93 20.869 0 50176 50688
30.9367 20.89 0 50688 51200
30.9548 20.908 0 51200 51712
30.9731 20.874 0 51712 52224
30.9919 20.895 0 52224 52736
30.9982 20.911 0 52736 53248
31.0163 20.877 0 53248 53760
31.0349 20.897 0 53760 54272
31.053 20.913 0 54272 54784
31.0597 20.926 0 54784 55296
31.078 20.937 0 55296 55808
31.0964 20.945 0 55808 56320
31.1144 20.903 0 56320 56832
31.1217 20.918 0 56832 57344
31.1397 20.93 0 57344 57856
31.1576 20.892 0 57856 58368
31.1764 20.909 0 58368 58880
31.1831 20.923 0 58880 59392
31.2017 20.934 0 59392 59904
31.2198 20.943 0 59904 60416
31.2277 20.95 0 60416 60928
31.2454 20.955 0 60928 61440
31.2632 20.96 0 61440 61952
31.2808 20.916 0 61952 62464
31.2897 21.072 0 62464 62976
31.3066 21.053 0 62976 63488
31.3246 21.024 0 63488 64000
31.343 21.015 0 64000 64512
31.3507 21.008 0 64512 65024
31.3683 20.954 0 65024 65536
31.3869 21.055 0 65536 66048
31.4042 20.991 0 66048 66560
31.4124 20.941 0 66560 67072
31.4303 20.948 0 67072 67584
31.4481 20.954 0 67584 68096
31.4664 21.055 0 68096 68608
31.4746 21.088 0 68608 69120
31.4922 21.066 0 69120 69632
31.5103 21.096 0 69632 70144
31.5185 21.121 0 70144 70656
31.5366 21.14 0 70656 71168
31.5549 21.156 0 71168 71680
31.5723 21.168 0 71680 72192
31.5809 21.178 0 72192 72704
31.5988 21.138 0 72704 73216
31.6163 21.14 0 73216 73728
31.6346 21.19 0 73728 74240
31.6437 21.277 0 74240 74752
31.6618 21.396 0 74752 75264
31.68 21.442 0 75264 75776
31.699 21.576 0 75776 76288
31.7081 21.682 0 76288 76800
31.7634 21.541 0 62976 63488
31.7706 21.429 0 63488 64000
31.7889 21.339 0 64000 64512
31.807 21.3 0 64512 65024
31.8251 21.284 0 65024 65536
31.8332 21.319 0 65536 66048
31.851 21.285 0 66048 66560
31.8695 21.305 0 66560 67072
31.8883 21.466 0 67072 67584
31.8964 21.547 0 67584 68096
31.9159 21.707 0 68096 68608
31.9346 21.787 0 68608 69120
31.9517 21.9 0 69120 69632
31.9623 22.038 0 69632 70144
31.982 22.196 0 70144 70656
32.0015 22.371 0 70656 71168
32.0192 24.193 0 71168 71680
32.0298 23.969 0 71680 72192
32.0495 23.789 0 72192 72704
32.0699 23.741 0 72704 73216
32.0796 23.703 0 73216 73728
32.0993 23.721 0 73728 74240
32.1202 23.831 0 74240 74752
32.1404 23.871 0 74752 75264
32.1495 23.903 0 75264 75776
32.1709 24.025 0 75776 76288
32.192 24.17 0 76288 76800
32.2139 24.431 0 76800 77312
32.223 24.591 0 77312 77824
32.2442 24.672 0 77824 78336
32.2665 24.832 0 78336 78848
32.2884 25.056 0 78848 79360
32.2978 25.188 0 79360 79872
32.3206 25.389 0 79872 80384
32.3377 24.507 0 80384 80896
32.3481 23.849 0 80896 81408
32.365 23.323 0 81408 81920
32.3826 22.902 0 81920 82432
32.3992 22.469 0 82432 82944
32.4103 22.171 0 82944 83456
32.4265 21.932 0 83456 83968
32.4436 21.742 0 83968 84480
32.4612 21.637 0 84480 84992
32.4718 21.553 0 84992 85504
32.4891 21.472 0 85504 86016
32.5061 21.455 0 86016 86528
32.5234 21.49 0 86528 87040
32.535 21.566 0 87040 87552
32.552 21.674 0 87552 88064
32.5703 21.713 0 88064 88576
32.5888 21.985 0 88576 89088
32.5994 22.058 0 89088 89600
32.6176 22.164 0 89600 90112
32.6371 22.345 0 90112 90624
32.6482 22.49 0 90624 91136
32.666 22.558 0 91136 91648
32.6854 22.709 0 91648 92160
32.7051 22.877 0 92160 92672
32.7167 23.012 0 92672 93184
32.7726 22.557 0 46080 46592
32.7791 22.241 0 46592 47104
32.7967 21.989 0 47104 47616
32.8153 21.738 0 47616 48128
32.8344 23.283 0 48128 48640
32.8411 22.87 0 48640 49152
32.8585 22.443 0 49152 49664
32.8773 22.15 0 49664 50176
32.8886 21.964 0 50176 50688
32.9031 21.815 0 50688 51200
32.9216 21.84 0 51200 51712
32.9385 21.619 0 51712 52224
32.9474 21.539 0 52224 52736
32.965 21.427 0 52736 53248
32.9817 21.289 0 53248 53760
33.0003 21.227 0 53760 54272
33.0094 21.225 0 54272 54784
33.0268 21.128 0 54784 55296
33.0437 21.098 0 55296 55808
33.062 21.074 0 55808 56320
33.0711 21.055 0 56320 56832
33.089 21.087 0 56832 57344
33.1058 21.066 0 57344 57856
33.1239 21.048 0 57856 58368
33.1326 21.082 0 58368 58880
33.1507 21.061 0 58880 59392
33.168 21.141 0 59392 59904
33.1859 22.262 0 59904 60416
33.1941 21.957 0 60416 60928
33.2125 21.857 0 60928 61440
33.23 21.73 0 61440 61952
33.2427 21.661 0 61952 62464
33.2569 21.655 0 62464 62976
33.2754 21.697 0 62976 63488
33.2937 21.684 0 63488 64000
33.3069 21.817 0 64000 64512
33.3213 21.875 0 64512 65024
33.3387 21.696 0 65024 65536
33.357 21.6 0 65536 66048
33.3666 21.524 0 66048 66560
33.3833 21.415 0 66560 67072
33.4014 21.375 0 67072 67584
33.4185 21.296 0 67584 68096
33.4286 21.28 0 68096 68608
33.4455 21.22 0 68608 69120
33.4624 21.124 0 69120 69632
33.48 21.191 0 69632 70144
33.4906 21.244 0 70144 70656
33.507 21.191 0 70656 71168
33.5246 21.148 0 71168 71680
33.5415 22.378 0 71680 72192
33.5509 22.098 0 72192 72704
33.5687 21.97 0 72704 73216
33.5866 21.82 0 73216 73728
33.5972 21.7 0 73728 74240
33.6133 21.555 0 74240 74752
33.6305 21.44 0 74752 75264
33.6476 21.347 0 75264 75776
33.6591 21.322 0 75776 76288
33.6753 21.301 0 76288 76800
33.6924 21.236 0 76800 77312
33.7096 21.185 0 77312 77824
33.773 21.143 0 48128 48640
33.7792 21.11 0 48640 49152
33.7983 21.084 0 49152 49664
33.8159 21.063 0 49664 50176
33.8238 21.094 0 50176 50688
33.8424 21.119 0 50688 51200
33.8605 21.187 0 51200 51712
33.8772 21.097 0 51712 52224
33.8868 21.169 0 52224 52736
33.9042 21.131 0 52736 53248
33.9215 21.052 0 53248 53760
33.9389 21.038 0 53760 54272
33.9478 21.122 0 54272 54784
33.9654 21.045 0 54784 55296
33.9821 21.032 0 55296 55808
34.0002 21.021 0 55808 56320
34.0088 20.964 0 56320 56832
34.0271 20.967 0 56832 57344
34.0436 20.969 0 57344 57856
34.0614 20.923 0 57856 58368
34.0708 20.934 0 58368 58880
34.0882 20.895 0 58880 59392
34.1059 20.993 0 59392 59904
34.124 20.99 0 59904 60416
34.1322 20.988 0 60416 60928
34.1508 21.034 0 60928 61440
34.1679 21.071 0 61440 61952
34.1778 21.052 0 61952 62464
34.1951 21.134 0 62464 62976
34.2128 21.199 0 62976 63488
34.2299 21.154 0 63488 64000
34.2405 21.249 0 64000 64512
34.2573 21.277 0 64512 65024
34.2753 21.347 0 65024 65536
34.2936 21.452 0 65536 66048
34.3027 21.487 0 66048 66560
34.321 21.515 0 66560 67072
34.3383 21.504 0 67072 67584
34.3557 21.399 0 67584 68096
34.3663 21.363 0 68096 68608
34.3832 21.334 0 68608 69120
34.3996 21.215 0 69120 69632
34.4174 21.215 0 69632 70144
34.4271 21.264 0 70144 70656
34.4444 21.207 0 70656 71168
34.4616 21.209 0 71168 71680
34.4777 22.379 0 71680 72192
34.4883 22.05 0 72192 72704
34.5064 21.884 0 72704 73216
34.5231 21.751 0 73216 73728
34.5341 21.644 0 73728 74240
34.5513 21.607 0 74240 74752
34.5681 21.529 0 74752 75264
34.5848 21.371 0 75264 75776
34.5966 21.341 0 75776 76288
34.6132 21.316 0 76288 76800
34.6304 21.345 0 76800 77312
34.647 21.319 0 77312 77824
34.6585 21.251 0 77824 78336
34.6754 21.197 0 78336 78848
34.6914 21.249 0 78848 79360
34.7083 21.195 0 79360 79872
34.7682 21.151 0 64512 65024
34.7782 21.069 0 65024 65536
34.7955 21.099 0 65536 66048
34.8136 21.157 0 66048 66560
34.8234 21.203 0 66560 67072
34.841 21.158 0 67072 67584
34.8579 21.17 0 67584 68096
34.8758 21.18 0 68096 68608
34.8856 21.235 0 68608 69120
34.9035 21.28 0 69120 69632
34.9199 21.22 0 69632 70144
34.9375 21.267 0 70144 70656
34.9476 21.258 0 70656 71168
34.9655 21.298 0 71168 71680
34.9821 21.33 0 71680 72192
34.9992 21.342 0 72192 72704
35.0105 21.351 0 72704 73216
35.0278 21.454 0 73216 73728
35.0448 21.489 0 73728 74240
35.0633 21.709 0 74240 74752
35.0749 21.837 0 74752 75264
35.0922 21.94 0 75264 75776
35.1109 22.022 0 75776 76288
35.1275 22.183 0 76288 76800
35.1415 22.313 0 76800 77312
35.1592 22.464 0 77312 77824
35.1782 22.633 0 77824 78336
35.1907 22.817 0 78336 78848
35.2095 22.916 0 78848 79360
35.228 23.091 0 79360 79872
35.2482 23.279 0 79872 80384
35.2592 23.429 0 80384 80896
35.2792 23.598 0 80896 81408
35.2989 23.733 0 81408 81920
35.3188 23.937 0 81920 82432
35.3308 23.956 0 82432 82944
35.3482 23.456 0 82944 83456
35.3639 22.961 0 83456 83968
35.3774 22.564 0 83968 84480
35.3933 22.295 0 84480 84992
35.4094 22.08 0 84992 85504
35.426 21.941 0 85504 86016
35.4419 22.119 0 86016 86528
35.4554 21.925 0 86528 87040
35.4715 21.865 0 87040 87552
35.4888 21.866 0 87552 88064
35.5013 21.867 0 88064 88576
35.5202 21.963 0 88576 89088
35.5366 21.992 0 89088 89600
35.5541 22.064 0 89600 90112
35.5671 22.169 0 90112 90624
35.5858 22.301 0 90624 91136
35.6024 22.455 0 91136 91648
35.6217 22.674 0 91648 92160
35.6346 22.753 0 92160 92672
35.6541 22.913 0 92672 93184
35.6719 23.088 0 93184 93696
35.6904 23.277 0 93696 94208
35.7048 23.476 0 94208 94720
35.7661 22.928 0 70656 71168
35.7819 22.586 0 71168 71680
35.7998 22.361 0 71680 72192
35.8099 22.084 0 72192 72704
35.827 21.911 0 72704 73216
35.8438 21.758 0 73216 73728
35.8609 21.684 0 73728 74240
35.8734 21.721 0 74240 74752
35.8897 21.751 0 74752 75264
35.9075 21.726 0 75264 75776
35.925 21.899 0 75776 76288
35.9375 21.941 0 76288 76800
35.9548 22.071 0 76800 77312
35.9734 22.222 0 77312 77824
35.9904 22.344 0 77824 78336
36.0046 22.441 0 78336 78848
36.0221 22.663 0 78848 79360
36.0414 22.793 0 79360 79872
36.0558 23.377 0 79872 80384
36.0728 23.7 0 80384 80896
36.0906 23.67 0 80896 81408
36.1115 23.742 0 81408 81920
36.1236 23.8 0 81920 82432
36.1425 23.895 0 82432 82944
36.1627 24.066 0 82944 83456
36.1822 24.203 0 83456 83968
36.1954 24.265 0 83968 84480
36.2149 24.411 0 84480 84992
36.236 24.575 0 84992 85504
36.2567 24.899 0 85504 86016
36.2704 25.062 0 86016 86528
36.2901 25.144 0 86528 87040
36.3112 25.258 0 87040 87552
36.3283 25.109 0 87552 88064
36.3414 24.283 0 88064 88576
36.3563 23.67 0 88576 89088
36.3736 23.18 0 89088 89600
36.3886 22.739 0 89600 90112
36.4031 22.435 0 90112 90624
36.4182 22.24 0 90624 91136
36.4351 21.973 0 91136 91648
36.4485 21.904 0 91648 92160
36.4641 21.897 0 92160 92672
36.481 21.843 0 92672 93184
36.4995 21.897 0 93184 93696
36.512 21.939 0 93696 94208
36.5283 21.973 0 94208 94720
36.5456 22 0 94720 95232
36.5636 22.07 0 95232 95744
36.5776 22.222 0 95744 96256
36.5939 22.344 0 96256 96768
36.6129 22.489 0 96768 97280
36.6316 22.605 0 97280 97792
36.6451 22.698 0 97792 98304
36.6622 22.821 0 98304 98816
36.6814 23.015 0 98816 99328
36.6984 23.218 0 99328 99840
36.7136 23.381 0 99840 100352
36.7715 22.9 0 49664 50176
36.7796 22.564 0 50176 50688
36.7982 22.295 0 50688 51200
36.8156 22.128 0 51200 51712
36.8264 21.946 0 51712 52224
36.8416 21.752 0 52224 52736
36.8602 21.645 0 52736 53248
36.8771 21.512 0 53248 53760
36.8886 21.838 0 53760 54272
36.9038 21.666 0 54272 54784
36.9222 21.48 0 54784 55296
36.9376 21.38 0 55296 55808
36.948 21.347 0 55808 56320
36.9658 21.274 0 56320 56832
36.9844 21.311 0 56832 57344
36.9989 21.196 0 57344 57856
37.0097 21.201 0 57856 58368
37.0283 21.204 0 58368 58880
37.0444 21.159 0 58880 59392
37.0608 21.205 0 59392 59904
37.0719 21.207 0 59904 60416
37.0895 21.113 0 60416 60928
37.1069 21.183 0 60928 61440
37.1227 21.19 0 61440 61952
37.1334 21.147 0 61952 62464
37.1517 21.162 0 62464 62976
37.1679 21.221 0 62976 63488
37.1785 21.22 0 63488 64000
37.1954 21.172 0 64000 64512
37.2135 21.181 0 64512 65024
37.2291 21.237 0 65024 65536
37.2409 21.315 0 65536 66048
37.2579 21.282 0 66048 66560
37.2759 21.351 0 66560 67072
37.2928 21.454 0 67072 67584
37.3033 21.537 0 67584 68096
37.3223 21.7 0 68096 68608
37.3397 21.796 0 68608 69120
37.3556 21.632 0 69120 69632
37.3667 21.549 0 69632 70144
37.3845 21.531 0 70144 70656
37.4007 21.421 0 70656 71168
37.4174 21.428 0 71168 71680
37.4287 21.386 0 71680 72192
37.4463 21.305 0 72192 72704
37.4622 21.335 0 72704 73216
37.4733 21.216 0 73216 73728
37.4904 21.12 0 73728 74240
37.5087 21.14 0 74240 74752
37.5227 21.108 0 74752 75264
37.535 21.082 0 75264 75776
37.5533 21.157 0 75776 76288
37.5707 21.121 0 76288 76800
37.585 21.093 0 76800 77312
37.597 21.07 0 77312 77824
37.6146 21.051 0 77824 78336
37.6317 21.133 0 78336 78848
37.6464 21.15 0 78848 79360
37.6594 21.164 0 79360 79872
37.6766 21.127 0 79872 80384
37.6915 21.241 0 80384 80896
37.7072 21.188 0 80896 81408
37.7638 21.146 0 65536 66048
37.7795 21.161 0 66048 66560
37.7952 21.124 0 66560 67072
37.8119 21.143 0 67072 67584
37.8241 21.206 0 67584 68096
37.8422 21.161 0 68096 68608
37.8572 21.172 0 68608 69120
37.8734 21.085 0 69120 69632
37.8863 21.112 0 69632 70144
37.904 21.229 0 70144 70656
37.9182 21.179 0 70656 71168
37.9346 21.97 0 71168 71680
37.9483 21.82 0 71680 72192
37.9652 21.651 0 72192 72704
37.9797 21.613 0 72704 73216
37.9929 21.582 0 73216 73728
38.0102 21.447 0 73728 74240
38.0275 21.676 0 74240 74752
38.0412 21.618 0 74752 75264
38.0552 21.572 0 75264 75776
38.0739 21.631 0 75776 76288
38.0895 21.727 0 76288 76800
38.1064 21.803 0 76800 77312
38.1203 21.864 0 77312 77824
38.1388 21.961 0 77824 78336
38.1551 22.183 0 78336 78848
38.1727 22.409 0 78848 79360
38.1871 22.541 0 79360 79872
38.2068 22.647 0 79872 80384
38.2217 22.828 0 80384 80896
38.2361 22.972 0 80896 81408
38.2561 23.136 0 81408 81920
38.2751 23.315 0 81920 82432
38.2919 23.458 0 82432 82944
38.3068 23.669 0 82944 83456
38.3267 23.79 0 83456 83968
38.3405 23.227 0 83968 84480
38.3562 22.826 0 84480 84992
38.3716 22.504 0 84992 85504
38.3889 22.247 0 85504 86016
38.4039 22.137 0 86016 86528
38.4167 21.857 0 86528 87040
38.4335 21.682 0 87040 87552
38.4507 21.589 0 87552 88064
38.4628 21.467 0 88064 88576
38.4791 21.417 0 88576 89088
38.4962 21.425 0 89088 89600
38.5126 21.288 0 89600 90112
38.5242 21.226 0 90112 90624
38.5408 21.224 0 90624 91136
38.5577 21.257 0 91136 91648
38.5752 21.427 0 91648 92160
38.587 21.516 0 92160 92672
38.6045 21.538 0 92672 93184
38.6225 21.652 0 93184 93696
38.6377 21.792 0 93696 94208
38.6519 21.951 0 94208 94720
38.6704 22.127 0 94720 95232
38.6882 22.22 0 95232 95744
38.7028 22.438 0 95744 96256
38.7189 22.516 0 96256 96768
38.7696 22.305 0 75776 76288
38.7797 22.087 0 76288 76800
38.7973 21.866 0 76800 77312
38.8144 21.688 0 77312 77824
38.8245 21.546 0 77824 78336
38.8414 21.432 0 78336 78848
38.8592 21.424 0 78848 79360
38.8765 21.32 0 79360 79872
38.8864 21.334 0 79872 80384
38.9037 21.345 0 80384 80896
38.9214 21.401 0 80896 81408
38.9404 21.543 0 81408 81920
38.95 21.656 0 81920 82432
38.9683 21.699 0 82432 82944
38.9868 21.829 0 82944 83456
39.0034 21.981 0 83456 83968
39.0152 22.103 0 83968 84480
39.0346 22.296 0 84480 84992
39.0539 22.403 0 84992 85504
39.0712 23.786 0 85504 86016
39.0834 23.691 0 86016 86528
39.1031 23.663 0 86528 87040
39.1231 23.737 0 87040 87552
39.1341 23.796 0 87552 88064
39.1534 23.795 0 88064 88576
39.1735 23.842 0 88576 89088
39.194 23.928 0 89088 89600
39.205 23.997 0 89600 90112
39.2252 24.148 0 90112 90624
39.2456 24.317 0 90624 91136
39.2663 24.452 0 91136 91648
39.2783 24.608 0 91648 92160
39.2987 24.733 0 92160 92672
39.3199 24.881 0 92672 93184
39.3375 24.197 0 93184 93696
39.3486 23.601 0 93696 94208
39.3655 23.125 0 94208 94720
39.3816 22.695 0 94720 95232
39.3932 22.352 0 95232 95744
39.4103 22.125 0 95744 96256
39.4271 21.978 0 96256 96768
39.4447 21.908 0 96768 97280
39.4567 21.9 0 97280 97792
39.4735 21.846 0 97792 98304
39.491 21.85 0 98304 98816
39.5088 21.95 0 98816 99328
39.5208 22.03 0 99328 99840
39.5384 22.142 0 99840 100352
39.5567 22.231 0 100352 100864
39.5752 22.351 0 100864 101376
39.5881 22.495 0 101376 101888
39.6064 22.658 0 101888 102400
39.6254 22.837 0 102400 102912
39.6434 23.124 0 102912 103424
39.6566 23.209 0 103424 103936
39.6754 23.277 0 103936 104448
39.6944 23.428 0 104448 104960
39.7073 23.597 0 104960 105472
39.7734 23.169 0 52224 52736
39.7828 22.731 0 52736 53248
39.8016 22.38 0 53248 53760
39.8204 22.148 0 53760 54272
39.8266 21.962 0 54272 54784
39.845 21.717 0 54784 55296
39.8636 21.617 0 55296 55808
39.8819 21.538 0 55808 56320
39.8889 21.474 0 56320 56832
39.9079 21.471 0 56832 57344
39.926 21.372 0 57344 57856
39.9431 21.245 0 57856 58368
39.9516 21.192 0 58368 58880
39.9694 21.149 0 58880 59392
39.988 21.115 0 59392 59904
40.0049 21.808 0 59904 60416
40.0133 21.641 0 60416 60928
40.0316 21.508 0 60928 61440
40.0495 21.402 0 61440 61952
40.0628 21.269 0 61952 62464
40.0748 21.211 0 62464 62976
40.0929 21.164 0 62976 63488
40.1103 21.079 0 63488 64000
40.1238 21.059 0 64000 64512
40.1363 21.043 0 64512 65024
40.1539 20.982 0 65024 65536
40.172 20.981 0 65536 66048
40.1802 20.98 0 66048 66560
40.1975 20.932 0 66560 67072
40.2159 20.941 0 67072 67584
40.2325 20.9 0 67584 68096
40.2417 20.916 0 68096 68608
40.2598 20.928 0 68608 69120
40.2771 20.89 0 69120 69632
40.2945 20.908 0 69632 70144
40.3032 20.922 0 70144 70656
40.3208 20.885 0 70656 71168
40.3384 20.904 0 71168 71680
40.3553 21.639 0 71680 72192
40.3644 21.459 0 72192 72704
40.3823 21.363 0 72704 73216
40.3996 21.286 0 73216 73728
40.4124 21.176 0 73728 74240
40.4264 21.137 0 74240 74752
40.4435 21.105 0 74752 75264
40.4609 21.031 0 75264 75776
40.4744 21.021 0 75776 76288
40.4879 21.012 0 76288 76800
40.5055 21.005 0 76800 77312
40.5226 21 0 77312 77824
40.5317 20.996 0 77824 78336
40.5491 20.992 0 78336 78848
40.5665 20.989 0 78848 79360
40.5831 20.939 0 79360 79872
40.5937 20.947 0 79872 80384
40.6104 20.953 0 80384 80896
40.6273 20.91 0 80896 81408
40.6446 20.924 0 81408 81920
40.6547 20.934 0 81920 82432
40.6719 20.895 0 82432 82944
40.689 20.912 0 82944 83456
40.7018 20.877 0 83456 83968
40.7155 20.849 0 83968 84480
40.7705 20.875 0 67072 67584
40.7782 20.896 0 67584 68096
40.7963 20.912 0 68096 68608
40.8139 20.925 0 68608 69120
40.8221 20.936 0 69120 69632
40.8399 20.944 0 69632 70144
40.8578 20.951 0 70144 70656
40.8749 20.908 0 70656 71168
40.8841 20.922 0 71168 71680
40.9012 20.933 0 71680 72192
40.9186 20.894 0 72192 72704
40.9364 20.911 0 72704 73216
40.9456 20.924 0 73216 73728
40.9627 20.887 0 73728 74240
40.9803 20.905 0 74240 74752
40.9972 20.872 0 74752 75264
41.0063 20.845 0 75264 75776
41.0242 20.872 0 75776 76288
41.0413 20.845 0 76288 76800
41.0589 22.472 0 76800 77312
41.0681 22.173 0 77312 77824
41.085 21.886 0 77824 78336
41.1028 21.704 0 78336 78848
41.1124 21.559 0 78848 79360
41.1293 21.443 0 79360 79872
41.1469 21.35 0 79872 80384
41.1641 21.276 0 80384 80896
41.1737 21.216 0 80896 81408
41.191 21.168 0 81408 81920
41.2084 21.13 0 81920 82432
41.2251 21.052 0 82432 82944
41.2356 21.037 0 82944 83456
41.2523 21.025 0 83456 83968
41.2692 20.968 0 83968 84480
41.2866 20.97 0 84480 84992
41.2967 20.971 0 84992 85504
41.3143 20.973 0 85504 86016
41.3309 20.974 0 86016 86528
41.341 20.975 0 86528 87040
41.3584 20.975 0 87040 87552
41.3748 20.976 0 87552 88064
41.3919 20.928 0 88064 88576
41.403 20.938 0 88576 89088
41.4196 20.946 0 89088 89600
41.4361 20.905 0 89600 90112
41.4534 20.919 0 90112 90624
41.464 20.931 0 90624 91136
41.4802 20.892 0 91136 91648
41.4973 20.909 0 91648 92160
41.5142 20.875 0 92160 92672
41.5253 20.848 0 92672 93184
41.5422 20.874 0 93184 93696
41.5588 20.847 0 93696 94208
41.5755 20.873 0 94208 94720
41.5865 20.894 0 94720 95232
41.6024 20.863 0 95232 95744
41.6198 20.886 0 95744 96256
41.6314 20.904 0 96256 96768
41.6478 20.919 0 96768 97280
41.6649 20.931 0 97280 97792
41.6811 20.94 0 97792 98304
41.6926 20.948 0 98304 98816
41.7095 20.954 0 98816 99328
41.7623 20.911 0 91136 91648
41.7739 20.924 0 91648 92160
41.7905 20.935 0 92160 92672
41.8069 20.895 0 92672 93184
41.8224 20.912 0 93184 93696
41.8354 20.925 0 93696 94208
41.852 20.936 0 94208 94720
41.8682 20.944 0 94720 95232
41.8797 20.951 0 95232 95744
41.8966 20.956 0 95744 96256
41.913 20.961 0 96256 96768
41.9297 20.916 0 96768 97280
41.9417 20.929 0 97280 97792
41.9579 20.938 0 97792 98304
41.9743 20.898 0 98304 98816
41.9907 20.914 0 98816 99328
42.0022 20.927 0 99328 99840
42.0184 20.889 0 99840 100352
42.0351 20.907 0 100352 100864
42.0515 20.873 0 100864 101376
42.0645 20.894 0 101376 101888
42.0804 20.911 0 101888 102400
42.0966 20.876 0 102400 102912
42.1127 21.185 0 102912 103424
42.1252 21.144 0 103424 103936
42.1412 21.062 0 103936 104448
42.1571 21.046 0 104448 104960
42.1696 21.032 0 104960 105472
42.1858 20.973 0 105472 105984
42.2024 20.974 0 105984 106496
42.2186 20.975 0 106496 107008
42.2316 20.976 0 107008 107520
42.248 20.976 0 107520 108032
42.2639 20.976 0 108032 108544
42.2796 20.929 0 108544 109056
42.2931 20.939 0 109056 109568
42.3087 20.946 0 109568 110080
42.3247 20.953 0 110080 110592
42.3401 20.958 0 110592 111104
42.3541 20.962 0 111104 111616
42.3702 20.965 0 111616 112128
42.3859 20.968 0 112128 112640
42.4019 20.922 0 112640 113152
42.4158 20.933 0 113152 113664
42.4317 20.942 0 113664 114176
42.4469 20.901 0 114176 114688
42.4631 21.157 0 114688 115200
42.4766 21.121 0 115200 115712
42.492 21.044 0 115712 116224
42.5075 21.031 0 116224 116736
42.5214 21.021 0 116736 117248
42.5371 20.964 0 117248 117760
42.5538 20.967 0 117760 118272
42.5692 20.921 0 118272 118784
42.5841 20.932 0 118784 119296
42.5996 20.942 0 119296 119808
42.6148 20.901 0 119808 120320
42.6305 20.916 0 120320 120832
42.6449 20.929 0 120832 121344
42.6599 20.89 0 121344 121856
42.6753 20.908 0 121856 122368
42.6908 20.922 0 122368 122880
42.7052 20.933 0 122880 123392
42.7631 20.894 0 108544 109056
42.7764 20.911 0 109056 109568
42.792 20.924 0 109568 110080
42.8079 20.935 0 110080 110592
42.8214 20.944 0 110592 111104
42.8373 20.951 0 111104 111616
42.854 20.956 0 111616 112128
42.8696 20.96 0 112128 112640
42.8836 20.964 0 112640 113152
42.8995 20.967 0 113152 113664
42.9154 20.969 0 113664 114176
42.9307 20.923 0 114176 114688
42.9446 20.934 0 114688 115200
42.9603 20.943 0 115200 115712
42.9753 20.902 0 115712 116224
42.9912 20.917 0 116224 116736
43.0051 20.929 0 116736 117248
43.0208 20.891 0 117248 117760
43.037 20.908 0 117760 118272
43.0524 20.874 0 118272 118784
43.0678 20.895 0 118784 119296
43.0833 20.912 0 119296 119808
43.0985 20.877 0 119808 120320
43.1142 20.945 0 120320 120832
43.1286 20.952 0 120832 121344
43.1436 20.909 0 121344 121856
43.159 20.923 0 121856 122368
43.1734 20.934 0 122368 122880
43.1882 20.895 0 122880 123392
43.2039 20.911 0 123392 123904
43.2195 20.925 0 123904 124416
43.2349 20.935 0 124416 124928
43.2509 20.944 0 124928 125440
43.2663 20.951 0 125440 125952
43.2817 20.942 0 125952 126464
43.2976 20.983 0 126464 126976
43.3129 21.016 0 126976 127488
43.3288 21.09 0 127488 128000
43.3442 21.15 0 128000 128512
43.3596 21.198 0 128512 129024
43.3754 21.284 0 129024 129536
43.3908 21.353 0 129536 130048
43.4062 21.408 0 130048 130560
43.422 21.5 0 130560 131072
43.4374 21.574 0 131072 131584
43.4538 21.633 0 131584 132096
43.4706 21.728 0 132096 132608
43.4869 21.804 0 132608 133120
43.5033 21.865 0 133120 133632
43.5206 21.962 0 133632 134144
43.5369 22.039 0 134144 134656
43.5533 22.101 0 134656 135168
43.5701 22.199 0 135168 135680
43.5864 22.277 0 135680 136192
43.6032 22.388 0 136192 136704
43.6196 22.476 0 136704 137216
43.6359 22.547 0 137216 137728
43.6532 22.652 0 137728 138240
43.6696 22.735 0 138240 138752
43.6859 22.802 0 138752 139264
43.7027 22.904 0 139264 139776
43.7191 22.985 0 139776 140288
43.771 22.584 0 78848 79360
43.7803 22.263 0 79360 79872
43.7979 22.006 0 79872 80384
43.8151 21.8 0 80384 80896
43.8247 21.636 0 80896 81408
43.8421 21.504 0 81408 81920
43.8594 21.399 0 81920 82432
43.8761 21.267 0 82432 82944
43.8867 21.209 0 82944 83456
43.9033 21.163 0 83456 83968
43.9202 21.078 0 83968 84480
43.9376 21.058 0 84480 84992
43.9477 21.042 0 84992 85504
43.9653 21.029 0 85504 86016
43.9819 21.019 0 86016 86528
43.9984 20.963 0 86528 87040
44.0094 20.966 0 87040 87552
44.0258 20.968 0 87552 88064
44.043 20.922 0 88064 88576
44.0601 20.981 0 88576 89088
44.0707 20.981 0 89088 89600
44.0871 20.932 0 89600 90112
44.1044 20.941 0 90112 90624
44.115 20.949 0 90624 91136
44.1312 20.906 0 91136 91648
44.1483 20.921 0 91648 92160
44.1652 20.884 0 92160 92672
44.1763 20.855 0 92672 93184
44.1932 20.88 0 93184 93696
44.2093 20.851 0 93696 94208
44.2265 20.877 0 94208 94720
44.2375 20.897 0 94720 95232
44.2537 20.913 0 95232 95744
44.2706 20.926 0 95744 96256
44.2875 20.936 0 96256 96768
44.299 20.945 0 96768 97280
44.3162 20.951 0 97280 97792
44.3323 20.957 0 97792 98304
44.348 20.913 0 98304 98816
44.3608 20.926 0 98816 99328
44.3767 20.936 0 99328 99840
44.3924 20.897 0 99840 100352
44.4054 20.913 0 100352 100864
44.422 20.926 0 100864 101376
44.4384 20.936 0 101376 101888
44.4548 20.945 0 101888 102400
44.4669 20.951 0 102400 102912
44.4835 20.957 0 102912 103424
44.4997 20.961 0 103424 103936
44.5151 20.916 0 103936 104448
44.5281 20.929 0 104448 104960
44.544 20.939 0 104960 105472
44.5602 20.898 0 105472 105984
44.5769 20.914 0 105984 106496
44.5898 20.927 0 106496 107008
44.6053 20.889 0 107008 107520
44.6217 20.907 0 107520 108032
44.6374 20.873 0 108032 108544
44.6504 20.846 0 108544 109056
44.6665 20.872 0 109056 109568
44.682 20.846 0 109568 110080
44.6955 20.872 0 110080 110592
44.7114 20.893 0 110592 111104
44.7633 20.91 0 100352 100864
44.7753 20.924 0 100864 101376
44.7922 20.935 0 101376 101888
44.8081 20.943 0 101888 102400
44.8224 20.902 0 102400 102912
44.8368 20.917 0 102912 103424
44.8529 20.93 0 103424 103936
44.8689 20.891 0 103936 104448
44.8814 20.909 0 104448 104960
44.8973 20.922 0 104960 105472
44.9135 20.886 0 105472 105984
44.9301 20.904 0 105984 106496
44.9431 20.919 0 106496 107008
44.959 20.883 0 107008 107520
44.9755 20.902 0 107520 108032
44.9911 20.869 0 108032 108544
45.0041 20.843 0 108544 109056
45.0203 20.87 0 109056 109568
45.0357 20.843 0 109568 110080
45.0517 20.87 0 110080 110592
45.0647 20.892 0 110592 111104
45.0811 20.909 0 111104 111616
45.0972 20.923 0 111616 112128
45.1134 21.318 0 112128 112640
45.1269 21.25 0 112640 113152
45.1428 21.196 0 113152 113664
45.1587 21.152 0 113664 114176
45.1722 21.117 0 114176 114688
45.1884 21.09 0 114688 115200
45.2036 21.067 0 115200 115712
45.219 21.001 0 115712 116224
45.233 20.997 0 116224 116736
45.2484 20.993 0 116736 117248
45.2641 20.942 0 117248 117760
45.2808 20.949 0 117760 118272
45.2952 20.955 0 118272 118784
45.3111 20.96 0 118784 119296
45.3266 20.963 0 119296 119808
45.3418 20.918 0 119808 120320
45.3567 20.93 0 120320 120832
45.3719 20.94 0 120832 121344
45.3869 20.899 0 121344 121856
45.4028 20.915 0 121856 122368
45.4172 20.928 0 122368 122880
45.4319 20.89 0 122880 123392
45.4471 20.907 0 123392 123904
45.4625 20.921 0 123904 124416
45.478 20.885 0 124416 124928
45.4939 20.903 0 124928 125440
45.5093 20.904 0 125440 125952
45.5247 20.905 0 125952 126464
45.5405 20.953 0 126464 126976
45.5559 20.992 0 126976 127488
45.5718 21.071 0 127488 128000
45.5872 21.135 0 128000 128512
45.6025 21.185 0 128512 129024
45.6184 21.274 0 129024 129536
45.6338 21.345 0 129536 130048
45.6492 21.402 0 130048 130560
45.665 21.495 0 130560 131072
45.6804 21.57 0 131072 131584
45.6967 21.629 0 131584 132096
45.7136 21.725 0 132096 132608
45.7681 21.528 0 88064 88576
45.7794 21.418 0 88576 89088
45.796 21.33 0 89088 89600
45.8124 21.211 0 89600 90112
45.824 21.165 0 90112 90624
45.8404 21.127 0 90624 91136
45.8566 21.05 0 91136 91648
45.8737 21.035 0 91648 92160
45.8852 21.024 0 92160 92672
45.9017 20.967 0 92672 93184
45.9185 20.969 0 93184 93696
45.9347 20.923 0 93696 94208
45.9467 20.934 0 94208 94720
45.9629 20.943 0 94720 95232
45.9788 20.902 0 95232 95744
45.9957 20.917 0 95744 96256
46.0077 20.929 0 96256 96768
46.0239 20.891 0 96768 97280
46.0411 20.908 0 97280 97792
46.0567 20.874 0 97792 98304
46.0685 20.847 0 98304 98816
46.0854 20.873 0 98816 99328
46.1011 20.846 0 99328 99840
46.1126 20.824 0 99840 100352
46.1298 20.855 0 100352 100864
46.1464 20.88 0 100864 101376
46.1628 20.899 0 101376 101888
46.1753 20.915 0 101888 102400
46.1913 20.928 0 102400 102912
46.2079 20.938 0 102912 103424
46.2241 20.946 0 103424 103936
46.2361 20.952 0 103936 104448
46.2525 20.957 0 104448 104960
46.2684 20.962 0 104960 105472
46.2846 20.917 0 105472 105984
46.2981 20.929 0 105984 106496
46.3143 20.939 0 106496 107008
46.3297 20.899 0 107008 107520
46.3461 20.915 0 107520 108032
46.3591 20.927 0 108032 108544
46.3748 20.889 0 108544 109056
46.391 20.907 0 109056 109568
46.4039 20.921 0 109568 110080
46.4199 20.933 0 110080 110592
46.4358 20.942 0 110592 111104
46.4515 20.901 0 111104 111616
46.4659 20.916 0 111616 112128
46.4816 20.929 0 112128 112640
46.4975 20.891 0 112640 113152
46.5135 20.908 0 113152 113664
46.5269 20.922 0 113664 114176
46.5426 20.885 0 114176 114688
46.5583 20.904 0 114688 115200
46.5738 20.871 0 115200 115712
46.5872 20.844 0 115712 116224
46.6031 20.871 0 116224 116736
46.6186 20.892 0 116736 117248
46.6343 20.861 0 117248 117760
46.6492 20.885 0 117760 118272
46.6649 20.903 0 118272 118784
46.6808 20.918 0 118784 119296
46.6963 20.93 0 119296 119808
46.7112 20.94 0 119808 120320
46.7635 20.947 0 105984 106496
46.776 20.954 0 106496 107008
46.792 20.91 0 107008 107520
46.8084 20.924 0 107520 108032
46.8217 20.887 0 108032 108544
46.837 20.857 0 108544 109056
46.8532 20.881 0 109056 109568
46.8687 20.852 0 109568 110080
46.8822 20.878 0 110080 110592
46.898 20.898 0 110592 111104
46.9137 20.866 0 111104 111616
46.9304 20.888 0 111616 112128
46.9439 20.906 0 112128 112640
46.9595 20.921 0 112640 113152
46.976 20.932 0 113152 113664
46.9914 20.941 0 113664 114176
47.0053 20.949 0 114176 114688
47.021 20.954 0 114688 115200
47.0367 20.959 0 115200 115712
47.0517 20.915 0 115712 116224
47.0661 20.928 0 116224 116736
47.0816 20.938 0 116736 117248
47.0973 20.898 0 117248 117760
47.1134 21.168 0 117760 118272
47.1278 21.13 0 118272 118784
47.1438 21.1 0 118784 119296
47.1592 21.075 0 119296 119808
47.1741 21.056 0 119808 120320
47.1898 21.04 0 120320 120832
47.205 21.028 0 120832 121344
47.22 20.97 0 121344 121856
47.2349 20.972 0 121856 122368
47.2499 20.973 0 122368 122880
47.2646 20.926 0 122880 123392
47.2803 20.936 0 123392 123904
47.2957 20.945 0 123904 124416
47.3111 20.903 0 124416 124928
47.3271 20.918 0 124928 125440
47.3424 20.916 0 125440 125952
47.3578 20.914 0 125952 126464
47.3737 20.961 0 126464 126976
47.3891 20.998 0 126976 127488
47.4049 21.076 0 127488 128000
47.4203 21.139 0 128000 128512
47.4357 21.188 0 128512 129024
47.4515 21.276 0 129024 129536
47.4669 21.347 0 129536 130048
47.4823 21.403 0 130048 130560
47.4982 21.496 0 130560 131072
47.5135 21.571 0 131072 131584
47.5299 21.63 0 131584 132096
47.5467 21.726 0 132096 132608
47.5631 21.803 0 132608 133120
47.5794 21.864 0 133120 133632
47.5962 21.961 0 133632 134144
47.6126 22.039 0 134144 134656
47.6294 22.101 0 134656 135168
47.6462 22.199 0 135168 135680
47.6625 22.277 0 135680 136192
47.6794 22.387 0 136192 136704
47.6957 22.476 0 136704 137216
47.7121 22.547 0 137216 137728
47.7699 22.185 0 83456 83968
47.7796 21.895 0 83968 84480
47.7969 21.712 0 84480 84992
47.8141 21.517 0 84992 85504
47.8246 21.409 0 85504 86016
47.8413 21.323 0 86016 86528
47.8582 21.206 0 86528 87040
47.8751 21.16 0 87040 87552
47.8857 21.124 0 87552 88064
47.9023 21.047 0 88064 88576
47.9194 21.033 0 88576 89088
47.9366 21.022 0 89088 89600
47.9471 21.013 0 89600 90112
47.964 21.006 0 90112 90624
47.9804 21.001 0 90624 91136
47.9971 20.948 0 91136 91648
48.0086 20.954 0 91648 92160
48.0253 20.959 0 92160 92672
48.0417 20.915 0 92672 93184
48.0591 20.927 0 93184 93696
48.0701 20.937 0 93696 94208
48.0868 20.946 0 94208 94720
48.103 20.952 0 94720 95232
48.1145 20.957 0 95232 95744
48.1314 20.961 0 95744 96256
48.1478 20.965 0 96256 96768
48.1645 20.919 0 96768 97280
48.1765 20.931 0 97280 97792
48.1926 20.94 0 97792 98304
48.2091 20.9 0 98304 98816
48.2255 20.916 0 98816 99328
48.2375 20.928 0 99328 99840
48.2532 20.89 0 99840 100352
48.2698 20.908 0 100352 100864
48.2862 20.874 0 100864 101376
48.2992 20.895 0 101376 101888
48.3151 20.911 0 101888 102400
48.3313 20.877 0 102400 102912
48.3475 20.897 0 102912 103424
48.36 20.913 0 103424 103936
48.3759 20.878 0 103936 104448
48.3918 20.898 0 104448 104960
48.4043 20.914 0 104960 105472
48.4208 20.927 0 105472 105984
48.4374 20.937 0 105984 106496
48.4536 20.945 0 106496 107008
48.4666 20.952 0 107008 107520
48.483 20.957 0 107520 108032
48.4989 20.961 0 108032 108544
48.5146 20.917 0 108544 109056
48.5281 20.929 0 109056 109568
48.5437 20.939 0 109568 110080
48.5597 20.947 0 110080 110592
48.5751 20.953 0 110592 111104
48.5891 20.958 0 111104 111616
48.6052 20.962 0 111616 112128
48.6214 20.965 0 112128 112640
48.6369 20.92 0 112640 113152
48.6508 20.931 0 113152 113664
48.6667 20.941 0 113664 114176
48.6819 20.9 0 114176 114688
48.6981 20.916 0 114688 115200
48.7116 20.928 0 115200 115712
48.7632 20.89 0 103936 104448
48.7757 20.908 0 104448 104960
48.7916 20.922 0 104960 105472
48.8078 20.885 0 105472 105984
48.8223 20.904 0 105984 106496
48.8374 20.918 0 106496 107008
48.8534 20.882 0 107008 107520
48.8698 20.901 0 107520 108032
48.8833 20.869 0 108032 108544
48.8985 20.843 0 108544 109056
48.9146 20.87 0 109056 109568
48.9301 20.843 0 109568 110080
48.9431 20.87 0 110080 110592
48.959 20.892 0 110592 111104
48.9752 20.861 0 111104 111616
48.9913 20.884 0 111616 112128
49.0048 20.903 0 112128 112640
49.021 20.918 0 112640 113152
49.0369 20.93 0 113152 113664
49.0528 20.94 0 113664 114176
49.0663 20.947 0 114176 114688
49.0825 20.954 0 114688 115200
49.0977 20.958 0 115200 115712
49.1116 20.962 0 115712 116224
49.1271 20.965 0 116224 116736
49.1425 20.968 0 116736 117248
49.1582 20.922 0 117248 117760
49.1731 20.933 0 117760 118272
49.1893 20.942 0 118272 118784
49.2052 20.949 0 118784 119296
49.2207 20.955 0 119296 119808
49.2351 20.96 0 119808 120320
49.2508 20.963 0 120320 120832
49.266 20.966 0 120832 121344
49.281 20.921 0 121344 121856
49.2959 20.932 0 121856 122368
49.3113 20.941 0 122368 122880
49.326 20.901 0 122880 123392
49.3412 20.916 0 123392 123904
49.3566 20.928 0 123904 124416
49.3721 20.89 0 124416 124928
49.388 20.908 0 124928 125440
49.4034 20.908 0 125440 125952
49.4188 20.908 0 125952 126464
49.4346 20.956 0 126464 126976
49.45 20.994 0 126976 127488
49.4659 21.073 0 127488 128000
49.4813 21.136 0 128000 128512
49.4966 21.186 0 128512 129024
49.5125 21.275 0 129024 129536
49.5279 21.345 0 129536 130048
49.5433 21.402 0 130048 130560
49.5591 21.495 0 130560 131072
49.5745 21.57 0 131072 131584
49.5908 21.63 0 131584 132096
49.6077 21.726 0 132096 132608
49.624 21.802 0 132608 133120
49.6408 21.864 0 133120 133632
49.6576 21.961 0 133632 134144
49.674 22.038 0 134144 134656
49.6903 22.101 0 134656 135168
49.7072 22.198 0 135168 135680
49.7694 21.954 0 87552 88064
49.7799 21.759 0 88064 88576
49.7971 21.603 0 88576 89088
49.8137 21.478 0 89088 89600
49.8248 21.378 0 89600 90112
49.8417 21.298 0 90112 90624
49.8581 21.234 0 90624 91136
49.8743 21.135 0 91136 91648
49.8863 21.103 0 91648 92160
49.9029 21.078 0 92160 92672
