0.1 3.475200
0.120000 10.425600
0.140000 15.638400
0.160000 15.059200
0.180000 22.588800
0.200000 34.752000
0.220000 48.652800
0.240000 48.073600
0.260000 48.073600
0.280000 48.073600
0.300000 48.073600
0.320000 48.652800
0.340000 48.073600
0.360000 48.073600
0.380000 48.073600
0.400000 46.915200
0.420000 0.000000
0.440000 0.000000
0.460000 0.000000
0.480000 0.000000
0.500000 0.000000
0.520000 0.000000
0.540000 242.105600
0.560000 0.000000
0.580000 120.473600
0.600000 0.000000
0.620000 135.532800
0.640000 81.667200
0.660000 48.073600
0.680000 48.652800
0.700000 48.073600
0.720000 48.073600
0.740000 48.073600
0.760000 48.652800
0.780000 48.073600
0.800000 48.073600
0.820000 48.073600
0.840000 48.073600
0.860000 48.652800
0.880000 48.073600
0.900000 48.073600
0.920000 48.073600
0.940000 48.652800
0.960000 48.073600
0.980000 48.073600
1.000000 48.073600
1.020000 48.073600
1.040000 48.652800
1.060000 48.073600
1.080000 48.073600
1.100000 48.073600
1.120000 48.652800
1.140000 48.073600
1.160000 48.073600
1.180000 48.073600
1.200000 48.073600
1.220000 48.652800
1.240000 48.073600
1.260000 48.073600
1.280000 48.073600
1.300000 48.652800
1.320000 48.073600
1.340000 48.073600
1.360000 48.073600
1.380000 48.073600
1.400000 48.652800
1.420000 48.073600
1.440000 48.073600
1.460000 48.073600
1.480000 48.652800
1.500000 48.073600
1.520000 48.073600
1.540000 48.073600
1.560000 48.073600
1.580000 48.652800
1.600000 48.073600
1.620000 48.073600
1.640000 48.073600
1.660000 48.652800
1.680000 48.073600
1.700000 48.073600
1.720000 48.073600
1.740000 39.385600
1.760000 39.385600
1.780000 39.385600
1.800000 39.964800
1.820000 39.964800
1.840000 41.123200
1.860000 41.702400
1.880000 42.281600
1.900000 42.860800
1.920000 43.440000
1.940000 41.702400
1.960000 41.702400
1.980000 42.281600
2.000000 42.281600
2.020000 42.281600
2.040000 42.860800
2.060000 43.440000
2.080000 43.440000
2.100000 44.019200
2.120000 44.019200
2.140000 44.598400
2.160000 44.598400
2.180000 45.177600
2.200000 45.177600
2.220000 45.177600
2.240000 45.756800
2.260000 45.756800
2.280000 46.336000
2.300000 45.756800
2.320000 46.915200
2.340000 46.915200
2.360000 47.494400
2.380000 47.494400
2.400000 48.073600
2.420000 48.073600
2.440000 48.073600
2.460000 48.073600
2.480000 48.652800
2.500000 48.073600
2.520000 48.073600
2.540000 48.073600
2.560000 48.652800
2.580000 48.073600
2.600000 48.073600
2.620000 48.073600
2.640000 48.073600
2.660000 48.652800
2.680000 48.073600
2.700000 48.073600
2.720000 48.073600
2.740000 26.643200
2.760000 26.643200
2.780000 27.222400
2.800000 27.222400
2.820000 27.801600
2.840000 27.801600
2.860000 28.380800
2.880000 28.380800
2.900000 28.960000
2.920000 28.960000
2.940000 29.539200
2.960000 28.960000
2.980000 30.118400
3.000000 30.118400
3.020000 30.697600
3.040000 30.697600
3.060000 31.276800
3.080000 31.856000
3.100000 33.014400
3.120000 33.593600
3.140000 33.593600
3.160000 34.172800
3.180000 33.593600
3.200000 34.172800
3.220000 34.752000
3.240000 35.331200
3.260000 34.752000
3.280000 34.172800
3.300000 34.172800
3.320000 33.593600
3.340000 34.752000
3.360000 34.752000
3.380000 35.331200
3.400000 35.331200
3.420000 35.910400
3.440000 35.910400
3.460000 36.489600
3.480000 36.489600
3.500000 37.068800
3.520000 37.068800
3.540000 37.648000
3.560000 37.648000
3.580000 38.227200
3.600000 37.648000
3.620000 38.227200
3.640000 38.806400
3.660000 38.806400
3.680000 39.385600
3.700000 39.385600
3.720000 38.227200
3.740000 38.227200
3.760000 38.806400
3.780000 38.227200
3.800000 38.806400
3.820000 39.385600
3.840000 38.806400
3.860000 38.227200
3.880000 38.227200
3.900000 38.806400
3.920000 38.806400
3.940000 39.385600
3.960000 38.806400
3.980000 39.964800
4.000000 39.964800
4.020000 40.544000
4.040000 40.544000
4.060000 41.123200
4.080000 41.123200
4.100000 41.123200
4.120000 41.702400
4.140000 41.702400
4.160000 42.281600
4.180000 42.281600
4.200000 42.860800
4.220000 42.860800
4.240000 42.860800
4.260000 43.440000
4.280000 44.019200
4.300000 44.019200
4.320000 44.598400
4.340000 44.598400
4.360000 45.756800
4.380000 46.336000
4.400000 46.336000
4.420000 45.756800
4.440000 45.756800
4.460000 46.336000
4.480000 46.336000
4.500000 46.915200
4.520000 46.915200
4.540000 47.494400
4.560000 47.494400
4.580000 47.494400
4.600000 47.494400
4.620000 48.073600
4.640000 48.652800
4.660000 48.073600
4.680000 48.073600
4.700000 48.073600
4.720000 48.652800
4.740000 42.281600
4.760000 42.860800
4.780000 42.860800
4.800000 43.440000
4.820000 43.440000
4.840000 44.019200
4.860000 44.019200
4.880000 44.598400
4.900000 44.598400
4.920000 45.177600
4.940000 45.177600
4.960000 45.756800
4.980000 45.756800
5.000000 46.336000
5.020000 45.756800
5.040000 46.915200
5.060000 46.915200
5.080000 47.494400
5.100000 47.494400
5.120000 48.073600
5.140000 48.073600
5.160000 48.073600
5.180000 48.073600
5.200000 48.652800
5.220000 48.073600
5.240000 48.073600
5.260000 48.073600
5.280000 48.652800
5.300000 48.073600
5.320000 48.073600
5.340000 48.073600
5.360000 48.073600
5.380000 48.652800
5.400000 48.073600
5.420000 48.073600
5.440000 48.073600
5.460000 48.652800
5.480000 48.073600
5.500000 48.073600
5.520000 48.073600
5.540000 48.073600
5.560000 48.652800
5.580000 48.073600
5.600000 48.073600
5.620000 48.073600
5.640000 48.652800
5.660000 48.073600
5.680000 48.073600
5.700000 48.073600
5.720000 48.073600
5.740000 34.172800
5.760000 34.172800
5.780000 34.752000
5.800000 34.752000
5.820000 35.331200
5.840000 35.331200
5.860000 35.910400
5.880000 35.910400
5.900000 36.489600
5.920000 36.489600
5.940000 37.068800
5.960000 37.068800
5.980000 37.648000
6.000000 37.068800
6.020000 38.227200
6.040000 38.227200
6.060000 38.806400
6.080000 38.806400
6.100000 39.385600
6.120000 39.964800
6.140000 40.544000
6.160000 41.702400
6.180000 42.281600
6.200000 41.702400
6.220000 41.702400
6.240000 41.123200
6.260000 41.123200
6.280000 41.123200
6.300000 41.702400
6.320000 41.702400
6.340000 42.281600
6.360000 41.702400
6.380000 42.860800
6.400000 42.860800
6.420000 43.440000
6.440000 43.440000
6.460000 44.019200
6.480000 44.019200
6.500000 44.598400
6.520000 44.598400
6.540000 45.177600
6.560000 45.177600
6.580000 45.756800
6.600000 45.756800
6.620000 46.336000
6.640000 45.756800
6.660000 46.915200
6.680000 46.915200
6.700000 47.494400
6.720000 45.756800
6.740000 42.281600
6.760000 42.281600
6.780000 41.702400
6.800000 41.702400
6.820000 42.281600
6.840000 42.281600
6.860000 42.860800
6.880000 42.860800
6.900000 43.440000
6.920000 43.440000
6.940000 44.019200
6.960000 44.019200
6.980000 44.598400
7.000000 44.019200
7.020000 45.177600
7.040000 45.177600
7.060000 45.756800
7.080000 45.756800
7.100000 46.336000
7.120000 46.336000
7.140000 46.915200
7.160000 46.915200
7.180000 47.494400
7.200000 47.494400
7.220000 47.494400
7.240000 48.073600
7.260000 48.073600
7.280000 48.073600
7.300000 48.073600
7.320000 48.073600
7.340000 48.073600
7.360000 48.652800
7.380000 48.073600
7.400000 48.073600
7.420000 48.073600
7.440000 48.652800
7.460000 48.073600
7.480000 48.073600
7.500000 48.073600
7.520000 48.073600
7.540000 48.652800
7.560000 48.073600
7.580000 48.073600
7.600000 48.073600
7.620000 48.652800
7.640000 48.073600
7.660000 48.073600
7.680000 48.073600
7.700000 48.073600
7.720000 48.652800
7.740000 39.964800
7.760000 39.385600
7.780000 39.964800
7.800000 40.544000
7.820000 40.544000
7.840000 41.123200
7.860000 41.123200
7.880000 41.702400
7.900000 41.702400
7.920000 41.702400
7.940000 42.281600
7.960000 42.281600
7.980000 42.860800
8.000000 42.860800
8.020000 43.440000
8.040000 42.860800
8.060000 44.019200
8.080000 44.019200
8.100000 44.598400
8.120000 44.598400
8.140000 45.177600
8.160000 45.177600
8.180000 45.756800
8.200000 45.756800
8.220000 46.915200
8.240000 46.915200
8.260000 46.915200
8.280000 46.915200
8.300000 46.915200
8.320000 47.494400
8.340000 47.494400
8.360000 48.073600
8.380000 48.073600
8.400000 47.494400
8.420000 48.652800
8.440000 48.073600
8.460000 48.073600
8.480000 48.073600
8.500000 48.652800
8.520000 48.073600
8.540000 48.073600
8.560000 48.073600
8.580000 48.073600
8.600000 48.652800
8.620000 48.073600
8.640000 48.073600
8.660000 48.073600
8.680000 48.652800
8.700000 48.073600
8.720000 48.073600
8.740000 41.702400
8.760000 41.702400
8.780000 42.281600
8.800000 42.281600
8.820000 42.860800
8.840000 42.860800
8.860000 43.440000
8.880000 42.860800
8.900000 44.019200
8.920000 44.019200
8.940000 44.019200
8.960000 44.598400
8.980000 44.598400
9.000000 45.177600
9.020000 45.177600
9.040000 45.756800
9.060000 45.756800
9.080000 46.336000
9.100000 46.336000
9.120000 46.915200
9.140000 46.915200
9.160000 46.915200
9.180000 47.494400
9.200000 48.073600
9.220000 48.073600
9.240000 48.073600
9.260000 48.652800
9.280000 48.073600
9.300000 48.073600
9.320000 48.073600
9.340000 48.652800
9.360000 48.073600
9.380000 48.073600
9.400000 48.073600
9.420000 48.073600
9.440000 48.652800
9.460000 48.073600
9.480000 48.073600
9.500000 48.073600
9.520000 48.652800
9.540000 48.073600
9.560000 48.073600
9.580000 48.073600
9.600000 48.073600
9.620000 48.652800
9.640000 48.073600
9.660000 48.073600
9.680000 48.073600
9.700000 48.652800
9.720000 48.073600
9.740000 34.752000
9.760000 34.752000
9.780000 35.331200
9.800000 35.331200
9.820000 35.331200
9.840000 35.910400
9.860000 36.489600
9.880000 36.489600
9.900000 37.068800
9.920000 37.068800
9.940000 37.068800
9.960000 37.648000
9.980000 37.648000
10.000000 38.227200
10.020000 38.227200
10.040000 41.123200
10.060000 41.702400
10.080000 44.598400
10.100000 45.756800
10.120000 48.652800
10.140000 48.073600
10.160000 48.073600
10.180000 48.073600
10.200000 48.652800
10.220000 48.073600
10.240000 48.073600
10.260000 48.073600
10.280000 48.073600
10.300000 48.652800
10.320000 48.073600
10.340000 48.073600
10.360000 48.073600
10.380000 48.652800
10.400000 48.073600
10.420000 48.073600
10.440000 48.073600
10.460000 48.073600
10.480000 48.652800
10.500000 48.073600
10.520000 48.073600
10.540000 48.073600
10.560000 48.652800
10.580000 48.073600
10.600000 48.073600
10.620000 48.073600
10.640000 48.073600
10.660000 48.652800
10.680000 48.073600
10.700000 48.073600
10.720000 48.073600
10.740000 29.539200
10.760000 5.792000
10.780000 8.108800
10.800000 9.267200
10.820000 10.425600
10.840000 1.158400
10.860000 0.000000
10.880000 0.000000
10.900000 0.000000
10.920000 6.371200
10.940000 10.425600
10.960000 112.944000
10.980000 268.169600
11.000000 44.598400
11.020000 9.846400
11.040000 57.340800
11.060000 60.236800
11.080000 233.417600
11.100000 48.652800
11.120000 48.073600
11.140000 48.073600
11.160000 48.073600
11.180000 48.073600
11.200000 48.652800
11.220000 48.073600
11.240000 48.073600
11.260000 48.073600
11.280000 48.652800
11.300000 48.073600
11.320000 48.073600
11.340000 48.073600
11.360000 48.073600
11.380000 48.652800
11.400000 48.073600
11.420000 48.073600
11.440000 48.073600
11.460000 48.652800
11.480000 48.073600
11.500000 48.073600
11.520000 48.073600
11.540000 48.073600
11.560000 48.652800
11.580000 48.073600
11.600000 48.073600
11.620000 48.073600
11.640000 48.652800
11.660000 48.073600
11.680000 48.073600
11.700000 48.073600
11.720000 48.073600
11.740000 48.652800
11.760000 48.073600
11.780000 48.073600
11.800000 48.073600
11.820000 48.652800
11.840000 48.073600
11.860000 48.073600
11.880000 48.073600
11.900000 48.073600
11.920000 48.652800
11.940000 48.073600
11.960000 48.073600
11.980000 48.073600
12.000000 48.652800
12.020000 48.073600
12.040000 48.073600
12.060000 48.073600
12.080000 48.073600
12.100000 48.652800
12.120000 48.073600
12.140000 48.073600
12.160000 48.073600
12.180000 48.652800
12.200000 48.073600
12.220000 48.073600
12.240000 48.073600
12.260000 48.073600
12.280000 48.652800
12.300000 48.073600
12.320000 48.073600
12.340000 48.073600
12.360000 48.652800
12.380000 48.073600
12.400000 48.073600
12.420000 48.073600
12.440000 48.073600
12.460000 48.652800
12.480000 48.073600
12.500000 48.073600
12.520000 48.073600
12.540000 48.652800
12.560000 48.073600
12.580000 48.073600
12.600000 48.073600
12.620000 48.073600
12.640000 48.652800
12.660000 48.073600
12.680000 48.073600
12.700000 48.073600
12.720000 48.652800
12.740000 48.073600
12.760000 48.073600
12.780000 48.073600
12.800000 48.073600
12.820000 48.652800
12.840000 48.073600
12.860000 48.073600
12.880000 48.073600
12.900000 48.652800
12.920000 48.073600
12.940000 48.073600
12.960000 48.073600
12.980000 48.073600
13.000000 48.652800
13.020000 48.073600
13.040000 48.073600
13.060000 48.073600
13.080000 48.652800
13.100000 48.073600
13.120000 48.073600
13.140000 48.073600
13.160000 48.073600
13.180000 48.652800
13.200000 48.073600
13.220000 48.073600
13.240000 48.073600
13.260000 48.652800
13.280000 48.073600
13.300000 48.073600
13.320000 48.073600
13.340000 48.073600
13.360000 48.652800
13.380000 48.073600
13.400000 48.073600
13.420000 48.073600
13.440000 48.652800
13.460000 48.073600
13.480000 48.073600
13.500000 48.073600
13.520000 48.073600
13.540000 48.652800
13.560000 48.073600
13.580000 48.073600
13.600000 48.073600
13.620000 48.652800
13.640000 48.073600
13.660000 48.073600
13.680000 48.073600
13.700000 48.073600
13.720000 48.652800
13.740000 48.073600
13.760000 48.073600
13.780000 48.073600
13.800000 48.652800
13.820000 48.073600
13.840000 48.073600
13.860000 48.073600
13.880000 48.073600
13.900000 48.652800
13.920000 48.073600
13.940000 48.073600
13.960000 48.073600
13.980000 48.652800
14.000000 48.073600
14.020000 48.073600
14.040000 48.073600
14.060000 48.073600
14.080000 48.652800
14.100000 48.073600
14.120000 48.073600
14.140000 48.073600
14.160000 48.652800
14.180000 48.073600
14.200000 48.073600
14.220000 48.073600
14.240000 48.073600
14.260000 48.652800
14.280000 48.073600
14.300000 48.073600
14.320000 48.073600
14.340000 48.652800
14.360000 46.336000
14.380000 46.336000
14.400000 47.494400
14.420000 47.494400
14.440000 48.073600
14.460000 48.073600
14.480000 48.652800
14.500000 48.073600
14.520000 48.073600
14.540000 48.073600
14.560000 48.652800
14.580000 48.073600
14.600000 48.073600
14.620000 48.073600
14.640000 48.073600
14.660000 48.652800
14.680000 48.073600
14.700000 48.073600
14.720000 48.073600
14.740000 47.494400
14.760000 48.073600
14.780000 48.073600
14.800000 48.652800
14.820000 48.073600
14.840000 48.073600
14.860000 48.073600
14.880000 48.652800
14.900000 48.073600
14.920000 48.073600
14.940000 48.073600
14.960000 48.073600
14.980000 48.652800
15.000000 48.073600
15.020000 48.073600
15.040000 48.073600
15.060000 48.652800
15.080000 48.073600
15.100000 48.073600
15.120000 48.073600
15.140000 48.073600
15.160000 48.652800
15.180000 48.073600
15.200000 48.073600
15.220000 48.073600
15.240000 48.652800
15.260000 48.073600
15.280000 48.073600
15.300000 48.073600
15.320000 48.073600
15.340000 35.910400
15.360000 36.489600
15.380000 37.648000
15.400000 38.806400
15.420000 38.227200
15.440000 38.806400
15.460000 39.964800
15.480000 39.385600
15.500000 40.544000
15.520000 41.123200
15.540000 42.860800
15.560000 42.860800
15.580000 42.860800
15.600000 44.598400
15.620000 44.019200
15.640000 44.598400
15.660000 43.440000
15.680000 45.177600
15.700000 45.177600
15.720000 45.756800
15.740000 36.489600
15.760000 36.489600
15.780000 37.648000
15.800000 37.648000
15.820000 38.806400
15.840000 38.806400
15.860000 39.964800
15.880000 39.964800
15.900000 40.544000
15.920000 41.123200
15.940000 41.123200
15.960000 43.440000
15.980000 43.440000
16.000000 42.860800
16.020000 44.019200
16.040000 44.598400
16.060000 45.756800
16.080000 45.177600
16.100000 46.336000
16.120000 46.915200
16.140000 46.915200
16.160000 47.494400
16.180000 48.073600
16.200000 48.073600
16.220000 48.073600
16.240000 48.073600
16.260000 48.652800
16.280000 48.073600
16.300000 48.073600
16.320000 48.073600
16.340000 44.019200
16.360000 44.019200
16.380000 45.177600
16.400000 45.177600
16.420000 46.336000
16.440000 46.336000
16.460000 47.494400
16.480000 47.494400
16.500000 48.073600
16.520000 48.073600
16.540000 48.073600
16.560000 48.073600
16.580000 48.652800
16.600000 48.073600
16.620000 48.073600
16.640000 48.073600
16.660000 48.652800
16.680000 48.073600
16.700000 48.073600
16.720000 48.073600
16.740000 43.440000
16.760000 43.440000
16.780000 43.440000
16.800000 44.598400
16.820000 45.177600
16.840000 46.336000
16.860000 45.756800
16.880000 46.915200
16.900000 47.494400
16.920000 48.073600
16.940000 48.073600
16.960000 48.073600
16.980000 48.073600
17.000000 48.073600
17.020000 48.652800
17.040000 48.073600
17.060000 48.073600
17.080000 48.073600
17.100000 48.652800
17.120000 48.073600
17.140000 48.073600
17.160000 48.073600
17.180000 48.073600
17.200000 48.652800
17.220000 48.073600
17.240000 48.073600
17.260000 48.073600
17.280000 48.652800
17.300000 48.073600
17.320000 48.073600
17.340000 48.073600
17.360000 48.073600
17.380000 48.652800
17.400000 48.073600
17.420000 48.073600
17.440000 48.073600
17.460000 48.652800
17.480000 48.073600
17.500000 48.073600
17.520000 48.073600
17.540000 48.073600
17.560000 48.652800
17.580000 48.073600
17.600000 48.073600
17.620000 48.073600
17.640000 48.652800
17.660000 48.073600
17.680000 48.073600
17.700000 48.073600
17.720000 48.073600
17.740000 48.652800
17.760000 48.073600
17.780000 48.073600
17.800000 48.073600
17.820000 48.652800
17.840000 48.073600
17.860000 48.073600
17.880000 48.073600
17.900000 48.073600
17.920000 48.652800
17.940000 48.073600
17.960000 48.073600
17.980000 48.073600
18.000000 48.652800
18.020000 48.073600
18.040000 48.073600
18.060000 48.073600
18.080000 48.073600
18.100000 48.652800
18.120000 48.073600
18.140000 48.073600
18.160000 48.073600
18.180000 48.652800
18.200000 48.073600
18.220000 48.073600
18.240000 48.073600
18.260000 48.073600
18.280000 48.652800
18.300000 48.073600
18.320000 48.073600
18.340000 41.123200
18.360000 40.544000
18.380000 41.702400
18.400000 42.860800
18.420000 42.860800
18.440000 41.702400
18.460000 42.281600
18.480000 42.860800
18.500000 43.440000
18.520000 43.440000
18.540000 44.598400
18.560000 45.177600
18.580000 44.598400
18.600000 45.756800
18.620000 46.336000
18.640000 47.494400
18.660000 47.494400
18.680000 48.073600
18.700000 48.073600
18.720000 48.652800
18.740000 37.068800
18.760000 37.648000
18.780000 38.806400
18.800000 39.385600
18.820000 39.385600
18.840000 39.964800
18.860000 41.123200
18.880000 41.702400
18.900000 41.702400
18.920000 42.281600
18.940000 43.440000
18.960000 44.019200
18.980000 44.019200
19.000000 45.177600
19.020000 45.177600
19.040000 45.756800
19.060000 46.336000
19.080000 46.915200
19.100000 47.494400
19.120000 46.915200
19.140000 48.073600
19.160000 48.652800
19.180000 48.073600
19.200000 48.073600
19.220000 48.073600
19.240000 48.073600
19.260000 48.652800
19.280000 48.073600
19.300000 48.073600
19.320000 48.073600
19.340000 45.177600
19.360000 45.756800
19.380000 46.336000
19.400000 46.915200
19.420000 47.494400
19.440000 48.073600
19.460000 48.073600
19.480000 48.073600
19.500000 48.073600
19.520000 48.652800
19.540000 48.073600
19.560000 48.073600
19.580000 48.073600
19.600000 48.073600
19.620000 48.652800
19.640000 48.073600
19.660000 48.073600
19.680000 48.073600
19.700000 48.652800
19.720000 48.073600
19.740000 46.336000
19.760000 46.915200
19.780000 47.494400
19.800000 47.494400
19.820000 48.652800
19.840000 48.073600
19.860000 48.073600
19.880000 48.073600
19.900000 48.652800
19.920000 48.073600
19.940000 48.073600
19.960000 48.073600
19.980000 48.073600
20.000000 48.652800
20.020000 48.073600
20.040000 48.073600
20.060000 48.073600
20.080000 48.073600
20.100000 48.652800
20.120000 48.073600
20.140000 48.073600
20.160000 48.073600
20.180000 48.652800
20.200000 48.073600
20.220000 48.073600
20.240000 48.073600
20.260000 48.073600
20.280000 48.652800
20.300000 48.073600
20.320000 48.073600
20.340000 48.073600
20.360000 48.652800
20.380000 48.073600
20.400000 48.073600
20.420000 48.073600
20.440000 48.073600
20.460000 48.652800
20.480000 48.073600
20.500000 48.073600
20.520000 48.073600
20.540000 48.652800
20.560000 48.073600
20.580000 48.073600
20.600000 48.073600
20.620000 48.073600
20.640000 48.652800
20.660000 48.073600
20.680000 48.073600
20.700000 48.073600
20.720000 48.652800
20.740000 48.073600
20.760000 48.073600
20.780000 48.073600
20.800000 21.430400
20.820000 8.108800
20.840000 6.950400
20.860000 4.633600
20.880000 1.158400
20.900000 4.633600
20.920000 4.633600
20.940000 5.792000
20.960000 8.688000
20.980000 6.950400
21.000000 0.000000
21.020000 129.161600
21.040000 214.883200
21.060000 59.078400
21.080000 53.286400
21.100000 74.137600
21.120000 32.435200
21.140000 231.680000
21.160000 48.073600
21.180000 48.652800
21.200000 48.073600
21.220000 48.073600
21.240000 48.073600
21.260000 48.652800
21.280000 48.073600
21.300000 48.073600
21.320000 48.073600
21.340000 48.073600
21.360000 48.652800
21.380000 48.073600
21.400000 48.073600
21.420000 48.073600
21.440000 48.652800
21.460000 48.073600
21.480000 48.073600
21.500000 48.073600
21.520000 48.073600
21.540000 48.652800
21.560000 48.073600
21.580000 48.073600
21.600000 48.073600
21.620000 48.652800
21.640000 48.073600
21.660000 48.073600
21.680000 48.073600
21.700000 48.073600
21.720000 48.652800
21.740000 48.073600
21.760000 48.073600
21.780000 48.073600
21.800000 48.652800
21.820000 48.073600
21.840000 48.073600
21.860000 48.073600
21.880000 48.073600
21.900000 48.652800
21.920000 48.073600
21.940000 48.073600
21.960000 48.073600
21.980000 48.652800
22.000000 48.073600
22.020000 48.073600
22.040000 48.073600
22.060000 48.073600
22.080000 48.652800
22.100000 48.073600
22.120000 48.073600
22.140000 48.073600
22.160000 48.652800
22.180000 48.073600
22.200000 48.073600
22.220000 48.073600
22.240000 48.073600
22.260000 48.652800
22.280000 48.073600
22.300000 48.073600
22.320000 48.073600
22.340000 48.652800
22.360000 48.073600
22.380000 48.073600
22.400000 48.073600
22.420000 48.073600
22.440000 48.652800
22.460000 48.073600
22.480000 48.073600
22.500000 48.073600
22.520000 48.652800
22.540000 48.073600
22.560000 48.073600
22.580000 48.073600
22.600000 48.073600
22.620000 48.652800
22.640000 48.073600
22.660000 48.073600
22.680000 48.073600
22.700000 48.652800
22.720000 48.073600
22.740000 48.073600
22.760000 48.073600
22.780000 48.073600
22.800000 48.652800
22.820000 48.073600
22.840000 48.073600
22.860000 48.073600
22.880000 48.652800
22.900000 48.073600
22.920000 48.073600
22.940000 48.073600
22.960000 48.073600
22.980000 48.652800
23.000000 48.073600
23.020000 48.073600
23.040000 48.073600
23.060000 48.652800
23.080000 48.073600
23.100000 48.073600
23.120000 48.073600
23.140000 48.073600
23.160000 48.652800
23.180000 48.073600
23.200000 48.073600
23.220000 48.073600
23.240000 48.652800
23.260000 48.073600
23.280000 48.073600
23.300000 48.073600
23.320000 48.652800
23.340000 48.073600
23.360000 48.073600
23.380000 48.073600
23.400000 48.073600
23.420000 48.652800
23.440000 48.073600
23.460000 48.073600
23.480000 48.073600
23.500000 48.652800
23.520000 48.073600
23.540000 48.073600
23.560000 48.073600
23.580000 48.073600
23.600000 48.652800
23.620000 48.073600
23.640000 48.073600
23.660000 48.073600
23.680000 48.652800
23.700000 48.073600
23.720000 48.073600
23.740000 48.073600
23.760000 48.073600
23.780000 48.652800
23.800000 48.073600
23.820000 48.073600
23.840000 48.073600
23.860000 48.652800
23.880000 48.073600
23.900000 48.073600
23.920000 48.073600
23.940000 48.073600
23.960000 48.652800
23.980000 48.073600
24.000000 48.073600
24.020000 48.073600
24.040000 48.652800
24.060000 48.073600
24.080000 48.073600
24.100000 48.073600
24.120000 48.073600
24.140000 48.652800
24.160000 48.073600
24.180000 48.073600
24.200000 48.073600
24.220000 48.652800
24.240000 48.073600
24.260000 48.073600
24.280000 48.073600
24.300000 48.073600
24.320000 48.652800
24.340000 48.073600
24.360000 48.073600
24.380000 48.073600
24.400000 48.652800
24.420000 48.073600
24.440000 48.073600
24.460000 48.073600
24.480000 48.073600
24.500000 48.652800
24.520000 48.073600
24.540000 48.073600
24.560000 48.073600
24.580000 48.652800
24.600000 48.073600
24.620000 48.073600
24.640000 48.073600
24.660000 48.073600
24.680000 48.652800
24.700000 48.073600
24.720000 48.073600
24.740000 48.073600
24.760000 48.652800
24.780000 48.073600
24.800000 48.073600
24.820000 48.073600
24.840000 48.073600
24.860000 48.652800
24.880000 48.073600
24.900000 48.073600
24.920000 48.073600
24.940000 48.652800
24.960000 48.073600
24.980000 48.073600
25.000000 48.073600
25.020000 48.073600
25.040000 48.652800
25.060000 48.073600
25.080000 48.073600
25.100000 48.073600
25.120000 48.652800
25.140000 48.073600
25.160000 48.073600
25.180000 48.073600
25.200000 48.073600
25.220000 48.652800
25.240000 48.073600
25.260000 48.073600
25.280000 48.073600
25.300000 48.652800
25.320000 48.073600
25.340000 48.073600
25.360000 48.073600
25.380000 48.073600
25.400000 48.652800
25.420000 40.544000
25.440000 41.123200
25.460000 42.860800
25.480000 44.598400
25.500000 43.440000
25.520000 44.598400
25.540000 45.756800
25.560000 47.494400
25.580000 47.494400
25.600000 48.073600
25.620000 48.073600
25.640000 48.073600
25.660000 48.652800
25.680000 48.073600
25.700000 48.073600
25.720000 48.073600
25.740000 45.177600
25.760000 46.336000
25.780000 46.336000
25.800000 46.915200
25.820000 46.336000
25.840000 47.494400
25.860000 48.073600
25.880000 48.073600
25.900000 48.073600
25.920000 48.652800
25.940000 48.073600
25.960000 48.073600
25.980000 48.073600
26.000000 48.652800
26.020000 48.073600
26.040000 48.073600
26.060000 48.073600
26.080000 48.073600
26.100000 48.652800
26.120000 48.073600
26.140000 48.073600
26.160000 48.073600
26.180000 48.652800
26.200000 48.073600
26.220000 48.073600
26.240000 48.073600
26.260000 48.073600
26.280000 48.652800
26.300000 48.073600
26.320000 48.073600
26.340000 48.073600
26.360000 48.652800
26.380000 48.073600
26.400000 45.756800
26.420000 39.964800
26.440000 41.702400
26.460000 41.702400
26.480000 42.860800
26.500000 43.440000
26.520000 44.019200
26.540000 44.019200
26.560000 45.177600
26.580000 46.915200
26.600000 46.915200
26.620000 46.915200
26.640000 48.073600
26.660000 48.652800
26.680000 48.073600
26.700000 48.073600
26.720000 48.073600
26.740000 41.702400
26.760000 42.860800
26.780000 44.598400
26.800000 44.598400
26.820000 45.177600
26.840000 45.756800
26.860000 46.915200
26.880000 47.494400
26.900000 47.494400
26.920000 48.073600
26.940000 48.073600
26.960000 48.652800
26.980000 48.073600
27.000000 48.073600
27.020000 48.073600
27.040000 48.652800
27.060000 48.073600
27.080000 48.073600
27.100000 48.073600
27.120000 48.073600
27.140000 48.652800
27.160000 48.073600
27.180000 48.073600
27.200000 48.073600
27.220000 48.652800
27.240000 48.073600
27.260000 48.073600
27.280000 48.073600
27.300000 48.073600
27.320000 48.652800
27.340000 48.073600
27.360000 48.073600
27.380000 48.073600
27.400000 41.702400
27.420000 39.964800
27.440000 41.702400
27.460000 42.860800
27.480000 43.440000
27.500000 43.440000
27.520000 44.019200
27.540000 44.019200
27.560000 44.598400
27.580000 45.177600
27.600000 46.915200
27.620000 47.494400
27.640000 48.073600
27.660000 48.073600
27.680000 48.073600
27.700000 48.073600
27.720000 48.652800
27.740000 41.702400
27.760000 41.702400
27.780000 43.440000
27.800000 42.860800
27.820000 44.019200
27.840000 46.336000
27.860000 46.336000
27.880000 46.915200
27.900000 46.336000
27.920000 48.073600
27.940000 48.073600
27.960000 48.652800
27.980000 48.073600
28.000000 48.073600
28.020000 48.073600
28.040000 48.652800
28.060000 48.073600
28.080000 48.073600
28.100000 48.073600
28.120000 48.073600
28.140000 48.652800
28.160000 48.073600
28.180000 48.073600
28.200000 48.073600
28.220000 48.652800
28.240000 48.073600
28.260000 48.073600
28.280000 48.073600
28.300000 48.073600
28.320000 48.652800
28.340000 48.073600
28.360000 48.073600
28.380000 48.073600
28.400000 48.652800
28.420000 39.964800
28.440000 41.123200
28.460000 42.281600
28.480000 42.281600
28.500000 42.860800
28.520000 44.019200
28.540000 45.756800
28.560000 45.756800
28.580000 45.756800
28.600000 47.494400
28.620000 47.494400
28.640000 48.073600
28.660000 48.073600
28.680000 48.652800
28.700000 48.073600
28.720000 48.073600
28.740000 40.544000
28.760000 41.702400
28.780000 42.860800
28.800000 44.598400
28.820000 43.440000
28.840000 44.019200
28.860000 45.756800
28.880000 46.915200
28.900000 46.915200
28.920000 47.494400
28.940000 48.073600
28.960000 48.073600
28.980000 48.073600
29.000000 48.073600
29.020000 48.652800
29.040000 48.073600
29.060000 48.073600
29.080000 48.073600
29.100000 48.073600
29.120000 48.652800
29.140000 48.073600
29.160000 48.073600
29.180000 48.073600
29.200000 48.652800
29.220000 48.073600
29.240000 48.073600
29.260000 48.073600
29.280000 48.073600
29.300000 48.652800
29.320000 48.073600
29.340000 48.073600
29.360000 48.073600
29.380000 48.652800
29.400000 48.073600
29.420000 39.964800
29.440000 40.544000
29.460000 41.702400
29.480000 41.702400
29.500000 42.860800
29.520000 44.598400
29.540000 44.019200
29.560000 45.756800
29.580000 46.336000
29.600000 48.073600
29.620000 47.494400
29.640000 48.073600
29.660000 48.073600
29.680000 48.652800
29.700000 48.073600
29.720000 48.073600
29.740000 39.964800
29.760000 41.123200
29.780000 42.281600
29.800000 42.281600
29.820000 43.440000
29.840000 44.598400
29.860000 45.756800
29.880000 45.177600
29.900000 46.915200
29.920000 36.489600
29.940000 30.118400
29.960000 31.276800
29.980000 30.697600
30.000000 31.856000
30.020000 32.435200
30.040000 33.593600
30.060000 33.593600
30.080000 34.752000
30.100000 35.910400
30.120000 35.910400
30.140000 37.068800
30.160000 37.068800
30.180000 38.227200
30.200000 38.227200
30.220000 37.068800
30.240000 37.068800
30.260000 38.227200
30.280000 38.806400
30.300000 39.385600
30.320000 39.964800
30.340000 28.960000
30.360000 28.960000
30.380000 29.539200
30.400000 31.856000
30.420000 31.856000
30.440000 31.276800
30.460000 31.276800
30.480000 33.014400
30.500000 31.856000
30.520000 31.856000
30.540000 33.593600
30.560000 34.172800
30.580000 34.172800
30.600000 34.752000
30.620000 35.910400
30.640000 36.489600
30.660000 36.489600
30.680000 37.068800
30.700000 38.227200
30.720000 38.806400
30.740000 33.014400
30.760000 34.172800
30.780000 34.172800
30.800000 35.331200
30.820000 35.331200
30.840000 35.331200
30.860000 34.752000
30.880000 35.331200
30.900000 36.489600
30.920000 37.068800
30.940000 37.068800
30.960000 37.648000
30.980000 38.227200
31.000000 38.806400
31.020000 39.385600
31.040000 41.123200
31.060000 40.544000
31.080000 41.702400
31.100000 41.123200
31.120000 42.281600
31.140000 42.860800
31.160000 43.440000
31.180000 43.440000
31.200000 44.019200
31.220000 44.598400
31.240000 45.756800
31.260000 46.336000
31.280000 46.336000
31.300000 46.915200
31.320000 47.494400
31.340000 42.281600
31.360000 42.860800
31.380000 42.281600
31.400000 43.440000
31.420000 44.019200
31.440000 45.177600
31.460000 44.598400
31.480000 45.177600
31.500000 45.756800
31.520000 46.336000
31.540000 47.494400
31.560000 47.494400
31.580000 47.494400
31.600000 47.494400
31.620000 48.652800
31.640000 48.073600
31.660000 48.073600
31.680000 48.073600
31.700000 48.652800
31.720000 48.073600
31.740000 45.756800
31.760000 46.336000
31.780000 46.915200
31.800000 47.494400
31.820000 47.494400
31.840000 48.652800
31.860000 48.073600
31.880000 48.073600
31.900000 48.073600
31.920000 48.652800
31.940000 48.073600
31.960000 48.073600
31.980000 48.073600
32.000000 48.073600
32.020000 48.652800
32.040000 48.073600
32.060000 48.073600
32.080000 48.073600
32.100000 48.652800
32.120000 48.073600
32.140000 48.073600
32.160000 48.073600
32.180000 48.073600
32.200000 48.652800
32.220000 48.073600
32.240000 48.073600
32.260000 48.073600
32.280000 48.652800
32.300000 48.073600
32.320000 48.073600
32.340000 44.598400
32.360000 45.177600
32.380000 45.756800
32.400000 46.336000
32.420000 46.915200
32.440000 47.494400
32.460000 48.073600
32.480000 48.073600
32.500000 48.073600
32.520000 48.073600
32.540000 48.073600
32.560000 48.652800
32.580000 48.073600
32.600000 48.073600
32.620000 48.073600
32.640000 48.652800
32.660000 48.073600
32.680000 48.073600
32.700000 48.073600
32.720000 48.073600
32.740000 35.331200
32.760000 36.489600
32.780000 36.489600
32.800000 37.648000
32.820000 37.648000
32.840000 38.227200
32.860000 38.806400
32.880000 39.385600
32.900000 41.702400
32.920000 41.123200
32.940000 41.123200
32.960000 41.702400
32.980000 42.281600
33.000000 43.440000
33.020000 43.440000
33.040000 45.177600
33.060000 43.440000
33.080000 44.598400
33.100000 45.177600
33.120000 45.756800
33.140000 46.336000
33.160000 46.915200
33.180000 47.494400
33.200000 48.073600
33.220000 48.073600
33.240000 48.073600
33.260000 48.073600
33.280000 48.652800
33.300000 48.073600
33.320000 48.073600
33.340000 37.068800
33.360000 37.068800
33.380000 38.227200
33.400000 38.227200
33.420000 39.385600
33.440000 39.385600
33.460000 40.544000
33.480000 39.964800
33.500000 42.281600
33.520000 42.860800
33.540000 42.860800
33.560000 42.860800
33.580000 43.440000
33.600000 44.598400
33.620000 44.019200
33.640000 45.177600
33.660000 45.756800
33.680000 45.756800
33.700000 46.336000
33.720000 46.915200
33.740000 35.331200
33.760000 35.910400
33.780000 35.910400
33.800000 36.489600
33.820000 37.068800
33.840000 37.068800
33.860000 38.806400
33.880000 38.806400
33.900000 40.544000
33.920000 40.544000
33.940000 41.702400
33.960000 41.123200
33.980000 41.702400
34.000000 42.281600
34.020000 43.440000
34.040000 44.019200
34.060000 43.440000
34.080000 44.019200
34.100000 44.598400
34.120000 45.177600
34.140000 45.756800
34.160000 46.336000
34.180000 46.915200
34.200000 46.915200
34.220000 48.073600
34.240000 48.652800
34.260000 48.073600
34.280000 48.073600
34.300000 48.073600
34.320000 48.073600
34.340000 38.227200
34.360000 38.806400
34.380000 39.385600
34.400000 39.964800
34.420000 40.544000
34.440000 41.702400
34.460000 41.702400
34.480000 41.702400
34.500000 42.281600
34.520000 42.860800
34.540000 43.440000
34.560000 45.177600
34.580000 44.598400
34.600000 45.177600
34.620000 46.336000
34.640000 46.336000
34.660000 46.336000
34.680000 46.336000
34.700000 47.494400
34.720000 48.073600
34.740000 42.281600
34.760000 42.281600
34.780000 43.440000
34.800000 43.440000
34.820000 43.440000
34.840000 44.598400
34.860000 45.177600
34.880000 45.756800
34.900000 45.756800
34.920000 46.915200
34.940000 46.915200
34.960000 48.073600
34.980000 48.073600
35.000000 48.073600
35.020000 48.073600
35.040000 48.073600
35.060000 48.652800
35.080000 48.073600
35.100000 48.073600
35.120000 48.073600
35.140000 48.073600
35.160000 48.652800
35.180000 48.073600
35.200000 48.073600
35.220000 48.073600
35.240000 48.652800
35.260000 48.073600
35.280000 48.073600
35.300000 48.073600
35.320000 48.073600
35.340000 46.336000
35.360000 46.336000
35.380000 47.494400
35.400000 47.494400
35.420000 48.073600
35.440000 48.652800
35.460000 48.073600
35.480000 48.073600
35.500000 48.073600
35.520000 48.652800
35.540000 48.073600
35.560000 48.073600
35.580000 48.073600
35.600000 48.073600
35.620000 48.652800
35.640000 48.073600
35.660000 48.073600
35.680000 48.073600
35.700000 48.652800
35.720000 48.073600
35.740000 45.756800
35.760000 46.336000
35.780000 46.915200
35.800000 46.915200
35.820000 48.073600
35.840000 48.652800
35.860000 48.073600
35.880000 48.073600
35.900000 48.073600
35.920000 48.073600
35.940000 48.652800
35.960000 48.073600
35.980000 48.073600
36.000000 48.073600
36.020000 48.652800
36.040000 48.073600
36.060000 48.073600
36.080000 48.073600
36.100000 48.073600
36.120000 48.652800
36.140000 48.073600
36.160000 48.073600
36.180000 48.073600
36.200000 48.652800
36.220000 48.073600
36.240000 48.073600
36.260000 48.073600
36.280000 48.073600
36.300000 48.652800
36.320000 48.073600
36.340000 46.336000
36.360000 46.915200
36.380000 47.494400
36.400000 47.494400
36.420000 47.494400
36.440000 48.073600
36.460000 48.073600
36.480000 48.652800
36.500000 48.073600
36.520000 48.073600
36.540000 48.073600
36.560000 48.073600
36.580000 48.652800
36.600000 48.073600
36.620000 48.073600
36.640000 48.073600
36.660000 48.652800
36.680000 48.073600
36.700000 48.073600
36.720000 48.073600
36.740000 35.331200
36.760000 35.910400
36.780000 35.910400
36.800000 37.068800
36.820000 37.068800
36.840000 38.227200
36.860000 38.227200
36.880000 39.385600
36.900000 39.385600
36.920000 39.964800
36.940000 40.544000
36.960000 41.702400
36.980000 42.860800
37.000000 43.440000
37.020000 44.019200
37.040000 44.019200
37.060000 44.019200
37.080000 44.019200
37.100000 44.598400
37.120000 45.177600
37.140000 45.756800
37.160000 46.336000
37.180000 46.336000
37.200000 47.494400
37.220000 47.494400
37.240000 48.073600
37.260000 48.073600
37.280000 48.073600
37.300000 48.652800
37.320000 48.073600
37.340000 37.648000
37.360000 38.227200
37.380000 38.227200
37.400000 39.385600
37.420000 38.806400
37.440000 40.544000
37.460000 40.544000
37.480000 41.702400
37.500000 41.702400
37.520000 42.860800
37.540000 44.598400
37.560000 45.177600
37.580000 44.598400
37.600000 44.019200
37.620000 44.598400
37.640000 45.177600
37.660000 45.756800
37.680000 46.336000
37.700000 46.915200
37.720000 46.336000
37.740000 42.860800
37.760000 41.702400
37.780000 41.123200
37.800000 42.860800
37.820000 42.860800
37.840000 44.019200
37.860000 44.019200
37.880000 45.177600
37.900000 45.177600
37.920000 46.336000
37.940000 46.336000
37.960000 47.494400
37.980000 47.494400
38.000000 48.073600
38.020000 48.073600
38.040000 48.073600
38.060000 48.652800
38.080000 48.073600
38.100000 48.073600
38.120000 48.073600
38.140000 48.652800
38.160000 48.073600
38.180000 48.073600
38.200000 48.073600
38.220000 48.073600
38.240000 48.652800
38.260000 48.073600
38.280000 48.073600
38.300000 48.073600
38.320000 48.652800
38.340000 42.860800
38.360000 43.440000
38.380000 44.598400
38.400000 44.598400
38.420000 45.756800
38.440000 45.756800
38.460000 48.073600
38.480000 46.915200
38.500000 46.915200
38.520000 48.073600
38.540000 48.073600
38.560000 48.073600
38.580000 48.073600
38.600000 48.652800
38.620000 48.073600
38.640000 48.073600
38.660000 48.073600
38.680000 48.652800
38.700000 48.073600
38.720000 48.073600
38.740000 45.177600
38.760000 45.177600
38.780000 45.756800
38.800000 46.336000
38.820000 46.915200
38.840000 48.073600
38.860000 47.494400
38.880000 48.073600
38.900000 48.073600
38.920000 48.073600
38.940000 48.652800
38.960000 48.073600
38.980000 48.073600
39.000000 48.073600
39.020000 48.652800
39.040000 48.073600
39.060000 48.073600
39.080000 48.073600
39.100000 48.073600
39.120000 48.652800
39.140000 48.073600
39.160000 48.073600
39.180000 48.073600
39.200000 48.652800
39.220000 48.073600
39.240000 48.073600
39.260000 48.073600
39.280000 48.073600
39.300000 48.652800
39.320000 48.073600
39.340000 46.336000
39.360000 47.494400
39.380000 47.494400
39.400000 48.073600
39.420000 48.073600
39.440000 48.073600
39.460000 48.073600
39.480000 48.652800
39.500000 48.073600
39.520000 48.073600
39.540000 48.073600
39.560000 48.073600
39.580000 48.652800
39.600000 48.073600
39.620000 48.073600
39.640000 48.073600
39.660000 48.652800
39.680000 48.073600
39.700000 48.073600
39.720000 48.073600
39.740000 35.331200
39.760000 35.331200
39.780000 35.910400
39.800000 36.489600
39.820000 37.068800
39.840000 37.648000
39.860000 37.648000
39.880000 38.227200
39.900000 38.806400
39.920000 27.801600
39.940000 22.588800
39.960000 23.168000
39.980000 22.588800
40.000000 22.588800
40.020000 23.168000
40.040000 24.326400
40.060000 24.905600
40.080000 24.326400
40.100000 24.905600
40.120000 25.484800
40.140000 26.064000
40.160000 25.484800
40.180000 25.484800
40.200000 24.905600
40.220000 24.905600
40.240000 25.484800
40.260000 25.484800
40.280000 25.484800
40.300000 26.064000
40.320000 26.643200
40.340000 26.643200
40.360000 27.222400
40.380000 27.222400
40.400000 27.222400
40.420000 27.801600
40.440000 27.801600
40.460000 28.380800
40.480000 29.539200
40.500000 28.960000
40.520000 28.960000
40.540000 30.697600
40.560000 31.276800
40.580000 31.856000
40.600000 31.276800
40.620000 31.856000
40.640000 31.856000
40.660000 31.856000
40.680000 31.856000
40.700000 33.014400
40.720000 33.593600
40.740000 26.643200
40.760000 25.484800
40.780000 24.905600
40.800000 25.484800
40.820000 25.484800
40.840000 26.064000
40.860000 26.064000
40.880000 26.643200
40.900000 26.643200
40.920000 26.643200
40.940000 27.222400
40.960000 27.801600
40.980000 27.801600
41.000000 28.380800
41.020000 28.380800
41.040000 28.960000
41.060000 28.960000
41.080000 29.539200
41.100000 29.539200
41.120000 31.276800
41.140000 31.856000
41.160000 31.276800
41.180000 31.856000
41.200000 32.435200
41.220000 33.014400
41.240000 32.435200
41.260000 33.014400
41.280000 33.593600
41.300000 34.172800
41.320000 32.435200
41.340000 32.435200
41.360000 33.014400
41.380000 33.014400
41.400000 33.593600
41.420000 33.593600
41.440000 34.172800
41.460000 34.172800
41.480000 34.752000
41.500000 34.752000
41.520000 35.331200
41.540000 35.331200
41.560000 35.331200
41.580000 35.910400
41.600000 36.489600
41.620000 36.489600
41.640000 36.489600
41.660000 37.068800
41.680000 37.068800
41.700000 37.648000
41.720000 35.910400
41.740000 35.910400
41.760000 35.331200
41.780000 35.910400
41.800000 36.489600
41.820000 37.068800
41.840000 37.648000
41.860000 37.068800
41.880000 37.068800
41.900000 36.489600
41.920000 35.910400
41.940000 37.068800
41.960000 37.068800
41.980000 37.648000
42.000000 37.648000
42.020000 38.227200
42.040000 38.227200
42.060000 38.806400
42.080000 38.806400
42.100000 39.385600
42.120000 39.385600
42.140000 39.964800
42.160000 39.964800
42.180000 40.544000
42.200000 39.964800
42.220000 40.544000
42.240000 41.123200
42.260000 41.123200
42.280000 41.702400
42.300000 41.702400
42.320000 42.281600
42.340000 42.281600
42.360000 42.860800
42.380000 44.019200
42.400000 44.598400
42.420000 44.019200
42.440000 45.177600
42.460000 44.019200
42.480000 44.019200
42.500000 44.598400
42.520000 44.598400
42.540000 45.177600
42.560000 44.598400
42.580000 45.756800
42.600000 45.756800
42.620000 46.336000
42.640000 46.336000
42.660000 46.915200
42.680000 46.915200
42.700000 46.915200
42.720000 45.756800
42.740000 42.281600
42.760000 42.281600
42.780000 41.702400
42.800000 41.702400
42.820000 42.281600
42.840000 42.281600
42.860000 42.860800
42.880000 42.860800
42.900000 43.440000
42.920000 42.860800
42.940000 44.019200
42.960000 44.019200
42.980000 44.598400
43.000000 44.598400
43.020000 45.177600
43.040000 45.177600
43.060000 45.756800
43.080000 45.756800
43.100000 46.336000
43.120000 46.336000
43.140000 46.915200
43.160000 46.915200
43.180000 47.494400
43.200000 46.915200
43.220000 47.494400
43.240000 48.073600
43.260000 48.073600
43.280000 48.073600
43.300000 48.652800
43.320000 48.073600
43.340000 48.073600
43.360000 48.073600
43.380000 48.652800
43.400000 48.073600
43.420000 48.073600
43.440000 48.073600
43.460000 48.073600
43.480000 48.652800
43.500000 48.073600
43.520000 48.073600
43.540000 48.073600
43.560000 48.652800
43.580000 48.073600
43.600000 48.073600
43.620000 48.073600
43.640000 48.073600
43.660000 48.652800
43.680000 48.073600
43.700000 48.073600
43.720000 48.073600
43.740000 29.539200
43.760000 29.539200
43.780000 29.539200
43.800000 30.118400
43.820000 30.118400
43.840000 30.697600
43.860000 30.697600
43.880000 31.276800
43.900000 31.276800
43.920000 31.856000
43.940000 31.856000
43.960000 31.856000
43.980000 32.435200
44.000000 33.014400
44.020000 33.014400
44.040000 33.593600
44.060000 33.593600
44.080000 34.752000
44.100000 35.331200
44.120000 36.489600
44.140000 35.910400
44.160000 36.489600
44.180000 37.068800
44.200000 37.648000
44.220000 37.068800
44.240000 37.068800
44.260000 36.489600
44.280000 36.489600
44.300000 36.489600
44.320000 36.489600
44.340000 37.068800
44.360000 37.648000
44.380000 37.648000
44.400000 38.227200
44.420000 38.227200
44.440000 38.806400
44.460000 38.806400
44.480000 39.385600
44.500000 39.385600
44.520000 39.964800
44.540000 39.964800
44.560000 40.544000
44.580000 40.544000
44.600000 40.544000
44.620000 41.123200
44.640000 41.702400
44.660000 41.702400
44.680000 42.281600
44.700000 42.281600
44.720000 42.281600
44.740000 38.806400
44.760000 38.806400
44.780000 39.964800
44.800000 40.544000
44.820000 39.964800
44.840000 39.385600
44.860000 39.385600
44.880000 39.964800
44.900000 39.964800
44.920000 40.544000
44.940000 40.544000
44.960000 40.544000
44.980000 41.123200
45.000000 41.702400
45.020000 41.702400
45.040000 42.281600
45.060000 42.281600
45.080000 42.281600
45.100000 42.860800
45.120000 42.860800
45.140000 43.440000
45.160000 43.440000
45.180000 44.019200
45.200000 44.019200
45.220000 44.598400
45.240000 44.019200
45.260000 45.177600
45.280000 45.177600
45.300000 45.756800
45.320000 45.756800
45.340000 46.915200
45.360000 47.494400
45.380000 46.336000
45.400000 46.915200
45.420000 46.915200
45.440000 47.494400
45.460000 47.494400
45.480000 48.073600
45.500000 48.073600
45.520000 48.073600
45.540000 48.073600
45.560000 48.652800
45.580000 48.073600
45.600000 48.073600
45.620000 48.073600
45.640000 48.073600
45.660000 48.652800
45.680000 48.073600
45.700000 48.073600
45.720000 48.073600
45.740000 33.014400
45.760000 33.014400
45.780000 33.593600
45.800000 33.593600
45.820000 34.172800
45.840000 34.172800
45.860000 34.752000
45.880000 34.752000
45.900000 35.331200
45.920000 35.331200
45.940000 35.331200
45.960000 35.910400
45.980000 36.489600
46.000000 36.489600
46.020000 37.068800
46.040000 37.068800
46.060000 37.648000
46.080000 37.648000
46.100000 38.227200
46.120000 38.227200
46.140000 38.227200
46.160000 38.806400
46.180000 39.385600
46.200000 41.123200
46.220000 40.544000
46.240000 41.123200
46.260000 41.702400
46.280000 41.702400
46.300000 39.964800
46.320000 40.544000
46.340000 41.123200
46.360000 41.123200
46.380000 41.702400
46.400000 41.702400
46.420000 42.281600
46.440000 42.281600
46.460000 42.860800
46.480000 42.860800
46.500000 43.440000
46.520000 43.440000
46.540000 44.019200
46.560000 44.019200
46.580000 44.019200
46.600000 44.598400
46.620000 44.598400
46.640000 45.177600
46.660000 45.177600
46.680000 45.756800
46.700000 45.756800
46.720000 45.177600
46.740000 41.702400
46.760000 40.544000
46.780000 41.123200
46.800000 41.123200
46.820000 41.702400
46.840000 41.702400
46.860000 42.281600
46.880000 42.281600
46.900000 42.281600
46.920000 42.860800
46.940000 42.281600
46.960000 42.860800
46.980000 43.440000
47.000000 43.440000
47.020000 44.019200
47.040000 44.019200
47.060000 44.598400
47.080000 44.598400
47.100000 45.177600
47.120000 45.177600
47.140000 45.756800
47.160000 45.756800
47.180000 46.336000
47.200000 46.336000
47.220000 46.336000
47.240000 46.915200
47.260000 47.494400
47.280000 47.494400
47.300000 48.073600
47.320000 48.073600
47.340000 48.073600
47.360000 48.652800
47.380000 48.073600
47.400000 48.073600
47.420000 48.073600
47.440000 48.073600
47.460000 48.652800
47.480000 48.073600
47.500000 48.073600
47.520000 48.073600
47.540000 48.652800
47.560000 48.073600
47.580000 48.073600
47.600000 48.073600
47.620000 48.073600
47.640000 48.652800
47.660000 48.073600
47.680000 48.073600
47.700000 48.073600
47.720000 48.652800
47.740000 30.697600
47.760000 31.276800
47.780000 31.856000
47.800000 31.856000
47.820000 32.435200
47.840000 32.435200
47.860000 33.014400
47.880000 33.014400
47.900000 33.593600
47.920000 33.593600
47.940000 33.593600
47.960000 34.172800
47.980000 34.172800
48.000000 34.752000
48.020000 34.172800
48.040000 35.331200
48.060000 35.331200
48.080000 35.910400
48.100000 35.910400
48.120000 36.489600
48.140000 38.227200
48.160000 38.806400
48.180000 38.227200
48.200000 38.806400
48.220000 39.385600
48.240000 39.964800
48.260000 38.806400
48.280000 38.227200
48.300000 38.806400
48.320000 38.806400
48.340000 39.385600
48.360000 39.385600
48.380000 39.385600
48.400000 39.964800
48.420000 39.964800
48.440000 40.544000
48.460000 40.544000
48.480000 41.123200
48.500000 41.123200
48.520000 41.702400
48.540000 41.702400
48.560000 42.281600
48.580000 42.281600
48.600000 42.860800
48.620000 42.860800
48.640000 43.440000
48.660000 42.860800
48.680000 44.019200
48.700000 44.019200
48.720000 43.440000
48.740000 40.544000
48.760000 39.964800
48.780000 39.964800
48.800000 42.281600
48.820000 41.123200
48.840000 40.544000
48.860000 41.123200
48.880000 41.123200
48.900000 41.702400
48.920000 41.702400
48.940000 42.281600
48.960000 42.281600
48.980000 42.860800
49.000000 42.860800
49.020000 42.281600
49.040000 43.440000
49.060000 43.440000
49.080000 44.019200
49.100000 44.019200
49.120000 44.598400
49.140000 44.598400
49.160000 45.177600
49.180000 45.177600
49.200000 45.756800
49.220000 45.756800
49.240000 46.336000
49.260000 46.336000
49.280000 46.915200
49.300000 46.336000
49.320000 47.494400
49.340000 48.073600
49.360000 48.073600
49.380000 47.494400
49.400000 48.073600
49.420000 48.652800
49.440000 48.073600
49.460000 48.073600
49.480000 48.073600
49.500000 48.652800
49.520000 48.073600
49.540000 48.073600
49.560000 48.073600
49.580000 48.073600
49.600000 48.652800
49.620000 48.073600
49.640000 48.073600
49.660000 48.073600
49.680000 48.652800
49.700000 48.073600
49.720000 48.073600
49.740000 33.014400
49.760000 33.014400
49.780000 33.014400
49.800000 33.593600
49.820000 33.593600
49.840000 34.172800
49.860000 33.593600
49.880000 34.752000
49.900000 34.752000
49.920000 19.113600
49.940000 0.000000
49.960000 0.000000
49.980000 0.000000
