11.3023 120.4 1 670208 670720
11.3494 120.448 1 670720 671232
11.441 120.534 1 671232 671744
11.5294 120.604 1 671744 672256
11.616 120.755 1 672256 672768
11.707 120.924 1 672768 673280
11.7984 121.012 1 673280 673792
11.8817 120.168 1 673792 674304
11.9678 119.446 1 674304 674816
12.0548 118.964 1 674816 675328
12.142 118.626 1 675328 675840
12.2242 118.356 1 675840 676352
12.3112 118.14 1 676352 676864
12.3984 118.015 1 676864 677376
12.5472 106.764 1 338432 338944
12.5895 97.764 1 338944 339456
12.6359 90.612 1 339456 339968
12.6825 84.938 1 339968 340480
12.7243 80.447 1 340480 340992
12.7712 76.902 1 340992 341504
12.8147 73.393 1 341504 342016
12.8594 70.682 1 342016 342528
12.9002 68.514 1 342528 343040
12.944 66.779 1 343040 343552
12.9889 65.487 1 343552 344064
13.031 64.454 1 344064 344576
13.0735 63.579 1 344576 345088
13.1184 62.975 1 345088 345600
13.1627 62.54 1 345600 346112
13.204 62.24 1 346112 346624
13.2489 62.048 1 346624 347136
13.2931 61.847 1 347136 347648
13.3374 61.83 1 347648 348160
13.4292 56.049 1 173568 174080
13.4537 51.424 1 174080 174592
13.4782 47.723 1 174592 175104
13.5034 44.812 1 175104 175616
13.527 42.53 1 175616 176128
13.5534 40.753 1 176128 176640
13.5806 39.379 1 176640 177152
13.6075 38.28 1 177152 177664
13.6337 37.497 1 177664 178176
13.6577 36.871 1 178176 178688
13.6846 36.418 1 178688 179200
13.7123 36.103 1 179200 179712
13.7365 35.419 1 179712 180224
13.7596 34.776 1 180224 180736
13.7841 34.309 1 180736 181248
13.8098 34.032 1 181248 181760
13.8336 33.858 1 181760 182272
13.8569 33.623 1 182272 182784
13.8819 33.483 1 182784 183296
13.9072 33.419 1 183296 183808
13.9317 33.416 1 183808 184320
13.9552 33.462 1 184320 184832
13.9809 33.546 1 184832 185344
14.0059 33.566 1 185344 185856
14.0309 33.726 1 185856 186368
14.0542 33.806 1 186368 186880
14.0807 33.966 1 186880 187392
14.1064 34.142 1 187392 187904
14.129 34.283 1 187904 188416
14.1549 34.395 1 188416 188928
14.1809 34.485 1 188928 189440
14.2066 34.606 1 189440 189952
14.2297 34.75 1 189952 190464
14.2561 34.913 1 190464 190976
14.2837 35.092 1 190976 191488
14.3126 35.331 1 191488 192000
14.3376 35.426 1 192000 192512
14.3842 32.537 1 95744 96256
14.3959 30.225 1 96256 96768
14.4121 28.328 1 96768 97280
14.4293 26.858 1 97280 97792
14.4408 25.682 1 97792 98304
14.4571 24.775 1 98304 98816
14.4747 24.146 1 98816 99328
14.491 23.594 1 99328 99840
14.503 23.153 1 99840 100352
14.5203 22.848 1 100352 100864
14.5379 22.652 1 100864 101376
14.5557 22.592 1 101376 101888
14.5682 22.543 1 101888 102400
14.5857 22.552 1 102400 102912
14.604 22.56 1 102912 103424
14.622 22.614 1 103424 103936
14.634 22.657 1 103936 104448
14.6528 22.788 1 104448 104960
14.6713 22.94 1 104960 105472
14.6898 23.062 1 105472 105984
14.7035 23.16 1 105984 106496
14.7224 23.286 1 106496 107008
14.7386 22.825 1 107008 107520
14.7548 22.551 1 107520 108032
14.7678 22.285 1 108032 108544
14.7836 22.009 1 108544 109056
14.8002 21.885 1 109056 109568
14.8132 21.786 1 109568 110080
14.83 21.802 1 110080 110592
14.8471 21.864 1 110592 111104
14.8639 21.865 1 111104 111616
14.8783 21.913 1 111616 112128
14.8951 21.953 1 112128 112640
14.9127 22.032 1 112640 113152
14.9305 22.192 1 113152 113664
14.9444 22.319 1 113664 114176
14.9619 22.469 1 114176 114688
14.9797 22.59 1 114688 115200
14.9978 22.782 1 115200 115712
15.0112 22.888 1 115712 116224
15.03 23.068 1 116224 116736
15.0485 23.261 1 116736 117248
15.0631 23.415 1 117248 117760
15.0821 23.538 1 117760 118272
15.1011 23.685 1 118272 118784
15.1208 23.899 1 118784 119296
15.1364 24.117 1 119296 119808
15.1552 24.292 1 119808 120320
15.1749 24.433 1 120320 120832
15.1941 24.545 1 120832 121344
15.2085 24.634 1 121344 121856
15.2285 24.802 1 121856 122368
15.2482 24.984 1 122368 122880
15.2681 25.178 1 122880 123392
15.2835 25.382 1 123392 123904
15.3042 25.496 1 123904 124416
15.3251 25.636 1 124416 124928
15.3808 24.704 1 61952 62464
15.389 23.959 1 62464 62976
15.4071 23.363 1 62976 63488
15.4247 22.886 1 63488 64000
15.4328 22.552 1 64000 64512
15.4509 22.286 1 64512 65024
15.4686 21.976 1 65024 65536
15.4866 21.776 1 65536 66048
15.4943 21.617 1 66048 66560
15.5122 21.441 1 66560 67072
15.53 21.348 1 67072 67584
15.5477 21.226 1 67584 68096
15.5563 21.177 1 68096 68608
15.5739 21.137 1 68608 69120
15.5913 21.057 1 69120 69632
15.6092 21.041 1 69632 70144
15.6178 21.029 1 70144 70656
15.6349 20.97 1 70656 71168
15.653 20.972 1 71168 71680
15.6694 22.622 1 71680 72192
15.6786 22.245 1 72192 72704
15.6967 22.039 1 72704 73216
15.7148 21.875 1 73216 73728
15.7234 21.744 1 73728 74240
15.741 21.591 1 74240 74752
15.7584 21.516 1 74752 75264
15.776 21.409 1 75264 75776
15.7856 21.371 1 75776 76288
15.803 21.292 1 76288 76800
15.8206 21.229 1 76800 77312
15.838 21.227 1 77312 77824
15.8471 21.225 1 77824 78336
15.8652 21.224 1 78336 78848
15.8826 21.175 1 78848 79360
15.8993 21.087 1 79360 79872
15.9093 21.066 1 79872 80384
15.9265 21.048 1 80384 80896
15.9436 21.034 1 80896 81408
15.961 21.119 1 81408 81920
15.9713 21.139 1 81920 82432
15.988 21.059 1 82432 82944
16.0056 21.043 1 82944 83456
16.0152 21.03 1 83456 83968
16.0323 21.019 1 83968 84480
16.0499 21.059 1 84480 84992
16.0666 20.995 1 84992 85504
16.0777 20.991 1 85504 86016
16.0943 20.989 1 86016 86528
16.111 20.987 1 86528 87040
16.1286 21.033 1 87040 87552
16.1387 21.07 1 87552 88064
16.1558 21.004 1 88064 88576
16.1729 20.998 1 88576 89088
16.1898 21.042 1 89088 89600
16.2004 21.078 1 89600 90112
16.2184 21.188 1 90112 90624
16.2352 21.228 1 90624 91136
16.2511 21.308 1 91136 91648
16.2636 21.372 1 91648 92160
16.2816 21.471 1 92160 92672
16.2994 21.599 1 92672 93184
16.317 21.845 1 93184 93696
16.3679 21.624 1 74752 75264
16.384 21.494 1 75264 75776
16.4023 21.487 1 75776 76288
16.4115 21.337 1 76288 76800
16.4291 21.266 1 76800 77312
16.4464 21.256 1 77312 77824
16.4621 21.2 1 77824 78336
16.4737 21.204 1 78336 78848
16.4915 21.255 1 78848 79360
16.5083 21.185 1 79360 79872
16.5247 22.331 1 79872 80384
16.536 22.143 1 80384 80896
16.5538 22.04 1 80896 81408
16.5723 22.054 1 81408 81920
16.5826 22.065 1 81920 82432
16.6001 22.026 1 82432 82944
16.6191 22.09 1 82944 83456
16.6374 22.19 1 83456 83968
16.6475 22.27 1 83968 84480
16.6669 22.43 1 84480 84992
16.6857 22.51 1 84992 85504
16.7054 22.67 1 85504 86016
16.7155 22.75 1 86016 86528
16.7319 22.348 1 86528 87040
16.7493 22.074 1 87040 87552
16.7637 21.855 1 87552 88064
16.7767 21.679 1 88064 88576
16.7939 21.539 1 88576 89088
16.8105 21.427 1 89088 89600
16.8262 21.337 1 89600 90112
16.8385 21.265 1 90112 90624
16.8549 21.208 1 90624 91136
16.8711 21.114 1 91136 91648
16.8843 21.231 1 91648 92160
16.8997 21.18 1 92160 92672
16.9163 21.126 1 92672 93184
16.9332 21.096 1 93184 93696
16.9452 21.058 1 93696 94208
16.9618 21.124 1 94208 94720
16.9786 21.225 1 94720 95232
16.9957 21.354 1 95232 95744
17.0082 21.505 1 95744 96256
17.0255 21.578 1 96256 96768
17.043 21.684 1 96768 97280
17.0618 21.865 1 97280 97792
17.0733 22.01 1 97792 98304
17.0916 22.126 1 98304 98816
17.1101 22.315 1 98816 99328
17.1228 22.466 1 99328 99840
17.1399 22.539 1 99840 100352
17.1589 22.693 1 100352 100864
17.1781 22.865 1 100864 101376
17.1911 23.098 1 101376 101888
17.2101 23.285 1 101888 102400
17.2293 23.386 1 102400 102912
17.2487 23.563 1 102912 103424
17.2617 23.705 1 103424 103936
17.2805 23.866 1 103936 104448
17.3009 24.092 1 104448 104960
17.3206 24.224 1 104960 105472
17.3728 24.041 1 93696 94208
17.3922 23.991 1 94208 94720
17.4047 23.999 1 94720 95232
17.422 23.91 1 95232 95744
17.442 23.934 1 95744 96256
17.4622 24.002 1 96256 96768
17.4744 24.056 1 96768 97280
17.4946 24.195 1 97280 97792
17.5143 24.258 1 97792 98304
17.534 24.309 1 98304 98816
17.5472 24.446 1 98816 99328
17.5665 24.555 1 99328 99840
17.5871 24.691 1 99840 100352
17.6085 24.895 1 100352 100864
17.6217 25.059 1 100864 101376
17.6422 25.19 1 101376 101888
17.6635 25.343 1 101888 102400
17.6847 25.513 1 102400 102912
17.6981 25.697 1 102912 103424
17.7195 25.893 1 103424 103936
17.7359 25.04 1 103936 104448
17.7496 24.454 1 104448 104960
17.7657 23.937 1 104960 105472
17.7832 23.571 1 105472 105984
17.8015 23.375 1 105984 106496
17.8149 23.218 1 106496 107008
17.8325 23.14 1 107008 107520
17.8507 23.078 1 107520 108032
17.8683 23.077 1 108032 108544
17.8818 23.075 1 108544 109056
17.9 23.17 1 109056 109568
17.9185 23.295 1 109568 110080
17.9373 23.394 1 110080 110592
17.9512 23.473 1 110592 111104
17.9697 23.585 1 111104 111616
17.9899 23.77 1 111616 112128
18.0094 23.967 1 112128 112640
18.0238 24.124 1 112640 113152
18.043 24.25 1 113152 113664
18.0627 24.35 1 113664 114176
18.0817 24.527 1 114176 114688
18.0971 24.716 1 114688 115200
18.1163 24.868 1 115200 115712
18.1362 25.037 1 115712 116224
18.1516 25.22 1 116224 116736
18.1709 25.319 1 116736 117248
18.1918 25.446 1 117248 117760
18.2134 25.644 1 117760 118272
18.2288 25.802 1 118272 118784
18.2497 26.025 1 118784 119296
18.2713 26.155 1 119296 119808
18.2927 26.307 1 119808 120320
18.3086 26.477 1 120320 120832
18.3292 26.66 1 120832 121344
18.3818 25.476 1 60416 60928
18.3895 24.576 1 60928 61440
18.4074 23.857 1 61440 61952
18.425 23.233 1 61952 62464
18.4327 22.782 1 62464 62976
18.4508 22.421 1 62976 63488
18.4681 22.084 1 63488 64000
18.4865 21.863 1 64000 64512
18.4942 21.686 1 64512 65024
18.5118 21.496 1 65024 65536
18.5299 21.393 1 65536 66048
18.5477 21.262 1 66048 66560
18.5554 21.157 1 66560 67072
18.5738 21.121 1 67072 67584
18.5909 21.045 1 67584 68096
18.609 21.031 1 68096 68608
18.6176 21.021 1 68608 69120
18.6353 21.012 1 69120 69632
18.6531 21.005 1 69632 70144
18.6705 21 1 70144 70656
18.6791 20.995 1 70656 71168
18.6972 21.074 1 71168 71680
18.7149 21.089 1 71680 72192
18.7236 21.101 1 72192 72704
18.7414 21.076 1 72704 73216
18.7588 21.056 1 73216 73728
18.776 20.993 1 73728 74240
18.7856 20.99 1 74240 74752
18.8027 20.987 1 74752 75264
18.8206 21.034 1 75264 75776
18.8384 21.023 1 75776 76288
18.8475 21.014 1 76288 76800
18.8652 21.007 1 76800 77312
18.8823 21.001 1 77312 77824
18.8997 21.044 1 77824 78336
18.9093 21.127 1 78336 78848
18.9266 21.097 1 78848 79360
18.9438 21.025 1 79360 79872
18.9609 21.016 1 79872 80384
18.9705 21.008 1 80384 80896
18.9879 21.05 1 80896 81408
19.0058 21.036 1 81408 81920
19.0154 21.024 1 81920 82432
19.0325 20.967 1 82432 82944
19.0499 21.017 1 82944 83456
19.067 21.009 1 83456 83968
19.0766 21.003 1 83968 84480
19.0947 21.046 1 84480 84992
19.1116 21.033 1 84992 85504
19.1287 21.022 1 85504 86016
19.1393 21.013 1 86016 86528
19.1561 21.04 1 86528 87040
19.1737 21.158 1 87040 87552
19.191 21.204 1 87552 88064
19.2016 21.241 1 88064 88576
19.2196 21.366 1 88576 89088
19.2378 21.515 1 89088 89600
19.2559 21.682 1 89600 90112
19.2669 21.863 1 90112 90624
19.2847 21.96 1 90624 91136
19.3032 22.086 1 91136 91648
19.322 23.581 1 91648 92160
19.3676 23.06 1 72704 73216
19.3772 22.644 1 73216 73728
19.3936 22.263 1 73728 74240
19.4112 22.006 1 74240 74752
19.429 21.848 1 74752 75264
19.4377 21.708 1 75264 75776
19.4555 21.562 1 75776 76288
19.4729 21.445 1 76288 76800
19.4909 21.434 1 76800 77312
19.5001 21.425 1 77312 77824
19.5178 21.465 1 77824 78336
19.5368 21.594 1 78336 78848
19.5551 21.649 1 78848 79360
19.5647 21.693 1 79360 79872
19.5832 21.824 1 79872 80384
19.6019 21.977 1 80384 80896
19.6197 22.1 1 80896 81408
19.631 22.294 1 81408 81920
19.6503 22.401 1 81920 82432
19.6692 22.535 1 82432 82944
19.6882 24.18 1 82944 83456
19.699 24.054 1 83456 83968
19.719 24.002 1 83968 84480
19.7364 23.397 1 84480 84992
19.7469 22.913 1 84992 85504
19.7645 22.622 1 85504 86016
19.7812 22.293 1 86016 86528
19.7981 21.982 1 86528 87040
19.8087 21.781 1 87040 87552
19.8257 21.655 1 87552 88064
19.843 21.601 1 88064 88576
19.8611 21.655 1 88576 89088
19.8716 21.698 1 89088 89600
19.8894 21.684 1 89600 90112
19.9074 21.769 1 90112 90624
19.9235 21.885 1 90624 91136
19.9358 21.978 1 91136 91648
19.9553 22.148 1 91648 92160
19.9735 22.236 1 92160 92672
19.9851 22.307 1 92672 93184
20.0036 22.46 1 93184 93696
20.0228 22.632 1 93696 94208
20.0432 23.058 1 94208 94720
20.0543 23.398 1 94720 95232
20.0747 23.669 1 95232 95744
20.0968 24.174 1 95744 96256
20.1194 24.77 1 96256 96768
20.1314 25.248 1 96768 97280
20.1562 26.014 1 97280 97792
20.1824 27.011 1 97792 98304
20.2129 28.578 1 98304 98816
20.2249 29.88 1 98816 99328
20.2602 31.978 1 99328 99840
20.3033 35.099 1 99840 100352
20.3482 40.672 1 100352 100864
20.497 47.822 1 50176 50688
20.5743 56.618 1 50688 51200
20.6092 65.433 1 51200 51712
20.7089 74.936 1 51712 52224
20.8224 85.375 1 52224 52736
20.9353 93.726 1 52736 53248
20.974 100.31 1 53248 53760
21.0737 103.078 1 53760 54272
21.1797 106.831 1 54272 54784
21.2845 110.458 1 54784 55296
21.3345 113.456 1 55296 55808
21.7373 122.198 1 27648 28160
21.7851 122.223 1 28160 28672
21.8949 121.57 1 28672 29184
22.0009 121.192 1 29184 29696
22.0605 120.889 1 29696 30208
22.1422 120.599 1 30208 30720
22.2561 121.088 1 30720 31232
22.3592 120.95 1 31232 31744
22.419 120.84 1 31744 32256
22.6137 108.976 1 15872 16384
22.6159 99.582 1 16384 16896
22.6776 92.162 1 16896 17408
22.7396 86.322 1 17408 17920
22.7995 81.266 1 17920 18432
22.8019 77.221 1 18432 18944
22.8624 74.081 1 18944 19456
22.9223 71.521 1 19456 19968
22.9831 69.569 1 19968 20480
23.0444 68.2 1 20480 20992
23.0477 67.056 1 20992 21504
23.1085 66.142 1 21504 22016
23.1703 65.458 1 22016 22528
23.2325 65.007 1 22528 23040
23.2354 64.646 1 23040 23552
23.2986 64.55 1 23552 24064
23.3606 64.377 1 24064 24576
23.4889 58.278 1 11776 12288
23.4901 53.304 1 12288 12800
23.5233 49.42 1 12800 12800
23.5579 46.457 1 13312 13824
23.5906 44.039 1 13824 14336
23.5928 42.104 1 14336 14848
23.6276 40.748 1 14848 15360
23.6617 39.664 1 15360 15872
23.6956 38.845 1 15872 16384
23.7307 38.285 1 16384 16896
23.7334 37.79 1 16896 17408
23.7672 37.057 1 17408 17920
23.7999 36.47 1 17920 18432
23.8328 36.097 1 18432 18944
23.8674 35.991 1 18944 19456
23.9013 41.962 1 19456 19968
23.9049 40.635 1 19968 20480
23.9393 39.67 1 20480 20992
23.9742 38.945 1 20992 21504
24.0083 38.414 1 21504 22016
24.0124 38.037 1 22016 22528
24.0479 37.735 1 22528 23040
24.0833 37.638 1 23040 23552
24.1193 37.608 1 23552 24064
24.1234 37.536 1 24064 24576
24.1594 37.575 1 24576 25088
24.1964 37.654 1 25088 25600
24.2327 37.861 1 25600 26112
24.2371 38.075 1 26112 26624
24.2743 38.199 1 26624 27136
24.3116 38.345 1 27136 27648
24.4127 36.155 1 13312 13824
24.4142 34.259 1 13824 14336
24.4346 31.685 1 14336 14848
24.4562 29.722 1 14848 15360
24.4774 28.247 1 15360 15872
24.4793 27.068 1 15872 16384
24.5019 26.268 1 16384 16896
24.5235 25.532 1 16896 17408
24.5466 25.088 1 17408 17920
24.5692 24.829 1 17920 18432
24.5713 24.621 1 18432 18944
24.5951 24.599 1 18944 19456
24.6182 24.486 1 19456 19968
24.641 24.491 1 19968 20480
24.6651 24.688 1 20480 20992
24.668 24.797 1 20992 21504
24.6925 24.932 1 21504 22016
24.7172 25.088 1 22016 22528
24.7384 24.733 1 22528 23040
24.7425 24.448 1 23040 23552
24.765 24.365 1 23552 24064
24.7872 24.298 1 24064 24576
24.8095 24.245 1 24576 25088
24.8331 24.25 1 25088 25600
24.8369 24.303 1 25600 26112
24.8602 24.441 1 26112 26624
24.8847 24.647 1 26624 27136
24.9073 24.861 1 27136 27648
24.9128 25.079 1 27648 28160
24.9364 25.158 1 28160 28672
24.9609 25.317 1 28672 29184
24.9857 25.637 1 29184 29696
24.9902 25.845 1 29696 30208
25.0152 26.107 1 30208 30720
25.0412 26.268 1 30720 31232
25.0664 26.542 1 31232 31744
25.071 26.713 1 31744 32256
25.0974 26.994 1 32256 32768
25.1243 27.314 1 32768 33280
25.1493 27.523 1 33280 33792
25.1556 27.69 1 33792 34304
25.1825 27.919 1 34304 34816
25.2104 28.247 1 34816 35328
25.2373 28.606 1 35328 35840
25.2433 28.844 1 35840 36352
25.2714 29.083 1 36352 36864
25.2995 29.275 1 36864 37376
25.3269 29.572 1 37376 37888
25.4055 27.887 1 18432 18944
25.4082 26.553 1 18944 19456
25.4282 25.486 1 19456 19968
25.4482 24.585 1 19968 20480
25.4687 23.911 1 20480 20992
25.4711 23.373 1 20992 21504
25.4906 22.846 1 21504 22016
25.5111 22.568 1 22016 22528
25.5314 22.298 1 22528 23040
25.5338 22.082 1 23040 23552
25.5545 21.958 1 23552 24064
25.5743 21.762 1 24064 24576
25.5941 21.605 1 24576 25088
25.6141 21.624 1 25088 25600
25.6172 21.543 1 25600 26112
25.6374 21.56 1 26112 26624
25.6585 21.67 1 26624 27136
25.678 21.806 1 27136 27648
25.6828 21.914 1 27648 28160
25.7037 22.001 1 28160 28672
25.7232 21.783 1 28672 29184
25.743 21.622 1 29184 29696
25.7463 21.493 1 29696 30208
25.7659 21.342 1 30208 30720
25.7856 21.317 1 30720 31232
25.8057 21.345 1 31232 31744
25.809 21.368 1 31744 32256
25.8288 21.29 1 32256 32768
25.8483 21.276 1 32768 33280
25.8683 21.346 1 33280 33792
25.888 24.335 1 33792 34304
25.893 23.841 1 34304 34816
25.9139 23.495 1 34816 35328
25.9341 23.266 1 35328 35840
25.9389 23.082 1 35840 36352
25.9601 23.08 1 36352 36864
25.9812 23.078 1 36864 37376
26.0029 23.173 1 37376 37888
26.0084 23.344 1 37888 38400
26.0298 23.434 1 38400 38912
26.0519 23.601 1 38912 39424
26.075 23.784 1 39424 39936
26.0802 23.929 1 39936 40448
26.1028 24.142 1 40448 40960
26.1264 24.36 1 40960 41472
26.1499 24.631 1 41472 41984
26.1552 24.847 1 41984 42496
26.1788 25.069 1 42496 43008
26.2033 25.342 1 43008 43520
26.2283 25.609 1 43520 44032
26.2336 25.822 1 44032 44544
26.2581 26.089 1 44544 45056
26.2836 26.35 1 45056 45568
26.309 26.655 1 45568 46080
26.315 26.852 1 46080 46592
26.384 26.336 1 23040 23552
26.3874 25.971 1 23552 24064
26.4069 25.02 1 24064 24576
26.4267 24.212 1 24576 25088
26.4467 23.613 1 25088 25600
26.4496 23.086 1 25600 26112
26.4698 22.665 1 26112 26624
26.4894 22.375 1 26624 27136
26.5092 22.096 1 27136 27648
26.5125 21.92 1 27648 28160
26.5321 21.732 1 28160 28672
26.5514 21.533 1 28672 29184
26.5714 21.47 1 29184 29696
26.5752 21.42 1 29696 30208
26.5945 21.331 1 30208 30720
26.6141 21.261 1 30720 31232
26.634 21.286 1 31232 31744
26.6378 21.307 1 31744 32256
26.658 21.323 1 32256 32768
26.6782 21.432 1 32768 33280
26.6984 21.519 1 33280 33792
26.7191 24.809 1 33792 34304
26.7232 24.317 1 34304 34816
26.7429 23.65 1 34816 35328
26.7625 23.163 1 35328 35840
26.7668 22.822 1 35840 36352
26.7859 22.454 1 36352 36864
26.8049 22.158 1 36864 37376
26.8237 21.874 1 37376 37888
26.8435 21.695 1 37888 38400
26.8478 21.552 1 38400 38912
26.8664 21.389 1 38912 39424
26.8859 21.307 1 39424 39936
26.8917 21.289 1 39936 40448
26.9102 21.309 1 40448 40960
26.9299 21.325 1 40960 41472
26.9496 21.433 1 41472 41984
26.9549 21.52 1 41984 42496
26.9751 21.638 1 42496 43008
26.9953 21.828 1 43008 43520
27.0164 22.029 1 43520 44032
27.0227 22.285 1 44032 44544
27.0429 22.49 1 44544 45056
27.0645 22.702 1 45056 45568
27.0861 22.968 1 45568 46080
27.0919 23.181 1 46080 46592
27.114 23.399 1 46592 47104
27.1361 23.67 1 47104 47616
27.1587 23.886 1 47616 48128
27.1657 24.156 1 48128 48640
27.1878 24.371 1 48640 49152
27.2106 24.544 1 49152 49664
27.2344 24.826 1 49664 50176
27.2407 25.051 1 50176 50688
27.2647 25.376 1 50688 51200
27.2887 25.636 1 51200 51712
27.313 25.892 1 51712 52224
27.3202 26.096 1 52224 52736
27.386 25.587 1 26112 26624
27.3894 25.132 1 26624 27136
27.4087 24.301 1 27136 27648
27.4282 23.685 1 27648 28160
27.4475 26.089 1 28160 28672
27.4521 25.163 1 28672 29184
27.4719 24.374 1 29184 29696
27.4907 23.695 1 29696 30208
27.51 23.152 1 30208 30720
27.5148 22.765 1 30720 31232
27.5346 22.504 1 31232 31744
27.5534 22.151 1 31744 32256
27.5734 22.012 1 32256 32768
27.5782 21.901 1 32768 33280
27.597 21.717 1 33280 33792
27.6163 21.617 1 33792 34304
27.6344 21.475 1 34304 34816
27.6414 21.52 1 34816 35328
27.6597 21.445 1 35328 35840
27.6791 21.482 1 35840 36352
27.6998 21.8 1 36352 36864
27.7053 21.958 1 36864 37376
27.7243 21.844 1 37376 37888
27.7431 21.671 1 37888 38400
27.7624 21.628 1 38400 38912
27.7677 21.546 1 38912 39424
27.7872 21.481 1 39424 39936
27.8058 21.38 1 39936 40448
27.8244 21.3 1 40448 40960
27.8311 21.283 1 40960 41472
27.8495 21.27 1 41472 41984
27.8678 21.212 1 41984 42496
27.8873 21.261 1 42496 43008
27.8929 21.253 1 43008 43520
27.9119 21.198 1 43520 44032
27.9307 21.236 1 44032 44544
27.9376 21.266 1 44544 45056
27.9571 21.483 1 45056 45568
27.9758 21.512 1 45568 46080
27.9948 21.583 1 46080 46592
28.0032 21.833 1 46592 47104
28.022 22.08 1 47104 47616
28.0422 22.23 1 47616 48128
28.0633 22.494 1 48128 48640
28.0705 22.706 1 48640 49152
28.0905 22.827 1 49152 49664
28.1119 23.019 1 49664 50176
28.133 23.27 1 50176 50688
28.1424 23.615 1 50688 51200
28.1623 23.89 1 51200 51712
28.1844 24.063 1 51712 52224
28.207 24.297 1 52224 52736
28.2154 24.58 1 52736 53248
28.2368 24.807 1 53248 53760
28.2606 25.18 1 53760 54272
28.2832 25.527 1 54272 54784
28.2914 25.661 1 54784 55296
28.3147 25.864 1 55296 55808
28.382 25.209 1 27648 28160
28.3868 24.829 1 28160 28672
28.405 24.093 1 28672 29184
28.4251 23.518 1 29184 29696
28.4453 23.106 1 29696 30208
28.4488 22.632 1 30208 30720
28.4682 22.302 1 30720 31232
28.4878 22.037 1 31232 31744
28.5073 21.825 1 31744 32256
28.5117 21.656 1 32256 32768
28.5314 21.616 1 32768 33280
28.5507 21.489 1 33280 33792
28.5702 21.435 1 33792 34304
28.5741 21.343 1 34304 34816
28.5941 21.318 1 34816 35328
28.6136 21.298 1 35328 35840
28.6324 21.316 1 35840 36352
28.6377 21.379 1 36352 36864
28.6569 21.332 1 36864 37376
28.6766 21.392 1 37376 37888
28.6977 21.583 1 37888 38400
28.7021 21.736 1 38400 38912
28.7232 21.955 1 38912 39424
28.7423 21.76 1 39424 39936
28.7606 21.603 1 39936 40448
28.7659 21.43 1 40448 40960
28.7854 21.388 1 40960 41472
28.8042 21.306 1 41472 41984
28.8095 21.24 1 41984 42496
28.8288 21.236 1 42496 43008
28.8476 21.232 1 43008 43520
28.8669 21.182 1 43520 44032
28.8846 21.141 1 44032 44544
28.891 21.108 1 44544 45056
28.9103 21.13 1 45056 45568
28.9292 21.148 1 45568 46080
28.9352 21.21 1 46080 46592
28.9541 21.246 1 46592 47104
28.9731 21.322 1 47104 47616
28.9931 21.48 1 47616 48128
29.0118 24.009 1 48128 48640
29.0193 23.677 1 48640 49152
29.0392 23.411 1 49152 49664
29.0601 23.343 1 49664 50176
29.0664 23.288 1 50176 50688
29.0875 23.389 1 50688 51200
29.1087 23.469 1 51200 51712
29.1301 23.534 1 51712 52224
29.1373 23.633 1 52224 52736
29.1587 23.809 1 52736 53248
29.181 24.046 1 53248 53760
29.2034 24.331 1 53760 54272
29.2111 24.608 1 54272 54784
29.2329 24.733 1 54784 55296
29.2565 24.929 1 55296 55808
29.2776 25.23 1 55808 56320
29.2863 25.423 1 56320 56832
29.3103 25.625 1 56832 57344
29.3762 25.018 1 28160 28672
29.3793 24.532 1 28672 29184
29.4011 24.192 1 29184 29696
29.4207 23.597 1 29696 30208
29.4395 23.073 1 30208 30720
29.4441 22.654 1 30720 31232
29.4631 22.319 1 31232 31744
29.4829 22.099 1 31744 32256
29.5034 22.019 1 32256 32768
29.5072 21.955 1 32768 33280
29.5263 21.712 1 33280 33792
29.5461 21.613 1 33792 34304
29.5658 21.534 1 34304 34816
29.5702 21.519 1 34816 35328
29.59 21.507 1 35328 35840
29.609 21.353 1 35840 36352
29.6283 21.374 1 36352 36864
29.6326 21.343 1 36864 37376
29.6526 21.352 1 37376 37888
29.673 21.503 1 37888 38400
29.6925 21.721 1 38400 38912
29.6978 21.798 1 38912 39424
29.7179 21.86 1 39424 39936
29.737 21.684 1 39936 40448
29.7553 21.495 1 40448 40960
29.7611 21.391 1 40960 41472
29.7799 21.309 1 41472 41984
29.7987 21.243 1 41984 42496
29.8183 21.286 1 42496 43008
29.8233 21.272 1 43008 43520
29.8426 21.213 1 43520 44032
29.8614 21.166 1 44032 44544
29.8798 21.129 1 44544 45056
29.886 21.147 1 45056 45568
29.9048 21.161 1 45568 46080
29.9232 21.076 1 46080 46592
29.9422 21.153 1 46592 47104
29.9477 21.118 1 47104 47616
29.9666 21.09 1 47616 48128
29.9859 21.116 1 48128 48640
29.9916 21.136 1 48640 49152
30.01 21.058 1 49152 49664
30.029 21.09 1 49664 50176
30.0474 21.068 1 50176 50688
30.0538 21.098 1 50688 51200
30.0724 21.123 1 51200 51712
30.091 21.093 1 51712 52224
30.1098 21.07 1 52224 52736
30.1161 21.052 1 52736 53248
30.1344 21.037 1 53248 53760
30.1532 21.073 1 53760 54272
30.172 21.102 1 54272 54784
30.1783 21.125 1 54784 55296
30.1971 21.096 1 55296 55808
30.2154 21.072 1 55808 56320
30.2326 21.054 1 56320 56832
30.2405 21.086 1 56832 57344
30.2593 21.113 1 57344 57856
30.2772 21.038 1 57856 58368
30.295 21.122 1 58368 58880
30.3027 21.093 1 58880 59392
30.3208 21.118 1 59392 59904
30.3806 21.09 1 29696 30208
30.384 21.02 1 30208 30720
30.4035 21.011 1 30720 31232
30.4231 21.005 1 31232 31744
30.4423 20.951 1 31744 32256
30.4467 20.957 1 32256 32768
30.466 20.961 1 32768 33280
30.485 20.916 1 33280 33792
30.5046 20.929 1 33792 34304
30.5084 20.939 1 34304 34816
30.5282 20.946 1 34816 35328
30.547 20.953 1 35328 35840
30.5661 20.91 1 35840 36352
30.5709 20.923 1 36352 36864
30.5899 20.934 1 36864 37376
30.6087 20.895 1 37376 37888
30.628 20.912 1 37888 38400
30.6328 20.925 1 38400 38912
30.6514 20.887 1 38912 39424
30.6709 20.906 1 39424 39936
30.6898 20.872 1 39936 40448
30.6946 20.845 1 40448 40960
30.7139 20.872 1 40960 41472
30.7324 20.845 1 41472 41984
30.7372 20.824 1 41984 42496
30.7568 20.854 1 42496 43008
30.7754 20.879 1 43008 43520
30.7947 20.899 1 43520 44032
30.8135 20.915 1 44032 44544
30.8188 20.927 1 44544 45056
30.8378 20.938 1 45056 45568
30.8564 20.946 1 45568 46080
30.8617 20.952 1 46080 46592
30.8805 20.957 1 46592 47104
30.8993 20.961 1 47104 47616
30.9181 20.963 1 47616 48128
30.9372 23.574 1 48128 48640
30.9425 23.055 1 48640 49152
30.9615 22.639 1 49152 49664
30.9806 22.355 1 49664 50176
30.9863 22.128 1 50176 50688
31.0056 21.946 1 50688 51200
31.024 21.8 1 51200 51712
31.0423 21.588 1 51712 52224
31.049 21.466 1 52224 52736
31.0674 21.368 1 52736 53248
31.0857 21.29 1 53248 53760
31.1045 21.276 1 53760 54272
31.1108 21.264 1 54272 54784
31.1291 21.159 1 54784 55296
31.1474 21.123 1 55296 55808
31.1655 21.094 1 55808 56320
31.1725 21.071 1 56320 56832
31.1913 21.1 1 56832 57344
31.2094 21.076 1 57344 57856
31.2161 21.056 1 57856 58368
31.235 21.041 1 58368 58880
31.2531 21.076 1 58880 59392
31.2719 21.105 1 59392 59904
31.2895 23.208 1 59904 60416
31.2972 22.762 1 60416 60928
31.3155 22.405 1 60928 61440
31.3753 22.12 1 46592 47104
31.3806 21.892 1 47104 47616
31.3992 21.661 1 47616 48128
31.4182 21.524 1 48128 48640
31.4242 21.415 1 48640 49152
31.4423 21.28 1 49152 49664
31.4612 21.219 1 49664 50176
31.4793 21.123 1 50176 50688
31.4862 21.142 1 50688 51200
31.5041 21.109 1 51200 51712
31.5224 21.035 1 51712 52224
31.5412 21.024 1 52224 52736
31.5475 21.014 1 52736 53248
31.5658 21.007 1 53248 53760
31.5846 21.035 1 53760 54272
31.6029 21.072 1 54272 54784
31.6096 21.101 1 54784 55296
31.6286 21.207 1 55296 55808
31.6473 21.243 1 55808 56320
31.6661 21.368 1 56320 56832
31.6735 21.468 1 56832 57344
31.6928 21.596 1 57344 57856
31.7127 21.747 1 57856 58368
31.7306 21.689 1 58368 58880
31.7378 21.547 1 58880 59392
31.7564 21.433 1 59392 59904
31.7744 21.342 1 59904 60416
31.7824 21.317 1 60416 60928
31.8002 21.298 1 60928 61440
31.8183 21.282 1 61440 61952
31.8361 21.207 1 61952 62464
31.8448 21.195 1 62464 62976
31.8623 21.234 1 62976 63488
31.8811 21.313 1 63488 64000
31.9005 21.472 1 64000 64512
31.9087 21.599 1 64512 65024
31.927 21.653 1 65024 65536
31.9464 21.792 1 65536 66048
31.9656 21.952 1 66048 66560
31.9741 22.079 1 66560 67072
31.9938 22.278 1 67072 67584
32.0135 22.388 1 67584 68096
32.0339 22.765 1 68096 68608
32.0423 22.922 1 68608 69120
32.0623 23.048 1 69120 69632
32.0832 23.245 1 69632 70144
32.0921 23.45 1 70144 70656
32.112 23.518 1 70656 71168
32.1334 23.669 1 71168 71680
32.1541 23.838 1 71680 72192
32.1632 23.972 1 72192 72704
32.1846 24.177 1 72704 73216
32.2057 24.292 1 73216 73728
32.2274 24.384 1 73728 74240
32.237 24.506 1 74240 74752
32.2579 24.651 1 74752 75264
32.28 24.816 1 75264 75776
32.3028 25.043 1 75776 76288
32.3124 25.225 1 76288 76800
32.3708 24.328 1 38400 38912
32.3766 23.658 1 38912 39424
32.3959 23.17 1 39424 39936
32.4135 22.732 1 39936 40448
32.4322 22.381 1 40448 40960
32.439 22.196 1 40960 41472
32.4576 21.953 1 41472 41984
32.4761 21.806 1 41984 42496
32.4953 21.674 1 42496 43008
32.5016 21.617 1 43008 43520
32.5206 21.619 1 43520 44032
32.5398 21.669 1 44032 44544
32.5597 21.757 1 44544 45056
32.5665 21.924 1 45056 45568
32.5857 21.961 1 45568 46080
32.6056 22.038 1 46080 46592
32.6263 22.197 1 46592 47104
32.633 22.323 1 47104 47616
32.653 22.473 1 47616 48128
32.6736 22.592 1 48128 48640
32.6943 22.736 1 48640 49152
32.701 22.899 1 49152 49664
32.7224 23.077 1 49664 50176
32.741 22.706 1 50176 50688
32.7565 22.456 1 50688 51200
32.7663 22.161 1 51200 51712
32.7851 21.972 1 51712 52224
32.8032 21.821 1 52224 52736
32.8184 21.749 1 52736 53248
32.8283 21.595 1 53248 53760
32.8476 21.519 1 53760 54272
32.8654 21.459 1 54272 54784
32.8804 21.363 1 54784 55296
32.8915 21.382 1 55296 55808
32.9098 21.397 1 55808 56320
32.9276 21.314 1 56320 56832
32.9424 22.703 1 56832 57344
32.9537 22.406 1 57344 57856
32.9715 22.168 1 57856 58368
32.9899 21.93 1 58368 58880
32.9976 21.74 1 58880 59392
33.0164 21.635 1 59392 59904
33.0333 21.504 1 59904 60416
33.0511 21.399 1 60416 60928
33.06 21.363 1 60928 61440
33.0786 21.334 1 61440 61952
33.0952 21.215 1 61952 62464
33.1131 21.312 1 62464 62976
33.122 21.245 1 62976 63488
33.1396 21.191 1 63488 64000
33.1572 21.197 1 64000 64512
33.1707 21.153 1 64512 65024
33.1835 21.07 1 65024 65536
33.2016 21.052 1 65536 66048
33.2189 21.085 1 66048 66560
33.2278 21.112 1 66560 67072
33.2466 21.215 1 67072 67584
33.2641 21.298 1 67584 68096
33.2824 21.412 1 68096 68608
33.2918 21.551 1 68608 69120
33.3103 21.663 1 69120 69632
33.372 21.478 1 34304 34816
33.3819 21.474 1 34816 35328
33.3956 21.375 1 35328 35840
33.4142 21.247 1 35840 36352
33.4337 22.169 1 36352 36864
33.4438 22.844 1 36864 37376
33.4569 22.423 1 37376 37888
33.4767 22.134 1 37888 38400
33.4916 21.999 1 38400 38912
33.5063 21.795 1 38912 39424
33.5191 21.631 1 39424 39936
33.5381 21.501 1 39936 40448
33.5538 21.444 1 40448 40960
33.569 21.447 1 40960 41472
33.5811 21.353 1 41472 41984
33.5996 21.23 1 41984 42496
33.6192 21.723 1 42496 43008
33.6259 21.574 1 43008 43520
33.6433 21.455 1 43520 44032
33.6621 21.359 1 44032 44544
33.6789 21.331 1 44544 45056
33.6934 22.27 1 45056 45568
33.7054 22.011 1 45568 46080
33.7238 21.757 1 46080 46592
33.7411 21.649 1 46592 47104
33.7491 21.515 1 47104 47616
33.7669 21.359 1 47616 48128
33.786 21.283 1 48128 48640
33.8029 21.27 1 48640 49152
33.8109 21.164 1 49152 49664
33.8289 21.127 1 49664 50176
33.847 21.049 1 50176 50688
33.8651 21.179 1 50688 51200
33.8726 21.297 1 51200 51712
33.8904 21.233 1 51712 52224
33.9097 21.278 1 52224 52736
33.9271 21.314 1 52736 53248
33.9343 21.247 1 53248 53760
33.9531 21.241 1 53760 54272
33.9719 21.237 1 54272 54784
33.984 21.137 1 54784 55296
33.9972 21.153 1 55296 55808
34.0158 21.166 1 55808 56320
34.0334 21.081 1 56320 56832
34.0457 21.252 1 56832 57344
34.0592 21.197 1 57344 57856
34.0773 21.154 1 57856 58368
34.0958 21.167 1 58368 58880
34.1069 21.163 1 58880 59392
34.1209 21.126 1 59392 59904
34.1392 21.096 1 59904 60416
34.1571 21.073 1 60416 60928
34.1653 21.15 1 60928 61440
34.1831 21.164 1 61440 61952
34.2007 21.078 1 61952 62464
34.2191 21.154 1 62464 62976
34.2265 21.119 1 62976 63488
34.2448 21.125 1 63488 64000
34.2638 21.226 1 64000 64512
34.2804 21.306 1 64512 65024
34.2897 21.322 1 65024 65536
34.3087 21.432 1 65536 66048
34.3714 21.341 1 35328 35840
34.3796 21.268 1 35840 36352
34.3948 21.21 1 36352 36864
34.4138 21.164 1 36864 37376
34.4278 21.127 1 37376 37888
34.443 21.193 1 37888 38400
34.4568 21.15 1 38400 38912
34.4753 21.068 1 38912 39424
34.4949 21.977 1 39424 39936
34.5042 21.825 1 39936 40448
34.5185 21.608 1 40448 40960
34.5378 21.482 1 40960 41472
34.5529 21.429 1 41472 41984
34.5626 21.291 1 41984 42496
34.5814 21.373 1 42496 43008
34.599 21.246 1 43008 43520
34.6161 21.336 1 43520 44032
34.6292 21.361 1 44032 44544
34.6424 21.27 1 44544 45056
34.6617 21.26 1 45056 45568
34.6781 21.251 1 45568 46080
34.687 21.197 1 46080 46592
34.7056 21.249 1 46592 47104
34.7239 21.195 1 47104 47616
34.7398 21.152 1 47616 48128
34.7531 21.838 1 48128 48640
34.7673 21.666 1 48640 49152
34.7856 21.48 1 49152 49664
34.8023 21.476 1 49664 50176
34.8109 21.424 1 50176 50688
34.8293 21.335 1 50688 51200
34.8474 21.264 1 51200 51712
34.8603 21.255 1 51712 52224
34.8736 21.247 1 52224 52736
34.8908 21.194 1 52736 53248
34.9088 21.102 1 53248 53760
34.9228 21.174 1 53760 54272
34.9346 21.183 1 54272 54784
34.9527 21.224 1 54784 55296
34.9715 21.175 1 55296 55808
34.9833 21.231 1 55808 56320
34.9968 21.229 1 56320 56832
35.0155 21.309 1 56832 57344
35.0345 21.421 1 57344 57856
35.047 21.51 1 57856 58368
35.0614 21.63 1 58368 58880
35.0804 21.726 1 58880 59392
35.1001 21.947 1 59392 59904
35.1126 22.796 1 59904 60416
35.1273 22.803 1 60416 60928
35.1475 22.808 1 60928 61440
35.1669 22.957 1 61440 61952
35.1758 23.028 1 61952 62464
35.196 23.18 1 62464 62976
35.2162 23.302 1 62976 63488
35.2318 23.4 1 63488 64000
35.2462 23.526 1 64000 64512
35.2659 23.627 1 64512 65024
35.2871 23.756 1 65024 65536
35.3032 23.956 1 65536 66048
35.3171 24.115 1 66048 66560
35.3755 23.44 1 39936 40448
35.3817 22.947 1 40448 40960
35.3998 22.601 1 40960 41472
35.4188 22.311 1 41472 41984
35.4318 22.078 1 41984 42496
35.4486 22.709 1 42496 43008
35.4628 22.445 1 43008 43520
35.482 22.33 1 43520 44032
35.4962 22.334 1 44032 44544
35.5089 22.289 1 44544 45056
35.5279 22.253 1 45056 45568
35.5474 22.272 1 45568 46080
35.5623 22.336 1 46080 46592
35.5758 22.482 1 46592 47104
35.5952 22.6 1 47104 47616
35.6149 22.646 1 47616 48128
35.6303 22.827 1 48128 48640
35.6435 22.972 1 48640 49152
35.6637 23.088 1 49152 49664
35.6851 23.276 1 49664 50176
35.7 23.427 1 50176 50688
35.7137 23.548 1 50688 51200
35.732 23.034 1 51200 51712
35.7501 22.623 1 51712 52224
35.7648 22.438 1 52224 52736
35.7759 22.194 1 52736 53248
35.794 21.903 1 53248 53760
35.8121 21.718 1 53760 54272
35.8268 21.906 1 54272 54784
35.8381 21.755 1 54784 55296
35.8566 21.729 1 55296 55808
35.8748 21.661 1 55808 56320
35.8885 21.703 1 56320 56832
35.902 21.784 1 56832 57344
35.9205 21.849 1 57344 57856
35.9363 21.949 1 57856 58368
35.9544 22.125 1 58368 58880
35.9671 22.17 1 58880 59392
35.9875 22.398 1 59392 59904
36.0034 22.533 1 59904 60416
36.0156 22.64 1 60416 60928
36.0358 22.822 1 60928 61440
36.0555 22.92 1 61440 61952
36.0724 22.998 1 61952 62464
36.0853 23.253 1 62464 62976
36.1053 23.409 1 62976 63488
36.1257 23.581 1 63488 64000
36.1435 23.767 1 64000 64512
36.156 23.868 1 64512 65024
36.1769 23.997 1 65024 65536
36.1985 24.196 1 65536 66048
36.2161 24.356 1 66048 66560
36.2295 24.531 1 66560 67072
36.2516 24.671 1 67072 67584
36.2723 24.832 1 67584 68096
36.2887 25.969 1 68096 68608
36.305 26.014 1 68608 69120
36.3273 26.002 1 69120 69632
36.3799 24.949 1 34304 34816
36.3893 24.155 1 34816 35328
36.4084 23.568 1 35328 35840
36.423 23.084 1 35840 36352
36.4425 24.715 1 36352 36864
36.4519 24.05 1 36864 37376
36.4709 23.517 1 37376 37888
36.491 23.236 1 37888 38400
36.4968 23.01 1 38400 38912
36.5168 22.83 1 38912 39424
36.5365 22.686 1 39424 39936
36.553 22.715 1 39936 40448
36.5627 22.69 1 40448 40960
36.5833 22.718 1 40960 41472
36.6038 22.788 1 41472 41984
36.6201 22.797 1 41984 42496
36.6408 24.822 1 42496 43008
36.6516 24.568 1 43008 43520
36.6732 24.412 1 43520 44032
36.6908 24.336 1 44032 44544
36.7011 24.275 1 44544 45056
36.723 24.275 1 45056 45568
36.741 23.615 1 45568 46080
36.7548 23.088 1 46080 46592
36.7664 22.714 1 46592 47104
36.7849 22.511 1 47104 47616
36.8033 22.204 1 47616 48128
36.8178 22.007 1 48128 48640
36.8288 21.849 1 48640 49152
36.8471 21.675 1 49152 49664
36.8662 21.68 1 49664 50176
36.8788 21.54 1 50176 50688
36.8913 21.427 1 50688 51200
36.9096 21.434 1 51200 51712
36.9275 21.342 1 51712 52224
36.9412 21.366 1 52224 52736
36.954 21.384 1 52736 53248
36.9716 21.255 1 53248 53760
36.9897 21.392 1 53760 54272
37.0027 21.501 1 54272 54784
37.0159 21.445 1 54784 55296
37.0345 21.399 1 55296 55808
37.0512 21.363 1 55808 56320
37.0598 21.286 1 56320 56832
37.0784 21.225 1 56832 57344
37.0965 21.175 1 57344 57856
37.1086 21.136 1 57856 58368
37.1223 21.152 1 58368 58880
37.1408 21.166 1 58880 59392
37.1582 21.176 1 59392 59904
37.1708 21.233 1 59904 60416
37.1845 21.23 1 60416 60928
37.2031 21.228 1 60928 61440
37.2209 21.322 1 61440 61952
37.2322 21.287 1 61952 62464
37.2473 21.259 1 62464 62976
37.2651 21.333 1 62976 63488
37.2832 21.392 1 63488 64000
37.2961 21.535 1 64000 64512
37.3113 21.65 1 64512 65024
37.3723 21.516 1 32256 32768
37.3795 21.456 1 32768 33280
37.3961 21.361 1 33280 33792
37.415 21.284 1 33792 34304
37.4234 21.271 1 34304 34816
37.4429 21.26 1 34816 35328
37.4586 21.3 1 35328 35840
37.4765 21.188 1 35840 36352
37.4958 23.082 1 36352 36864
37.5051 22.758 1 36864 37376
37.5206 22.402 1 37376 37888
37.5384 22.117 1 37888 38400
37.549 21.985 1 38400 38912
37.5669 21.832 1 38912 39424
37.5852 22.094 1 39424 39936
37.6004 21.871 1 39936 40448
37.6115 21.74 1 40448 40960
37.6303 21.636 1 40960 41472
37.645 21.504 1 41472 41984
37.6628 21.447 1 41984 42496
37.6823 22.987 1 42496 43008
37.6918 22.586 1 43008 43520
37.7075 22.36 1 43520 44032
37.7255 22.084 1 44032 44544
37.7354 21.863 1 44544 45056
37.7549 21.83 1 45056 45568
37.769 21.77 1 45568 46080
37.7867 21.563 1 46080 46592
37.7983 21.542 1 46592 47104
37.816 21.526 1 47104 47616
37.8299 21.368 1 47616 48128
37.849 21.29 1 48128 48640
37.8603 21.228 1 48640 49152
37.8779 21.178 1 49152 49664
37.8919 21.138 1 49664 50176
37.9104 21.154 1 50176 50688
37.9233 21.167 1 50688 51200
37.9399 21.321 1 51200 51712
37.9541 21.301 1 51712 52224
37.9731 21.284 1 52224 52736
37.985 21.271 1 52736 53248
38.0011 21.246 1 53248 53760
38.017 21.227 1 53760 54272
38.035 22.364 1 54272 54784
38.0475 22.217 1 54784 55296
38.0641 22.196 1 55296 55808
38.0806 22.13 1 55808 56320
38.0936 22.126 1 56320 56832
38.1124 22.219 1 56832 57344
38.127 22.245 1 57344 57856
38.146 22.266 1 57856 58368
38.1604 22.427 1 58368 58880
38.1784 22.555 1 58880 59392
38.1948 22.754 1 59392 59904
38.2145 22.818 1 59904 60416
38.2282 22.964 1 60416 60928
38.2479 23.13 1 60928 61440
38.2635 23.31 1 61440 61952
38.2842 23.454 1 61952 62464
38.2988 23.618 1 62464 62976
38.3176 23.893 1 62976 63488
38.3781 23.31 1 31744 32256
38.3853 22.892 1 32256 32768
38.4037 22.557 1 32768 33280
38.4218 22.193 1 33280 33792
38.4415 22.142 1 33792 34304
38.4478 21.958 1 34304 34816
38.4673 21.858 1 34816 35328
38.4852 21.778 1 35328 35840
38.5022 21.604 1 35840 36352
38.5107 21.527 1 36352 36864
38.5293 21.513 1 36864 37376
38.5476 21.488 1 37376 37888
38.5653 21.564 1 37888 38400
38.5738 21.529 1 38400 38912
38.5925 21.597 1 38912 39424
38.6125 21.699 1 39424 39936
38.6302 21.781 1 39936 40448
38.6391 21.895 1 40448 40960
38.6593 22.034 1 40960 41472
38.6788 22.193 1 41472 41984
38.686 22.32 1 41984 42496
38.7062 22.47 1 42496 43008
38.7242 22.158 1 43008 43520
38.7435 21.922 1 43520 44032
38.7503 21.829 1 44032 44544
38.7677 21.611 1 44544 45056
38.7869 21.58 1 45056 45568
38.806 21.46 1 45568 46080
38.812 21.316 1 46080 46592
38.8303 21.296 1 46592 47104
38.8494 21.281 1 47104 47616
38.8683 21.254 1 47616 48128
38.8746 21.281 1 48128 48640
38.8928 21.254 1 48640 49152
38.9118 21.281 1 49152 49664
38.932 21.398 1 49664 50176
38.9383 21.492 1 50176 50688
38.9575 21.664 1 50688 51200
38.9774 21.753 1 51200 51712
38.9974 21.872 1 51712 52224
39.0046 22.016 1 52224 52736
39.0243 22.178 1 52736 53248
39.0447 22.357 1 53248 53760
39.0654 22.548 1 53760 54272
39.0721 22.7 1 54272 54784
39.0926 22.822 1 54784 55296
39.1137 23.016 1 55296 55808
39.1324 23.171 1 55808 56320
39.1418 23.295 1 56320 56832
39.1634 23.49 1 56832 57344
39.1846 23.599 1 57344 57856
39.1923 23.733 1 57856 58368
39.2142 23.985 1 58368 58880
39.2353 24.139 1 58880 59392
39.2581 24.358 1 59392 59904
39.2774 26.744 1 59904 60416
39.2875 26.393 1 60416 60928
39.3103 26.209 1 60928 61440
39.3727 25.115 1 30208 30720
39.3773 24.288 1 30720 31232
39.3968 23.626 1 31232 31744
39.4156 23.144 1 31744 32256
39.436 22.889 1 32256 32768
39.4403 22.637 1 32768 33280
39.46 22.435 1 33280 33792
39.4805 22.322 1 33792 34304
39.5004 22.279 1 34304 34816
39.5055 22.293 1 34816 35328
39.5264 22.353 1 35328 35840
39.5466 22.352 1 35840 36352
39.568 22.496 1 36352 36864
39.573 22.61 1 36864 37376
39.5939 22.702 1 37376 37888
39.6153 22.872 1 37888 38400
39.6364 23.008 1 38400 38912
39.6417 23.068 1 38912 39424
39.6641 23.213 1 39424 39936
39.6852 23.377 1 39936 40448
39.6915 23.508 1 40448 40960
39.7131 23.66 1 40960 41472
39.7322 23.076 1 41472 41984
39.7505 22.608 1 41984 42496
39.7686 24.555 1 42496 43008
39.7753 23.84 1 43008 43520
39.7941 23.364 1 43520 44032
39.8125 22.887 1 44032 44544
39.8192 22.505 1 44544 45056
39.8375 22.199 1 45056 45568
39.8561 22.099 1 45568 46080
39.8742 21.827 1 46080 46592
39.8821 21.801 1 46592 47104
39.9002 21.685 1 47104 47616
