21.3727 125.206 42.8365 0 669696
21.4618 124.341 43.1345 0 670208
21.5527 123.649 43.4696 0 670720
21.6404 123.095 43.6653 0 671232
21.7274 122.652 43.823 0 671744
21.8185 122.442 43.9927 0 672256
21.9069 121.697 44.2621 0 672768
21.9927 121.197 44.4447 0 673280
22.0804 120.894 44.6519 0 673792
22.1693 120.603 44.7596 0 674304
22.2575 120.418 44.9246 0 674816
22.3431 120.366 44.944 0 675328
22.4318 120.325 44.9593 0 675840
22.6166 108.708 24.9352 0 337920
22.6603 99.367 27.2792 0 338432
22.7053 91.99 29.5928 0 338944
22.7521 86.185 31.586 0 339456
22.7949 81.108 33.5632 0 339968
22.8394 77.143 35.4384 0 340480
22.8845 73.922 36.9825 0 340992
22.9304 71.394 38.2921 0 341504
22.973 69.468 39.5205 0 342016
23.0177 67.974 40.3891 0 342528
23.0645 66.876 41.0522 0 343040
23.1114 66.045 41.7441 0 343552
23.1537 65.333 42.1991 0 344064
23.1989 64.763 42.5705 0 344576
23.246 64.451 42.9563 0 345088
23.2892 64.25 43.0907 0 345600
23.3349 64.185 43.3148 0 346112
23.3822 64.181 43.3175 0 346624
23.4274 63.745 43.6138 0 347136
23.5017 57.773 24.0611 0 173568
23.5269 52.995 26.449 0 174080
23.5507 49.221 28.477 0 174592
23.5762 46.154 30.3693 0 175104
23.6024 43.796 32.2689 0 175616
23.63 42.006 33.644 0 176128
23.656 40.622 34.7902 0 176640
23.6831 39.611 35.9706 0 177152
23.7112 38.802 36.7206 0 177664
23.7389 38.203 37.5996 0 178176
23.7624 37.339 38.4696 0 178688
23.7889 36.745 39.0915 0 179200
23.8151 36.317 39.8711 0 179712
23.8422 35.975 40.2502 0 180224
23.8662 35.749 40.5046 0 180736
23.8944 35.712 40.871 0 181248
23.9196 35.683 40.9042 0 181760
23.9475 35.66 40.9306 0 182272
23.9722 35.738 41.1654 0 182784
23.9999 35.896 40.9842 0 183296
24.0263 35.926 40.95 0 183808
24.0549 36.095 41.0792 0 184320
24.0801 36.277 40.8731 0 184832
24.1061 36.472 40.6545 0 185344
24.1356 36.675 40.7454 0 185856
24.1642 36.838 40.5651 0 186368
24.1902 37.064 40.6303 0 186880
24.2164 37.294 40.3797 0 187392
24.2464 37.573 40.0798 0 187904
24.2762 37.845 40.0979 0 188416
24.3019 38.062 39.8693 0 188928
24.3289 38.188 39.7377 0 189440
24.3565 37.904 40.3411 0 189952
24.3825 37.725 40.5325 0 190464
24.4086 37.582 40.6867 0 190976
24.4577 34.439 22.1999 0 95232
24.4697 31.973 24.2745 0 95744
24.4877 30.096 25.7884 0 96256
24.5057 28.595 27.1421 0 96768
24.5245 28.403 27.7334 0 97280
24.5363 27.289 28.8656 0 97792
24.5552 26.493 29.7328 0 98304
24.5747 26.001 30.741 0 98816
24.5865 25.607 31.214 0 99328
24.6057 25.292 31.6027 0 99840
24.6257 25.088 32.3214 0 100352
24.6458 24.973 32.4703 0 100864
24.6581 24.929 32.9923 0 101376
24.679 24.99 32.9117 0 101888
24.6997 25.038 32.8486 0 102400
24.7206 25.173 33.1326 0 102912
24.7331 25.281 32.9911 0 103424
24.7509 24.839 33.5782 0 103936
24.7701 24.63 34.3334 0 104448
24.7828 24.51 34.5015 0 104960
24.8023 24.462 34.5692 0 105472
24.822 24.376 35.1664 0 105984
24.8417 24.403 35.1275 0 106496
24.8552 24.521 34.9584 0 107008
24.8754 24.664 35.2254 0 107520
24.896 24.874 34.928 0 108032
24.9162 24.946 34.8272 0 108544
24.9297 25.051 35.1437 0 109056
24.9501 25.184 34.9581 0 109568
24.971 25.434 35.0699 0 110080
24.9929 25.73 34.6665 0 110592
25.0068 25.967 34.3501 0 111104
25.0292 26.205 34.4801 0 111616
25.0508 26.347 34.2943 0 112128
25.0734 26.557 34.0231 0 112640
25.0873 26.773 34.1813 0 113152
25.1104 27.042 33.8413 0 113664
25.1335 27.353 33.4565 0 114176
25.157 27.554 33.6329 0 114688
25.1705 27.714 33.4387 0 115200
25.194 27.939 33.1694 0 115712
25.218 28.263 33.199 0 116224
25.2325 28.522 32.8976 0 116736
25.2567 28.778 32.6049 0 117248
25.282 29.03 32.7209 0 117760
25.3072 29.232 32.4948 0 118272
25.3228 29.49 32.6033 0 118784
25.3464 29.551 32.536 0 119296
25.3685 29.168 32.9632 0 119808
25.3916 29.006 33.5467 0 120320
25.4531 27.401 17.7558 0 59904
25.4603 26.116 18.6295 0 60416
25.4786 25.088 19.8546 0 60928
25.4965 24.266 20.5272 0 61440
25.5039 23.657 21.0556 0 61952
25.5218 23.121 22.0447 0 62464
25.5398 22.692 22.4615 0 62976
25.5572 22.302 22.8543 0 63488
25.5654 22.037 23.6548 0 64000
25.5832 21.825 23.8845 0 64512
25.6009 21.608 24.1244 0 65024
25.6194 21.564 24.7108 0 65536
25.6275 21.529 24.751 0 66048
25.6458 21.548 24.7292 0 66560
25.6655 21.709 25.0794 0 67072
25.6838 21.741 25.0425 0 67584
25.6924 21.814 25.4897 0 68096
25.7121 21.969 25.3098 0 68608
25.7299 21.805 25.5002 0 69120
25.7482 21.736 26.1141 0 69632
25.7564 21.68 26.1815 0 70144
25.774 21.492 26.4106 0 70656
25.7916 21.389 27.0793 0 71168
25.8093 23.099 25.0747 0 71680
25.8184 22.771 25.4359 0 72192
25.8365 22.461 26.3027 0 72704
25.8543 22.26 26.5402 0 73216
25.863 22.1 26.7323 0 73728
25.8817 22.006 27.3729 0 74240
25.9 22.026 27.348 0 74752
25.9188 22.043 27.327 0 75264
25.9284 22.104 27.7756 0 75776
25.9473 22.201 27.6542 0 76288
25.9668 22.327 28.017 0 76800
25.9863 22.524 27.772 0 77312
25.9954 22.681 27.5797 0 77824
26.0158 22.951 27.76 0 78336
26.0363 23.167 27.5012 0 78848
26.0567 23.34 27.2973 0 79360
26.0668 23.526 27.5739 0 79872
26.0872 23.772 27.2886 0 80384
26.1086 24.064 26.9574 0 80896
26.131 24.394 27.0676 0 81408
26.1406 24.61 26.8301 0 81920
26.1624 24.783 26.6428 0 82432
26.1845 25.017 26.8566 0 82944
26.1951 25.204 26.6574 0 83456
26.2167 25.45 26.3997 0 83968
26.2403 25.695 26.5988 0 84480
26.2634 25.987 26.2999 0 84992
26.2744 26.317 26.4103 0 85504
26.2975 26.533 26.1953 0 86016
26.3208 26.754 25.9789 0 86528
26.341 26.257 26.9118 0 87040
26.3516 25.86 27.325 0 87552
26.3715 25.494 27.7173 0 88064
26.3924 25.346 28.3361 0 88576
26.452 24.472 14.6741 0 44032
26.457 23.774 15.1049 0 44544
26.4761 23.214 15.9683 0 45056
26.4952 22.767 16.2818 0 45568
26.5004 22.409 16.5419 0 46080
26.5193 22.123 17.2794 0 46592
26.5381 21.894 17.4601 0 47104
26.5566 21.663 17.6463 0 47616
26.5627 21.574 18.256 0 48128
26.581 21.455 18.3573 0 48640
26.6 21.359 18.4398 0 49152
26.6189 21.283 19.0499 0 49664
26.6246 21.222 19.1047 0 50176
26.6439 21.207 19.6645 0 50688
26.6626 21.291 19.5869 0 51200
26.6823 21.455 19.4371 0 51712
26.689 21.634 19.8118 0 52224
26.7083 21.681 19.7688 0 52736
26.7277 21.766 19.6916 0 53248
26.7465 21.657 20.3256 0 53760
26.7528 21.569 20.4085 0 54272
26.7718 21.547 20.4294 0 54784
26.7902 21.433 21.0785 0 55296
26.8078 21.342 21.1684 0 55808
26.815 21.221 21.2891 0 56320
26.8338 21.221 21.835 0 56832
26.8522 21.22 21.836 0 57344
26.8589 21.22 21.836 0 57856
26.8777 21.172 22.4326 0 58368
26.8958 21.181 22.4231 0 58880
26.9148 21.222 22.9256 0 59392
26.9323 23.322 20.8613 0 59904
26.941 23.031 21.1249 0 60416
26.9604 22.847 21.8021 0 60928
26.9792 22.651 21.9907 0 61440
26.9864 22.495 22.1432 0 61952
27.0066 22.514 22.6391 0 62464
27.0263 22.625 22.528 0 62976
27.047 22.81 22.3453 0 63488
27.0551 23.006 22.6584 0 64000
27.0753 23.067 22.5985 0 64512
27.096 23.212 22.4573 0 65024
27.1176 23.472 22.7021 0 65536
27.1253 23.68 22.5027 0 66048
27.1474 23.943 22.2555 0 66560
27.169 24.105 22.5865 0 67072
27.1907 24.33 22.3776 0 67584
27.1996 24.511 22.685 0 68096
27.2219 24.751 22.465 0 68608
27.2447 25.04 22.2058 0 69120
27.2664 25.415 22.3339 0 69632
27.2762 25.619 22.1561 0 70144
27.2995 25.782 22.016 0 70656
27.3238 26.057 22.2282 0 71168
27.3325 26.277 22.0421 0 71680
27.3517 25.635 22.5941 0 72192
27.3721 25.218 23.4271 0 72704
27.3921 24.885 23.7406 0 73216
27.4526 24.536 12.2752 0 36352
27.4572 23.969 12.5656 0 36864
27.4767 23.371 12.8871 0 37376
27.4962 22.988 13.6057 0 37888
27.5006 22.634 13.8185 0 38400
27.5196 22.255 14.0538 0 38912
27.5391 22.096 14.6792 0 39424
27.558 21.92 14.7971 0 39936
27.5632 21.78 14.8922 0 40448
27.5833 21.764 15.4354 0 40960
27.6021 21.607 15.5476 0 41472
27.6211 21.529 15.6039 0 41984
27.6375 23.644 14.698 0 42496
27.6462 23.207 14.9748 0 43008
27.6657 22.891 15.6876 0 43520
27.6849 22.687 15.8286 0 44032
27.6909 22.571 15.91 0 44544
27.7108 22.527 16.4553 0 45056
27.7303 22.395 16.5523 0 45568
27.7486 22.112 16.7641 0 46080
27.7551 21.933 17.4291 0 46592
27.7744 21.838 17.5049 0 47104
27.7925 21.618 17.683 0 47616
27.8111 21.586 18.2459 0 48128
27.8176 21.513 18.3078 0 48640
27.8362 21.406 18.3993 0 49152
27.8555 21.416 18.9316 0 49664
27.8731 21.329 19.0089 0 50176
27.88 21.259 19.6164 0 50688
27.8991 21.251 19.6237 0 51200
27.9172 21.196 19.6747 0 51712
27.935 21.331 20.0932 0 52224
27.9429 21.39 20.0378 0 52736
27.9619 21.438 19.9929 0 53248
27.9814 21.572 20.4057 0 53760
27.9991 22.208 19.8213 0 54272
28.0076 22.236 19.7964 0 54784
28.0285 22.403 20.1659 0 55296
28.0484 22.537 20.046 0 55808
28.0643 22.691 19.9099 0 56320
28.0765 22.863 20.2668 0 56832
28.0972 23.001 20.1452 0 57344
28.1176 23.207 19.9664 0 57856
28.126 23.516 20.1966 0 58368
28.1472 23.667 20.0678 0 58880
28.1698 23.932 20.3296 0 59392
28.1904 24.192 20.1111 0 59904
28.1986 24.353 19.9782 0 60416
28.2214 24.577 20.2674 0 60928
28.2443 24.852 20.0431 0 61440
28.2661 25.073 19.8665 0 61952
28.2753 25.297 20.1485 0 62464
28.2986 25.476 20.0069 0 62976
28.3219 25.716 19.8202 0 63488
28.3402 25.139 20.7359 0 64000
28.3495 24.629 21.1653 0 64512
28.369 24.221 21.5218 0 65024
28.3889 23.991 22.211 0 65536
28.4524 23.34 11.4153 0 32768
28.4562 22.82 11.6754 0 33280
28.4757 22.451 12.3832 0 33792
28.4946 22.109 12.5748 0 34304
28.5143 21.883 13.234 0 34816
28.5182 21.702 13.3444 0 35328
28.5372 21.509 13.4641 0 35840
28.5568 21.403 14.072 0 36352
28.5758 24.168 12.4621 0 36864
28.5802 23.53 12.8 0 37376
28.5995 23.019 13.5874 0 37888
28.6192 22.693 13.7826 0 38400
28.6237 22.384 13.9728 0 38912
28.6434 22.185 14.6203 0 39424
28.6629 22.025 14.7265 0 39936
28.6828 21.994 14.7473 0 40448
28.7035 22.161 15.1589 0 40960
28.7086 22.247 15.1003 0 41472
28.729 22.315 15.0543 0 41984
28.7488 22.096 15.7277 0 42496
28.7536 21.921 15.8533 0 43008
28.7731 21.78 16.4878 0 43520
28.7924 21.716 16.5364 0 44032
28.8105 21.52 16.687 0 44544
28.8296 23.973 15.4627 0 45056
28.8356 23.422 15.8265 0 45568
28.8544 22.982 16.1295 0 46080
28.8734 22.629 16.893 0 46592
28.8792 22.347 17.1062 0 47104
28.898 22.073 17.3185 0 47616
28.9171 21.854 18.0221 0 48128
28.9354 21.775 18.0875 0 48640
28.9417 21.664 18.1802 0 49152
28.9609 21.609 18.7626 0 49664
28.9801 21.661 18.7175 0 50176
29.0003 21.798 19.1313 0 50688
29.0061 21.86 19.077 0 51200
29.0262 22.006 18.9505 0 51712
29.0469 22.171 19.3319 0 52224
29.0673 22.447 19.0942 0 52736
29.0738 22.62 18.9482 0 53248
29.095 22.806 19.3016 0 53760
29.1161 23.051 19.0964 0 54272
29.1366 23.247 18.9354 0 54784
29.1445 23.452 19.2639 0 55296
29.1666 23.712 19.0526 0 55808
29.1887 23.92 18.887 0 56320
29.2103 26.922 17.2112 0 56832
29.2185 26.633 17.398 0 57344
29.2411 26.401 17.5509 0 57856
29.2649 26.311 18.0512 0 58368
29.2721 26.336 18.034 0 58880
29.2954 26.308 18.4935 0 59392
29.319 26.333 18.476 0 59904
29.3379 25.44 19.1245 0 60416
29.3461 24.822 20.0674 0 60928
29.3644 24.231 20.5568 0 61440
29.3836 23.855 20.8808 0 61952
29.4475 23.28 10.9471 0 30720
29.4511 22.819 11.1682 0 31232
29.4702 22.403 11.3756 0 31744
29.4899 22.118 12.0459 0 32256
29.509 21.842 12.1982 0 32768
29.5136 21.669 12.2955 0 33280
29.5324 21.531 12.9124 0 33792
29.5512 21.372 13.0084 0 34304
29.5711 21.327 13.579 0 34816
29.5767 21.306 13.5924 0 35328
29.595 21.384 13.5428 0 35840
29.6145 21.303 14.1381 0 36352
29.6338 24.074 12.5108 0 36864
29.6384 23.537 12.7962 0 37376
29.6588 23.203 13.4796 0 37888
29.6788 22.984 13.6081 0 38400
29.699 22.809 13.7125 0 38912
29.7045 22.813 14.2179 0 39424
29.7242 22.672 14.3063 0 39936
29.7432 22.334 14.5228 0 40448
29.7625 22.159 15.1603 0 40960
29.7676 21.971 15.29 0 41472
29.7864 21.772 15.4297 0 41984
29.8059 21.613 16.0792 0 42496
29.8107 21.486 16.1743 0 43008
29.8305 21.481 16.7173 0 43520
29.8496 21.428 16.7586 0 44032
29.8684 21.338 16.8293 0 44544
29.8867 23.828 15.5568 0 45056
29.8927 23.258 15.9381 0 45568
