11.3023 120.4 44.5464 0 670208
11.3494 120.448 44.6249 0 670720
11.441 120.534 44.593 0 671232
11.5294 120.604 44.5671 0 671744
11.616 120.755 44.6073 0 672256
11.707 120.924 44.545 0 672768
11.7984 121.012 44.5126 0 673280
11.8817 120.168 44.9216 0 673792
11.9678 119.446 45.1932 0 674304
12.0548 118.964 45.4737 0 674816
12.142 118.626 45.6032 0 675328
12.2242 118.356 45.7073 0 675840
12.3112 118.14 45.8889 0 676352
12.3984 118.015 45.9375 0 676864
12.5472 106.764 25.3892 0 338432
12.5895 97.764 27.845 0 338944
12.6359 90.612 30.0428 0 339456
12.6825 84.938 32.0497 0 339968
12.7243 80.447 33.9829 0 340480
12.7712 76.902 35.5495 0 340992
12.8147 73.393 37.2491 0 341504
12.8594 70.682 38.8417 0 342016
12.9002 68.514 40.0708 0 342528
12.944 66.779 41.1118 0 343040
12.9889 65.487 42.0998 0 343552
13.031 64.454 42.7746 0 344064
13.0735 63.579 43.3632 0 344576
13.1184 62.975 43.9631 0 345088
13.1627 62.54 44.2689 0 345600
13.204 62.24 44.6684 0 346112
13.2489 62.048 44.8066 0 346624
13.2931 61.847 44.9522 0 347136
13.3374 61.83 45.1519 0 347648
13.4292 56.049 24.8012 0 173568
13.4537 51.424 27.257 0 174080
13.4782 47.723 29.3708 0 174592
13.5034 44.812 31.2788 0 175104
13.527 42.53 33.2294 0 175616
13.5534 40.753 34.6784 0 176128
13.5806 39.379 35.8884 0 176640
13.6075 38.28 37.2213 0 177152
13.6337 37.497 37.9986 0 177664
13.6577 36.871 38.9579 0 178176
13.6846 36.418 39.4425 0 178688
13.7123 36.103 39.7866 0 179200
13.7365 35.419 40.882 0 179712
13.7596 34.776 41.6379 0 180224
13.7841 34.309 42.2047 0 180736
13.8098 34.032 42.8886 0 181248
13.8336 33.858 43.109 0 181760
13.8569 33.623 43.4103 0 182272
13.8819 33.483 43.9378 0 182784
13.9072 33.419 44.0219 0 183296
13.9317 33.416 44.0259 0 183808
13.9552 33.462 44.3115 0 184320
13.9809 33.546 44.2006 0 184832
14.0059 33.566 44.1742 0 185344
14.0309 33.726 44.3081 0 185856
14.0542 33.806 44.2033 0 186368
14.0807 33.966 44.3361 0 186880
14.1064 34.142 44.1076 0 187392
14.129 34.283 43.9261 0 187904
14.1549 34.395 44.1199 0 188416
14.1809 34.485 44.0048 0 188928
14.2066 34.606 43.8509 0 189440
14.2297 34.75 44.0025 0 189952
14.2561 34.913 43.7971 0 190464
14.2837 35.092 43.5737 0 190976
14.3126 35.331 43.6068 0 191488
14.3376 35.426 43.4899 0 192000
14.3842 32.537 23.8537 0 95744
14.3959 30.225 25.6783 0 96256
14.4121 28.328 27.3979 0 96768
14.4293 26.858 29.3288 0 97280
14.4408 25.682 30.6718 0 97792
14.4571 24.775 31.7946 0 98304
14.4747 24.146 33.1026 0 98816
14.491 23.594 33.8771 0 99328
14.503 23.153 34.5224 0 99840
14.5203 22.848 35.4902 0 100352
14.5379 22.652 35.7973 0 100864
14.5557 22.592 36.4051 0 101376
14.5682 22.543 36.4842 0 101888
14.5857 22.552 36.4697 0 102400
14.604 22.56 36.9702 0 102912
14.622 22.614 36.8819 0 103424
14.634 22.657 36.8119 0 103936
14.6528 22.788 37.1087 0 104448
14.6713 22.94 36.8628 0 104960
14.6898 23.062 36.6678 0 105472
14.7035 23.16 37.0128 0 105984
14.7224 23.286 36.8125 0 106496
14.7386 22.825 37.556 0 107008
14.7548 22.551 38.526 0 107520
14.7678 22.285 38.9859 0 108032
14.7836 22.009 39.4748 0 108544
14.8002 21.885 40.2277 0 109056
14.8132 21.786 40.4105 0 109568
14.83 21.802 40.9122 0 110080
14.8471 21.864 40.7962 0 110592
14.8639 21.865 40.7943 0 111104
14.8783 21.913 41.2336 0 111616
14.8951 21.953 41.1585 0 112128
14.9127 22.032 41.0109 0 112640
14.9305 22.192 41.2372 0 113152
14.9444 22.319 41.0026 0 113664
14.9619 22.469 40.7288 0 114176
14.9797 22.59 41.0235 0 114688
14.9978 22.782 40.6777 0 115200
15.0112 22.888 40.4893 0 115712
15.03 23.068 40.6756 0 116224
15.0485 23.261 40.3381 0 116736
15.0631 23.415 40.0728 0 117248
15.0821 23.538 40.3555 0 117760
15.1011 23.685 40.105 0 118272
15.1208 23.899 40.2306 0 118784
15.1364 24.117 39.867 0 119296
15.1552 24.292 39.5798 0 119808
15.1749 24.433 39.8255 0 120320
15.1941 24.545 39.6438 0 120832
15.2085 24.634 39.5005 0 121344
15.2285 24.802 39.7 0 121856
15.2482 24.984 39.4108 0 122368
15.2681 25.178 39.1072 0 122880
15.2835 25.382 39.2492 0 123392
15.3042 25.496 39.0737 0 123904
15.3251 25.636 38.8604 0 124416
15.3808 24.704 20.1632 0 61952
15.389 23.959 21.2737 0 62464
15.4071 23.363 21.8164 0 62976
15.4247 22.886 22.2711 0 63488
15.4328 22.552 23.1146 0 64000
15.4509 22.286 23.3905 0 64512
15.4686 21.976 23.7204 0 65024
15.4866 21.776 24.4702 0 65536
15.4943 21.617 24.6502 0 66048
15.5122 21.441 24.8526 0 66560
15.53 21.348 25.5035 0 67072
15.5477 21.226 25.6501 0 67584
15.5563 21.177 26.2564 0 68096
15.5739 21.137 26.3061 0 68608
15.5913 21.057 26.406 0 69120
15.6092 21.041 26.9767 0 69632
15.6178 21.029 26.9921 0 70144
15.6349 20.97 27.068 0 70656
15.653 20.972 27.6178 0 71168
15.6694 22.622 25.6034 0 71680
15.6786 22.245 26.0373 0 72192
15.6967 22.039 26.8063 0 72704
15.7148 21.875 27.0073 0 73216
15.7234 21.744 27.17 0 73728
15.741 21.591 27.899 0 74240
15.7584 21.516 27.9963 0 74752
15.776 21.409 28.1362 0 75264
15.7856 21.371 28.7283 0 75776
15.803 21.292 28.8349 0 76288
15.8206 21.229 29.4661 0 76800
15.838 21.227 29.4689 0 77312
15.8471 21.225 29.4717 0 77824
15.8652 21.224 30.0188 0 78336
15.8826 21.175 30.0883 0 78848
15.8993 21.087 30.2139 0 79360
15.9093 21.066 30.7939 0 79872
15.9265 21.048 30.8202 0 80384
15.9436 21.034 30.8407 0 80896
15.961 21.119 31.2651 0 81408
15.9713 21.139 31.2355 0 81920
15.988 21.059 31.3542 0 82432
16.0056 21.043 31.9285 0 82944
16.0152 21.03 31.9483 0 83456
16.0323 21.019 31.965 0 83968
16.0499 21.059 32.4543 0 84480
16.0666 20.995 32.5533 0 84992
16.0777 20.991 33.1113 0 85504
16.0943 20.989 33.1145 0 86016
16.111 20.987 33.1176 0 86528
16.1286 21.033 33.596 0 87040
16.1387 21.07 33.537 0 87552
16.1558 21.004 33.6424 0 88064
16.1729 20.998 34.2036 0 88576
16.1898 21.042 34.1321 0 89088
16.2004 21.078 34.0738 0 89600
16.2184 21.188 34.4436 0 90112
16.2352 21.228 34.3787 0 90624
16.2511 21.308 34.2497 0 91136
16.2636 21.372 34.6891 0 91648
16.2816 21.471 34.5292 0 92160
16.2994 21.599 34.3246 0 92672
16.317 21.845 34.4683 0 93184
16.3679 21.624 27.8565 0 74752
16.384 21.494 28.0249 0 75264
16.4023 21.487 28.5732 0 75776
16.4115 21.337 28.7741 0 76288
16.4291 21.266 29.4148 0 76800
16.4464 21.256 29.4287 0 77312
16.4621 21.2 29.5064 0 77824
16.4737 21.204 30.0472 0 78336
16.4915 21.255 29.9751 0 78848
16.5083 21.185 30.0741 0 79360
16.5247 22.331 29.0495 0 79872
16.536 22.143 29.2961 0 80384
16.5538 22.04 29.433 0 80896
16.5723 22.054 29.9396 0 81408
16.5826 22.065 29.9247 0 81920
16.6001 22.026 29.9777 0 82432
16.6191 22.09 30.4152 0 82944
16.6374 22.19 30.2781 0 83456
16.6475 22.27 30.1694 0 83968
16.6669 22.43 30.4706 0 84480
16.6857 22.51 30.3623 0 84992
16.7054 22.67 30.659 0 85504
16.7155 22.75 30.5512 0 86016
16.7319 22.348 31.1008 0 86528
16.7493 22.074 32.0116 0 87040
16.7637 21.855 32.3324 0 87552
16.7767 21.679 32.5949 0 88064
16.7939 21.539 33.3445 0 88576
16.8105 21.427 33.5188 0 89088
16.8262 21.337 33.6602 0 89600
16.8385 21.265 34.3189 0 90112
16.8549 21.208 34.4112 0 90624
16.8711 21.114 34.5644 0 91136
16.8843 21.231 34.9195 0 91648
16.8997 21.18 35.0036 0 92160
16.9163 21.126 35.0931 0 92672
16.9332 21.096 35.6921 0 93184
16.9452 21.058 35.7565 0 93696
16.9618 21.124 36.1931 0 94208
16.9786 21.225 36.0209 0 94720
16.9957 21.354 35.8033 0 95232
17.0082 21.505 36.0906 0 95744
17.0255 21.578 35.9685 0 96256
17.043 21.684 35.7927 0 96768
17.0618 21.865 36.0262 0 97280
17.0733 22.01 35.7888 0 97792
17.0916 22.126 35.6012 0 98304
17.1101 22.315 35.8188 0 98816
17.1228 22.466 35.578 0 99328
17.1399 22.539 35.4628 0 99840
17.1589 22.693 35.7326 0 100352
17.1781 22.865 35.4638 0 100864
17.1911 23.098 35.6076 0 101376
17.2101 23.285 35.3216 0 101888
17.2293 23.386 35.1691 0 102400
17.2487 23.563 35.3965 0 102912
17.2617 23.705 35.1845 0 103424
17.2805 23.866 34.9471 0 103936
17.3009 24.092 35.1001 0 104448
17.3206 24.224 34.9089 0 104960
17.3728 24.041 31.3198 0 93696
17.3922 23.991 31.868 0 94208
17.4047 23.999 31.8573 0 94720
17.422 23.91 31.9759 0 95232
17.442 23.934 32.4278 0 95744
17.4622 24.002 32.336 0 96256
17.4744 24.056 32.2634 0 96768
17.4946 24.195 32.5568 0 97280
17.5143 24.258 32.4723 0 97792
17.534 24.309 32.4041 0 98304
17.5472 24.446 32.6964 0 98816
17.5665 24.555 32.5513 0 99328
17.5871 24.691 32.372 0 99840
17.6085 24.895 32.572 0 100352
17.6217 25.059 32.3588 0 100864
17.6422 25.19 32.6504 0 101376
17.6635 25.343 32.4533 0 101888
17.6847 25.513 32.2371 0 102400
17.6981 25.697 32.457 0 102912
17.7195 25.893 32.2113 0 103424
17.7359 25.04 33.3086 0 103936
17.7496 24.454 34.5805 0 104448
17.7657 23.937 35.3274 0 104960
17.7832 23.571 35.8759 0 105472
17.8015 23.375 36.6723 0 105984
17.8149 23.218 36.9203 0 106496
17.8325 23.14 37.0448 0 107008
17.8507 23.078 37.6462 0 107520
17.8683 23.077 37.6479 0 108032
17.8818 23.075 37.6511 0 108544
17.9 23.17 37.9967 0 109056
17.9185 23.295 37.7928 0 109568
17.9373 23.394 38.1281 0 110080
17.9512 23.473 37.9997 0 110592
17.9697 23.585 37.8193 0 111104
17.9899 23.77 38.0123 0 111616
18.0094 23.967 37.6998 0 112128
18.0238 24.124 37.4545 0 112640
18.043 24.25 37.7376 0 113152
18.0627 24.35 37.5826 0 113664
18.0817 24.527 37.3114 0 114176
18.0971 24.716 37.4947 0 114688
18.1163 24.868 37.2656 0 115200
18.1362 25.037 37.014 0 115712
18.1516 25.22 37.2048 0 116224
18.1709 25.319 37.0593 0 116736
18.1918 25.446 36.8743 0 117248
18.2134 25.644 37.0413 0 117760
18.2288 25.802 36.8145 0 118272
18.2497 26.025 36.9442 0 118784
18.2713 26.155 36.7605 0 119296
18.2927 26.307 36.5481 0 119808
18.3086 26.477 36.751 0 120320
18.3292 26.66 36.4987 0 120832
18.3818 25.476 19.0975 0 60416
18.3895 24.576 20.2682 0 60928
18.4074 23.857 20.8791 0 61440
18.425 23.233 21.4398 0 61952
18.4327 22.782 22.3728 0 62464
18.4508 22.421 22.733 0 62976
18.4681 22.084 23.0799 0 63488
18.4865 21.863 23.843 0 64000
18.4942 21.686 24.0376 0 64512
18.5118 21.496 24.2501 0 65024
18.5299 21.393 24.9083 0 65536
18.5477 21.262 25.0618 0 66048
18.5554 21.157 25.1862 0 66560
18.5738 21.121 25.7776 0 67072
18.5909 21.045 25.8707 0 67584
18.609 21.031 26.4387 0 68096
18.6176 21.021 26.4513 0 68608
18.6353 21.012 26.4626 0 69120
18.6531 21.005 27.0229 0 69632
18.6705 21 27.0293 0 70144
18.6791 20.995 27.0358 0 70656
18.6972 21.074 27.4841 0 71168
18.7149 21.089 27.4646 0 71680
18.7236 21.101 27.4489 0 72192
18.7414 21.076 28.0311 0 72704
18.7588 21.056 28.0578 0 73216
18.776 20.993 28.142 0 73728
18.7856 20.99 28.6979 0 74240
18.8027 20.987 28.702 0 74752
18.8206 21.034 28.6378 0 75264
18.8384 21.023 29.2038 0 75776
18.8475 21.014 29.2163 0 76288
18.8652 21.007 29.7775 0 76800
18.8823 21.001 29.786 0 77312
18.8997 21.044 29.7251 0 77824
18.9093 21.127 30.1567 0 78336
18.9266 21.097 30.1996 0 78848
18.9438 21.025 30.303 0 79360
18.9609 21.016 30.8671 0 79872
18.9705 21.008 30.8789 0 80384
18.9879 21.05 30.8173 0 80896
19.0058 21.036 31.3885 0 81408
19.0154 21.024 31.4064 0 81920
19.0325 20.967 31.4918 0 82432
19.0499 21.017 31.968 0 82944
19.067 21.009 31.9802 0 83456
19.0766 21.003 31.9893 0 83968
19.0947 21.046 32.4744 0 84480
19.1116 21.033 32.4945 0 84992
19.1287 21.022 33.0625 0 85504
19.1393 21.013 33.0767 0 86016
19.1561 21.04 33.0342 0 86528
19.1737 21.158 33.3975 0 87040
19.191 21.204 33.325 0 87552
19.2016 21.241 33.267 0 88064
19.2196 21.366 33.6145 0 88576
19.2378 21.515 33.3817 0 89088
19.2559 21.682 33.1246 0 89600
19.2669 21.863 33.3802 0 90112
19.2847 21.96 33.2328 0 90624
19.3032 22.086 33.0432 0 91136
19.322 23.581 31.4395 0 91648
19.3676 23.06 25.6194 0 72704
19.3772 22.644 26.0901 0 73216
19.3936 22.263 26.5366 0 73728
19.4112 22.006 27.3729 0 74240
19.429 21.848 27.5709 0 74752
19.4377 21.708 27.7487 0 75264
19.4555 21.562 28.4738 0 75776
19.4729 21.445 28.6291 0 76288
19.4909 21.434 29.1843 0 76800
19.5001 21.425 29.1965 0 77312
19.5178 21.465 29.1421 0 77824
19.5368 21.594 29.5045 0 78336
19.5551 21.649 29.4295 0 78848
19.5647 21.693 29.3698 0 79360
19.5832 21.824 29.7243 0 79872
19.6019 21.977 29.5174 0 80384
19.6197 22.1 29.3531 0 80896
19.631 22.294 29.6173 0 81408
19.6503 22.401 29.4758 0 81920
19.6692 22.535 29.3006 0 82432
19.6882 24.18 27.7863 0 82944
19.699 24.054 27.9318 0 83456
19.719 24.002 27.9923 0 83968
19.7364 23.397 29.2113 0 84480
19.7469 22.913 29.8283 0 84992
19.7645 22.622 30.7241 0 85504
19.7812 22.293 31.1775 0 86016
19.7981 21.982 31.6186 0 86528
19.8087 21.781 32.4422 0 87040
19.8257 21.655 32.631 0 87552
19.843 21.601 32.7126 0 88064
19.8611 21.655 33.1659 0 88576
19.8716 21.698 33.1002 0 89088
19.8894 21.684 33.1216 0 89600
19.9074 21.769 33.5244 0 90112
19.9235 21.885 33.3467 0 90624
19.9358 21.978 33.2056 0 91136
19.9553 22.148 33.4737 0 91648
19.9735 22.236 33.3412 0 92160
19.9851 22.307 33.2351 0 92672
20.0036 22.46 33.5245 0 93184
20.0228 22.632 33.2697 0 93696
20.0432 23.058 33.1574 0 94208
20.0543 23.398 32.6756 0 94720
20.0747 23.669 32.3015 0 95232
20.0968 24.174 32.1059 0 95744
20.1194 24.77 31.3334 0 96256
20.1314 25.248 30.7402 0 96768
20.1562 26.014 30.2803 0 97280
20.1824 27.011 29.1626 0 97792
20.2129 28.578 27.5636 0 98304
20.2249 29.88 26.7502 0 98816
20.2602 31.978 24.9952 0 99328
20.3033 35.099 22.7726 0 99840
20.3482 40.672 19.9371 0 100352
20.497 47.822 8.47811 0 50176
20.5743 56.618 7.36557 0 50688
20.6092 65.433 6.3733 0 51200
20.7089 74.936 5.56507 0 51712
20.8224 85.375 5.0203 0 52224
20.9353 93.726 4.57299 0 52736
20.974 100.31 4.27283 0 53248
21.0737 103.078 4.27047 0 53760
21.1797 106.831 4.12045 0 54272
21.2845 110.458 3.98515 0 54784
21.3345 113.456 3.98195 0 55296
21.7373 122.198 1.89594 0 27648
21.7851 122.223 1.89555 0 28160
21.8949 121.57 1.90573 0 28672
22.0009 121.192 2.00726 0 29184
22.0605 120.889 2.01229 0 29696
22.1422 120.599 2.01713 0 30208
22.2561 121.088 2.10465 0 30720
22.3592 120.95 2.10705 0 31232
22.419 120.84 2.10897 0 31744
22.6137 108.976 1.16928 0 15872
22.6159 99.582 1.39591 0 16384
22.6776 92.162 1.5083 0 16896
22.7396 86.322 1.74454 0 17408
22.7995 81.266 1.85308 0 17920
22.8019 77.221 1.95014 0 18432
22.8624 74.081 2.18917 0 18944
22.9223 71.521 2.26753 0 19456
22.9831 69.569 2.33115 0 19968
23.0444 68.2 2.5478 0 20480
23.0477 67.056 2.59127 0 20992
23.1085 66.142 2.62708 0 21504
23.1703 65.458 2.8315 0 22016
23.2325 65.007 2.85114 0 22528
23.2354 64.646 2.86706 0 23040
23.2986 64.55 3.05078 0 23552
23.3606 64.377 3.05898 0 24064
23.4889 58.278 1.78894 0 11776
23.4901 53.304 1.95588 0 12288
23.5233 49.42 2.10959 0 12800
23.5579 46.457 2.49349 0 13312
23.5906 44.039 2.6304 0 13824
23.5928 42.104 2.75128 0 14336
23.6276 40.748 3.12712 0 14848
23.6617 39.664 3.21259 0 15360
23.6956 38.845 3.28032 0 15872
23.7307 38.285 3.63087 0 16384
23.7334 37.79 3.67843 0 16896
23.7672 37.057 4.06379 0 17408
23.7999 36.47 4.1292 0 17920
23.8328 36.097 4.17187 0 18432
23.8674 35.991 4.50602 0 18944
23.9013 41.962 3.86483 0 19456
23.9049 40.635 3.99104 0 19968
23.9393 39.67 4.38014 0 20480
23.9742 38.945 4.46168 0 20992
24.0083 38.414 4.52335 0 21504
24.0124 38.037 4.87273 0 22016
24.0479 37.735 4.91173 0 22528
24.0833 37.638 4.92438 0 23040
24.1193 37.608 5.23633 0 23552
24.1234 37.536 5.24638 0 24064
24.1594 37.575 5.24093 0 24576
24.1964 37.654 5.53758 0 25088
24.2327 37.861 5.5073 0 25600
24.2371 38.075 5.78059 0 26112
24.2743 38.199 5.76183 0 26624
24.3116 38.345 5.73989 0 27136
24.4127 36.155 3.20398 0 13312
24.4142 34.259 3.3813 0 13824
24.4346 31.685 3.65599 0 14336
24.4562 29.722 4.28719 0 14848
24.4774 28.247 4.51106 0 15360
24.4793 27.068 4.70755 0 15872
24.5019 26.268 5.29191 0 16384
24.5235 25.532 5.44446 0 16896
24.5466 25.088 6.00255 0 17408
24.5692 24.829 6.06517 0 17920
24.5713 24.621 6.1164 0 18432
24.5951 24.599 6.59279 0 18944
24.6182 24.486 6.62321 0 19456
24.641 24.491 6.62186 0 19968
24.6651 24.688 7.03824 0 20480
24.668 24.797 7.0073 0 20992
24.6925 24.932 6.96936 0 21504
24.7172 25.088 7.38776 0 22016
24.7384 24.733 7.49379 0 22528
24.7425 24.448 7.58115 0 23040
24.765 24.365 8.08241 0 23552
24.7872 24.298 8.1047 0 24064
24.8095 24.245 8.12242 0 24576
24.8331 24.25 8.59843 0 25088
24.8369 24.303 8.57968 0 25600
24.8602 24.441 9.0052 0 26112
24.8847 24.647 8.92993 0 26624
24.9073 24.861 8.85306 0 27136
24.9128 25.079 9.23801 0 27648
24.9364 25.158 9.209 0 28160
24.9609 25.317 9.15116 0 28672
24.9857 25.637 9.48879 0 29184
24.9902 25.845 9.41242 0 29696
25.0152 26.107 9.31796 0 30208
25.0412 26.268 9.70184 0 30720
25.0664 26.542 9.60169 0 31232
25.071 26.713 9.54022 0 31744
25.0974 26.994 9.87005 0 32256
25.1243 27.314 9.75441 0 32768
25.1493 27.523 9.68034 0 33280
25.1556 27.69 10.0403 0 33792
25.1825 27.919 9.95795 0 34304
25.2104 28.247 10.2524 0 34816
25.2373 28.606 10.1238 0 35328
25.2433 28.844 10.0402 0 35840
25.2714 29.083 10.356 0 36352
25.2995 29.275 10.2881 0 36864
25.3269 29.572 10.1848 0 37376
25.4055 27.887 5.40008 0 18432
25.4082 26.553 6.10763 0 18944
25.4282 25.486 6.36334 0 19456
25.4482 24.585 6.59654 0 19968
25.4687 23.911 7.26695 0 20480
25.4711 23.373 7.43422 0 20992
25.4906 22.846 7.60571 0 21504
25.5111 22.568 8.21269 0 22016
25.5314 22.298 8.31214 0 22528
25.5338 22.082 8.39344 0 23040
25.5545 21.958 8.96839 0 23552
25.5743 21.762 9.04917 0 24064
25.5941 21.605 9.11493 0 24576
25.6141 21.624 9.64262 0 25088
25.6172 21.543 9.67887 0 25600
25.6374 21.56 10.2085 0 26112
25.6585 21.67 10.1567 0 26624
25.678 21.806 10.0934 0 27136
25.6828 21.914 10.5722 0 27648
25.7037 22.001 10.5304 0 28160
25.7232 21.783 10.6358 0 28672
25.743 21.622 11.2508 0 29184
25.7463 21.493 11.3183 0 29696
25.7659 21.342 11.3984 0 30208
25.7856 21.317 11.9552 0 30720
25.8057 21.345 11.9395 0 31232
25.809 21.368 11.9266 0 31744
25.8288 21.29 12.5144 0 32256
25.8483 21.276 12.5227 0 32768
25.8683 21.346 12.4816 0 33280
25.888 24.335 11.4245 0 33792
25.893 23.841 11.6613 0 34304
25.9139 23.495 12.326 0 34816
25.9341 23.266 12.4473 0 35328
25.9389 23.082 12.5466 0 35840
25.9601 23.08 13.0496 0 36352
25.9812 23.078 13.0507 0 36864
26.0029 23.173 12.9972 0 37376
26.0084 23.344 13.3982 0 37888
26.0298 23.434 13.3468 0 38400
26.0519 23.601 13.2523 0 38912
26.075 23.784 13.6374 0 39424
26.0802 23.929 13.5548 0 39936
26.1028 24.142 13.4352 0 40448
26.1264 24.36 13.7905 0 40960
26.1499 24.631 13.6387 0 41472
26.1552 24.847 13.5202 0 41984
26.1788 25.069 13.8625 0 42496
26.2033 25.342 13.7132 0 43008
26.2283 25.609 14.0226 0 43520
26.2336 25.822 13.9069 0 44032
26.2581 26.089 13.7646 0 44544
26.2836 26.35 14.0679 0 45056
26.309 26.655 13.9069 0 45568
26.315 26.852 13.8049 0 46080
26.384 26.336 7.03767 0 23040
26.3874 25.971 7.58261 0 23552
26.4069 25.02 7.87082 0 24064
26.4267 24.212 8.13349 0 24576
26.4467 23.613 8.83039 0 25088
26.4496 23.086 9.03197 0 25600
26.4698 22.665 9.71083 0 26112
26.4894 22.375 9.83669 0 26624
26.5092 22.096 9.9609 0 27136
26.5125 21.92 10.5693 0 27648
26.5321 21.732 10.6608 0 28160
26.5514 21.533 10.7593 0 28672
26.5714 21.47 11.3304 0 29184
26.5752 21.42 11.3569 0 29696
26.5945 21.331 11.4042 0 30208
26.6141 21.261 11.9866 0 30720
26.634 21.286 11.9726 0 31232
26.6378 21.307 11.9608 0 31744
26.658 21.323 12.4951 0 32256
26.6782 21.432 12.4315 0 32768
26.6984 21.519 12.3812 0 33280
26.7191 24.809 11.2063 0 33792
26.7232 24.317 11.433 0 34304
26.7429 23.65 12.2452 0 34816
26.7625 23.163 12.5027 0 35328
26.7668 22.822 12.6895 0 35840
26.7859 22.454 13.4134 0 36352
26.8049 22.158 13.5926 0 36864
26.8237 21.874 13.769 0 37376
26.8435 21.695 14.4166 0 37888
26.8478 21.552 14.5122 0 38400
26.8664 21.389 14.6228 0 38912
26.8859 21.307 15.2228 0 39424
26.8917 21.289 15.2357 0 39936
26.9102 21.309 15.2214 0 40448
26.9299 21.325 15.7532 0 40960
26.9496 21.433 15.6738 0 41472
26.9549 21.52 15.6104 0 41984
26.9751 21.638 16.0606 0 42496
26.9953 21.828 15.9208 0 43008
27.0164 22.029 16.3014 0 43520
27.0227 22.285 16.1142 0 44032
27.0429 22.49 15.9673 0 44544
27.0645 22.702 16.3284 0 45056
27.0861 22.968 16.1393 0 45568
27.0919 23.181 15.991 0 46080
27.114 23.399 16.3371 0 46592
27.1361 23.67 16.1501 0 47104
27.1587 23.886 16.004 0 47616
27.1657 24.156 16.3047 0 48128
27.1878 24.371 16.1608 0 48640
27.2106 24.544 16.0469 0 49152
27.2344 24.826 16.3313 0 49664
27.2407 25.051 16.1846 0 50176
27.2647 25.376 16.4338 0 50688
27.2887 25.636 16.2671 0 51200
27.313 25.892 16.1063 0 51712
27.3202 26.096 16.4243 0 52224
27.386 25.587 8.60187 0 26112
27.3894 25.132 8.7576 0 26624
27.4087 24.301 9.05708 0 27136
27.4282 23.685 9.78172 0 27648
27.4475 26.089 8.88037 0 28160
27.4521 25.163 9.20717 0 28672
27.4719 24.374 9.98047 0 29184
27.4907 23.695 10.2665 0 29696
27.51 23.152 10.5073 0 30208
27.5148 22.765 11.1947 0 30720
27.5346 22.504 11.3246 0 31232
27.5534 22.151 11.505 0 31744
27.5734 22.012 12.1039 0 32256
27.5782 21.901 12.1653 0 32768
27.597 21.717 12.2684 0 33280
27.6163 21.617 12.861 0 33792
27.6344 21.475 12.946 0 34304
27.6414 21.52 13.4572 0 34816
27.6597 21.445 13.5043 0 35328
27.6791 21.482 13.4811 0 35840
27.6998 21.8 13.8158 0 36352
27.7053 21.958 13.7164 0 36864
27.7243 21.844 13.788 0 37376
27.7431 21.671 14.4326 0 37888
27.7624 21.628 14.4613 0 38400
27.7677 21.546 14.5163 0 38912
27.7872 21.481 15.0995 0 39424
27.8058 21.38 15.1708 0 39936
27.8244 21.3 15.2278 0 40448
27.8311 21.283 15.7842 0 40960
27.8495 21.27 15.7939 0 41472
27.8678 21.212 15.8371 0 41984
27.8873 21.261 16.3454 0 42496
27.8929 21.253 16.3516 0 43008
27.9119 21.198 16.9405 0 43520
27.9307 21.236 16.9102 0 44032
27.9376 21.266 16.8863 0 44544
27.9571 21.483 17.2549 0 45056
27.9758 21.512 17.2317 0 45568
27.9948 21.583 17.175 0 46080
28.0032 21.833 17.5089 0 46592
28.022 22.08 17.313 0 47104
28.0422 22.23 17.1962 0 47616
28.0633 22.494 17.5094 0 48128
28.0705 22.706 17.3459 0 48640
28.0905 22.827 17.254 0 49152
28.1119 23.019 17.6133 0 49664
28.133 23.27 17.4233 0 50176
28.1424 23.615 17.6593 0 50688
28.1623 23.89 17.456 0 51200
28.1844 24.063 17.3305 0 51712
28.207 24.297 17.6404 0 52224
28.2154 24.58 17.4373 0 52736
28.2368 24.807 17.2777 0 53248
28.2606 25.18 17.4818 0 53760
28.2832 25.527 17.2442 0 54272
28.2914 25.661 17.1541 0 54784
28.3147 25.864 17.4674 0 55296
28.382 25.209 9.19037 0 27648
28.3868 24.829 9.33102 0 28160
28.405 24.093 9.61607 0 28672
28.4251 23.518 10.3437 0 29184
28.4453 23.106 10.5282 0 29696
28.4488 22.632 10.7487 0 30208
28.4682 22.302 11.4271 0 30720
28.4878 22.037 11.5646 0 31232
28.5073 21.825 11.6769 0 31744
28.5117 21.656 12.3029 0 32256
28.5314 21.616 12.3257 0 32768
28.5507 21.489 12.3985 0 33280
28.5702 21.435 12.9702 0 33792
28.5741 21.343 13.0261 0 34304
28.5941 21.318 13.5848 0 34816
28.6136 21.298 13.5975 0 35328
28.6324 21.316 13.586 0 35840
28.6377 21.379 14.0878 0 36352
28.6569 21.332 14.1189 0 36864
28.6766 21.392 14.0793 0 37376
28.6977 21.583 14.4914 0 37888
28.7021 21.736 14.3894 0 38400
28.7232 21.955 14.2459 0 38912
28.7423 21.76 14.9059 0 39424
28.7606 21.603 15.0142 0 39936
28.7659 21.43 15.1354 0 40448
28.7854 21.388 15.7068 0 40960
28.8042 21.306 15.7672 0 41472
28.8095 21.24 15.8162 0 41984
28.8288 21.236 16.3647 0 42496
28.8476 21.232 16.3677 0 43008
28.8669 21.182 16.9533 0 43520
28.8846 21.141 16.9861 0 44032
28.891 21.108 17.0127 0 44544
28.9103 21.13 17.5432 0 45056
28.9292 21.148 17.5283 0 45568
28.9352 21.21 17.477 0 46080
28.9541 21.246 17.9927 0 46592
28.9731 21.322 17.9285 0 47104
28.9931 21.48 17.7966 0 47616
29.0118 24.009 16.4045 0 48128
29.0193 23.677 16.6345 0 48640
29.0392 23.411 16.8235 0 49152
29.0601 23.343 17.3688 0 49664
29.0664 23.288 17.4098 0 50176
29.0875 23.389 17.8299 0 50688
29.1087 23.469 17.7691 0 51200
29.1301 23.534 17.7201 0 51712
29.1373 23.633 18.136 0 52224
29.1587 23.809 18.0019 0 52736
29.181 24.046 17.8245 0 53248
29.2034 24.331 18.0918 0 53760
29.2111 24.608 17.8882 0 54272
29.2329 24.733 17.7978 0 54784
29.2565 24.929 18.1225 0 55296
29.2776 25.23 17.9063 0 55808
29.2863 25.423 17.7704 0 56320
29.3103 25.625 18.0823 0 56832
29.3762 25.018 9.26053 0 28160
29.3793 24.532 9.44399 0 28672
29.4011 24.192 10.0556 0 29184
29.4207 23.597 10.3091 0 29696
29.4395 23.073 10.5432 0 30208
29.4441 22.654 11.2496 0 30720
29.4631 22.319 11.4184 0 31232
29.4829 22.099 11.5321 0 31744
29.5034 22.019 12.1001 0 32256
29.5072 21.955 12.1354 0 32768
29.5263 21.712 12.2712 0 33280
29.5461 21.613 12.8634 0 33792
29.5658 21.534 12.9106 0 34304
29.5702 21.519 13.4579 0 34816
29.59 21.507 13.4654 0 35328
29.609 21.353 13.5625 0 35840
29.6283 21.374 14.0911 0 36352
29.6326 21.343 14.1116 0 36864
29.6526 21.352 14.1057 0 37376
29.673 21.503 14.5453 0 37888
29.6925 21.721 14.3993 0 38400
29.6978 21.798 14.3485 0 38912
29.7179 21.86 14.8377 0 39424
29.737 21.684 14.9581 0 39936
29.7553 21.495 15.0896 0 40448
29.7611 21.391 15.7045 0 40960
29.7799 21.309 15.765 0 41472
29.7987 21.243 15.814 0 41984
29.8183 21.286 16.3262 0 42496
29.8233 21.272 16.337 0 43008
29.8426 21.213 16.9285 0 43520
29.8614 21.166 16.9661 0 44032
29.8798 21.129 16.9958 0 44544
29.886 21.147 17.5291 0 45056
29.9048 21.161 17.5175 0 45568
29.9232 21.076 17.5882 0 46080
29.9422 21.153 18.0718 0 46592
29.9477 21.118 18.1017 0 47104
29.9666 21.09 18.1257 0 47616
29.9859 21.116 18.652 0 48128
29.9916 21.136 18.6344 0 48640
30.01 21.058 18.7034 0 49152
30.029 21.09 19.2243 0 49664
30.0474 21.068 19.2444 0 50176
30.0538 21.098 19.766 0 50688
30.0724 21.123 19.7427 0 51200
30.091 21.093 19.7707 0 51712
30.1098 21.07 20.3421 0 52224
30.1161 21.052 20.3595 0 52736
30.1344 21.037 20.374 0 53248
30.1532 21.073 20.8889 0 53760
30.172 21.102 20.8602 0 54272
30.1783 21.125 20.8375 0 54784
30.1971 21.096 21.4152 0 55296
30.2154 21.072 21.4396 0 55808
30.2326 21.054 21.458 0 56320
30.2405 21.086 21.9748 0 56832
30.2593 21.113 21.9467 0 57344
30.2772 21.038 22.0249 0 57856
30.295 21.122 22.4857 0 58368
30.3027 21.093 22.5167 0 58880
30.3208 21.118 23.0385 0 59392
30.3806 21.09 11.5346 0 29696
30.384 21.02 11.573 0 30208
30.4035 21.011 12.1293 0 30720
30.4231 21.005 12.1327 0 31232
30.4423 20.951 12.164 0 31744
30.4467 20.957 12.7133 0 32256
30.466 20.961 12.7108 0 32768
30.485 20.916 12.7382 0 33280
30.5046 20.929 13.2838 0 33792
30.5084 20.939 13.2774 0 34304
30.5282 20.946 13.826 0 34816
30.547 20.953 13.8214 0 35328
30.5661 20.91 13.8498 0 35840
30.5709 20.923 14.3949 0 36352
30.5899 20.934 14.3873 0 36864
30.6087 20.895 14.4142 0 37376
30.628 20.912 14.9564 0 37888
30.6328 20.925 14.9471 0 38400
30.6514 20.887 14.9743 0 38912
30.6709 20.906 15.5148 0 39424
30.6898 20.872 15.5401 0 39936
30.6946 20.845 15.5602 0 40448
30.7139 20.872 16.0951 0 40960
30.7324 20.845 16.1159 0 41472
30.7372 20.824 16.1322 0 41984
30.7568 20.854 16.6644 0 42496
30.7754 20.879 16.6445 0 43008
30.7947 20.899 17.1828 0 43520
30.8135 20.915 17.1697 0 44032
30.8188 20.927 17.1598 0 44544
30.8378 20.938 17.7041 0 45056
30.8564 20.946 17.6973 0 45568
30.8617 20.952 17.6922 0 46080
30.8805 20.957 18.2408 0 46592
30.8993 20.961 18.2373 0 47104
30.9181 20.963 18.2356 0 47616
30.9372 23.574 16.7072 0 48128
30.9425 23.055 17.0833 0 48640
30.9615 22.639 17.3972 0 49152
30.9806 22.355 18.1364 0 49664
30.9863 22.128 18.3225 0 50176
31.0056 21.946 19.0023 0 50688
31.024 21.8 19.1295 0 51200
31.0423 21.588 19.3174 0 51712
31.049 21.466 19.9668 0 52224
31.0674 21.368 20.0584 0 52736
31.0857 21.29 20.1319 0 53248
31.1045 21.276 20.6896 0 53760
31.1108 21.264 20.7013 0 54272
31.1291 21.159 20.804 0 54784
31.1474 21.123 21.3879 0 55296
31.1655 21.094 21.4173 0 55808
31.1725 21.071 21.4407 0 56320
31.1913 21.1 21.9602 0 56832
31.2094 21.076 21.9852 0 57344
31.2161 21.056 22.0061 0 57856
31.235 21.041 22.5723 0 58368
31.2531 21.076 22.5348 0 58880
31.2719 21.105 23.0527 0 59392
31.2895 23.208 20.9638 0 59904
31.2972 22.762 21.3746 0 60416
31.3155 22.405 22.2322 0 60928
31.3753 22.12 17.2817 0 46592
31.3806 21.892 17.4617 0 47104
31.3992 21.661 17.6479 0 47616
31.4182 21.524 18.2985 0 48128
31.4242 21.415 18.3916 0 48640
31.4423 21.28 18.5083 0 49152
31.4612 21.219 19.1074 0 49664
31.4793 21.123 19.1942 0 50176
31.4862 21.142 19.7249 0 50688
31.5041 21.109 19.7557 0 51200
31.5224 21.035 19.8252 0 51712
31.5412 21.024 20.3866 0 52224
31.5475 21.014 20.3963 0 52736
31.5658 21.007 20.4031 0 53248
31.5846 21.035 20.9266 0 53760
31.6029 21.072 20.8899 0 54272
31.6096 21.101 20.8612 0 54784
31.6286 21.207 21.3032 0 55296
31.6473 21.243 21.2671 0 55808
31.6661 21.368 21.1426 0 56320
31.6735 21.468 21.5838 0 56832
31.6928 21.596 21.4558 0 57344
31.7127 21.747 21.3068 0 57856
31.7306 21.689 21.8979 0 58368
31.7378 21.547 22.0422 0 58880
31.7564 21.433 22.6999 0 59392
31.7744 21.342 22.7967 0 59904
31.7824 21.317 22.8235 0 60416
31.8002 21.298 23.3877 0 60928
31.8183 21.282 23.4053 0 61440
31.8361 21.207 23.4881 0 61952
31.8448 21.195 24.0479 0 62464
31.8623 21.234 24.0038 0 62976
31.8811 21.313 23.9148 0 63488
31.9005 21.472 24.2772 0 64000
31.9087 21.599 24.1345 0 64512
31.927 21.653 24.0743 0 65024
31.9464 21.792 24.4523 0 65536
31.9656 21.952 24.2741 0 66048
31.9741 22.079 24.1344 0 66560
31.9938 22.278 24.4388 0 67072
32.0135 22.388 24.3187 0 67584
32.0339 22.765 24.4249 0 68096
32.0423 22.922 24.2576 0 68608
32.0623 23.048 24.125 0 69120
32.0832 23.245 24.4188 0 69632
32.0921 23.45 24.2054 0 70144
32.112 23.518 24.1354 0 70656
32.1334 23.669 24.4708 0 71168
32.1541 23.838 24.2973 0 71680
32.1632 23.972 24.1615 0 72192
32.1846 24.177 24.4358 0 72704
32.2057 24.292 24.3201 0 73216
32.2274 24.384 24.2283 0 73728
32.237 24.506 24.5804 0 74240
32.2579 24.651 24.4358 0 74752
32.28 24.816 24.2734 0 75264
32.3028 25.043 24.5159 0 75776
32.3124 25.225 24.339 0 76288
32.3708 24.328 12.8563 0 38400
32.3766 23.658 13.2204 0 38912
32.3959 23.17 13.9988 0 39424
32.4135 22.732 14.2685 0 39936
32.4322 22.381 14.4923 0 40448
32.439 22.196 15.135 0 40960
32.4576 21.953 15.3025 0 41472
32.4761 21.806 15.4057 0 41984
32.4953 21.674 16.034 0 42496
32.5016 21.617 16.0762 0 43008
32.5206 21.619 16.6106 0 43520
32.5398 21.669 16.5722 0 44032
32.5597 21.757 16.5052 0 44544
32.5665 21.924 16.9079 0 45056
32.5857 21.961 16.8794 0 45568
32.6056 22.038 16.8204 0 46080
32.6263 22.197 17.2218 0 46592
32.633 22.323 17.1246 0 47104
32.653 22.473 17.0103 0 47616
32.6736 22.592 17.4334 0 48128
32.6943 22.736 17.323 0 48640
32.701 22.899 17.1997 0 49152
32.7224 23.077 17.569 0 49664
32.741 22.706 17.8561 0 50176
32.7565 22.456 18.5707 0 50688
32.7663 22.161 18.8179 0 51200
32.7851 21.972 18.9798 0 51712
32.8032 21.821 19.642 0 52224
32.8184 21.749 19.707 0 52736
32.8283 21.595 19.8476 0 53248
32.8476 21.519 20.456 0 53760
32.8654 21.459 20.5132 0 54272
32.8804 21.363 20.6053 0 54784
32.8915 21.382 21.1288 0 55296
32.9098 21.397 21.114 0 55808
32.9276 21.314 21.1962 0 56320
32.9424 22.703 20.4096 0 56832
32.9537 22.406 20.6802 0 57344
32.9715 22.168 20.9022 0 57856
32.9899 21.93 21.6573 0 58368
32.9976 21.74 21.8466 0 58880
33.0164 21.635 22.488 0 59392
33.0333 21.504 22.625 0 59904
33.0511 21.399 22.736 0 60416
33.06 21.363 23.3166 0 60928
33.0786 21.334 23.3483 0 61440
33.0952 21.215 23.4792 0 61952
33.1131 21.312 23.9159 0 62464
33.122 21.245 23.9913 0 62976
33.1396 21.191 24.0525 0 63488
33.1572 21.197 24.5922 0 64000
33.1707 21.153 24.6433 0 64512
33.1835 21.07 24.7404 0 65024
33.2016 21.052 25.3118 0 65536
33.2189 21.085 25.2722 0 66048
33.2278 21.112 25.2399 0 66560
33.2466 21.215 25.6634 0 67072
33.2641 21.298 25.5633 0 67584
33.2824 21.412 25.9682 0 68096
33.2918 21.551 25.8008 0 68608
33.3103 21.663 25.6674 0 69120
33.372 21.478 12.9442 0 34304
33.3819 21.474 13.4861 0 34816
33.3956 21.375 13.5485 0 35328
33.4142 21.247 13.6302 0 35840
33.4337 22.169 13.5858 0 36352
33.4438 22.844 13.1844 0 36864
33.4569 22.423 13.4319 0 37376
33.4767 22.134 14.1307 0 37888
33.4916 21.999 14.2174 0 38400
33.5063 21.795 14.3504 0 38912
33.5191 21.631 14.9948 0 39424
33.5381 21.501 15.0854 0 39936
33.5538 21.444 15.1255 0 40448
33.569 21.447 15.6635 0 40960
33.5811 21.353 15.7325 0 41472
33.5996 21.23 15.8236 0 41984
33.6192 21.723 15.9978 0 42496
33.6259 21.574 16.1083 0 43008
33.6433 21.455 16.7375 0 43520
33.6621 21.359 16.8128 0 44032
33.6789 21.331 16.8348 0 44544
33.6934 22.27 16.6452 0 45056
33.7054 22.011 16.841 0 45568
33.7238 21.757 17.0376 0 46080
33.7411 21.649 17.6577 0 46592
33.7491 21.515 17.7677 0 47104
33.7669 21.359 17.8975 0 47616
33.786 21.283 18.5057 0 48128
33.8029 21.27 18.517 0 48640
33.8109 21.164 18.6097 0 49152
33.8289 21.127 19.1906 0 49664
33.847 21.049 19.2617 0 50176
33.8651 21.179 19.6904 0 50688
33.8726 21.297 19.5813 0 51200
33.8904 21.233 19.6404 0 51712
33.9097 21.278 20.1432 0 52224
33.9271 21.314 20.1092 0 52736
33.9343 21.247 20.1726 0 53248
33.9531 21.241 20.7237 0 53760
33.9719 21.237 20.7276 0 54272
33.984 21.137 20.8257 0 54784
33.9972 21.153 21.3575 0 55296
34.0158 21.166 21.3444 0 55808
34.0334 21.081 21.4305 0 56320
34.0457 21.252 21.8031 0 56832
34.0592 21.197 21.8597 0 57344
34.0773 21.154 21.9041 0 57856
34.0958 21.167 22.4379 0 58368
34.1069 21.163 22.4422 0 58880
34.1209 21.126 23.0298 0 59392
34.1392 21.096 23.0626 0 59904
34.1571 21.073 23.0877 0 60416
34.1653 21.15 23.5514 0 60928
34.1831 21.164 23.5358 0 61440
34.2007 21.078 23.6318 0 61952
34.2191 21.154 24.0945 0 62464
34.2265 21.119 24.1345 0 62976
34.2448 21.125 24.1276 0 63488
34.2638 21.226 24.5586 0 64000
34.2804 21.306 24.4663 0 64512
34.2897 21.322 24.448 0 65024
34.3087 21.432 24.863 0 65536
34.3714 21.341 13.5701 0 35328
34.3796 21.268 13.6167 0 35840
34.3948 21.21 14.2001 0 36352
34.4138 21.164 14.231 0 36864
34.4278 21.127 14.2559 0 37376
34.443 21.193 14.7581 0 37888
34.4568 21.15 14.7881 0 38400
34.4753 21.068 14.8456 0 38912
34.4949 21.977 14.7587 0 39424
34.5042 21.825 14.8615 0 39936
34.5185 21.608 15.0107 0 40448
34.5378 21.482 15.638 0 40960
34.5529 21.429 15.6767 0 41472
34.5626 21.291 15.7783 0 41984
34.5814 21.373 16.2598 0 42496
34.599 21.246 16.357 0 43008
34.6161 21.336 16.8309 0 43520
34.6292 21.361 16.8112 0 44032
34.6424 21.27 16.8831 0 44544
34.6617 21.26 17.4359 0 45056
34.6781 21.251 17.4433 0 45568
34.687 21.197 17.4878 0 46080
34.7056 21.249 17.9901 0 46592
34.7239 21.195 18.036 0 47104
34.7398 21.152 18.0726 0 47616
34.7531 21.838 18.0354 0 48128
34.7673 21.666 18.1785 0 48640
34.7856 21.48 18.3359 0 49152
34.8023 21.476 18.8787 0 49664
34.8109 21.424 18.9246 0 50176
34.8293 21.335 19.5465 0 50688
34.8474 21.264 19.6117 0 51200
34.8603 21.255 19.62 0 51712
34.8736 21.247 20.1726 0 52224
34.8908 21.194 20.2231 0 52736
34.9088 21.102 20.3113 0 53248
34.9228 21.174 20.7893 0 53760
34.9346 21.183 20.7804 0 54272
34.9527 21.224 20.7403 0 54784
34.9715 21.175 21.3353 0 55296
34.9833 21.231 21.2791 0 55808
34.9968 21.229 21.2811 0 56320
35.0155 21.309 21.7448 0 56832
35.0345 21.421 21.6311 0 57344
35.047 21.51 21.5416 0 57856
35.0614 21.63 21.9577 0 58368
35.0804 21.726 21.8606 0 58880
35.1001 21.947 22.1683 0 59392
35.1126 22.796 21.3427 0 59904
35.1273 22.803 21.3361 0 60416
35.1475 22.808 21.8394 0 60928
35.1669 22.957 21.6976 0 61440
35.1758 23.028 21.6307 0 61952
35.196 23.18 21.9886 0 62464
35.2162 23.302 21.8735 0 62976
35.2318 23.4 21.7819 0 63488
35.2462 23.526 22.1576 0 64000
35.2659 23.627 22.0629 0 64512
35.2871 23.756 21.9431 0 65024
35.3032 23.956 22.2434 0 65536
35.3171 24.115 22.0968 0 66048
35.3755 23.44 13.8375 0 39936
35.3817 22.947 14.1348 0 40448
35.3998 22.601 14.8638 0 40960
35.4188 22.311 15.057 0 41472
35.4318 22.078 15.2159 0 41984
35.4486 22.709 15.3032 0 42496
35.4628 22.445 15.4832 0 43008
35.482 22.33 16.0817 0 43520
35.4962 22.334 16.0788 0 44032
35.5089 22.289 16.1113 0 44544
35.5279 22.253 16.6579 0 45056
35.5474 22.272 16.6437 0 45568
35.5623 22.336 16.596 0 46080
35.5758 22.482 17.0035 0 46592
35.5952 22.6 16.9147 0 47104
35.6149 22.646 16.8803 0 47616
35.6303 22.827 17.254 0 48128
35.6435 22.972 17.145 0 48640
35.6637 23.088 17.0589 0 49152
35.6851 23.276 17.4188 0 49664
35.7 23.427 17.3065 0 50176
35.7137 23.548 17.7095 0 50688
35.732 23.034 18.1047 0 51200
35.7501 22.623 18.4336 0 51712
35.7648 22.438 19.1019 0 52224
35.7759 22.194 19.3119 0 52736
35.794 21.903 19.5685 0 53248
35.8121 21.718 20.2685 0 53760
35.8268 21.906 20.0946 0 54272
35.8381 21.755 20.2341 0 54784
35.8566 21.729 20.7914 0 55296
35.8748 21.661 20.8567 0 55808
35.8885 21.703 20.8163 0 56320
35.902 21.784 21.2707 0 56832
35.9205 21.849 21.2074 0 57344
35.9363 21.949 21.1108 0 57856
35.9544 22.125 21.4664 0 58368
35.9671 22.17 21.4228 0 58880
35.9875 22.398 21.7219 0 59392
36.0034 22.533 21.5918 0 59904
36.0156 22.64 21.4898 0 60416
36.0358 22.822 21.826 0 60928
36.0555 22.92 21.7326 0 61440
36.0724 22.998 21.6589 0 61952
36.0853 23.253 21.9196 0 62464
36.1053 23.409 21.7735 0 62976
36.1257 23.581 21.6147 0 63488
36.1435 23.767 21.9329 0 64000
36.156 23.868 21.8401 0 64512
36.1769 23.997 21.7227 0 65024
36.1985 24.196 22.0228 0 65536
36.2161 24.356 21.8781 0 66048
36.2295 24.531 21.7221 0 66560
36.2516 24.671 22.0683 0 67072
36.2723 24.832 21.9253 0 67584
36.2887 25.969 21.4114 0 68096
36.305 26.014 21.3743 0 68608
36.3273 26.002 21.3842 0 69120
36.3799 24.949 11.1434 0 34304
36.3893 24.155 11.9892 0 34816
36.4084 23.568 12.2878 0 35328
36.423 23.084 12.5455 0 35840
36.4425 24.715 12.1863 0 36352
36.4519 24.05 12.5232 0 36864
36.4709 23.517 12.8071 0 37376
36.491 23.236 13.4605 0 37888
36.4968 23.01 13.5927 0 38400
36.5168 22.83 13.6999 0 38912
36.5365 22.686 14.2975 0 39424
36.553 22.715 14.2792 0 39936
36.5627 22.69 14.2949 0 40448
36.5833 22.718 14.7872 0 40960
36.6038 22.788 14.7418 0 41472
36.6201 22.797 14.736 0 41984
36.6408 24.822 14.0005 0 42496
36.6516 24.568 14.1452 0 43008
36.6732 24.412 14.7101 0 43520
36.6908 24.336 14.7561 0 44032
36.7011 24.275 14.7932 0 44544
36.723 24.275 15.2704 0 45056
36.741 23.615 15.6971 0 45568
36.7548 23.088 16.0554 0 46080
36.7664 22.714 16.8298 0 46592
36.7849 22.511 16.9816 0 47104
36.8033 22.204 17.2164 0 47616
36.8178 22.007 17.8969 0 48128
36.8288 21.849 18.0263 0 48640
36.8471 21.675 18.171 0 49152
36.8662 21.68 18.7011 0 49664
36.8788 21.54 18.8227 0 50176
36.8913 21.427 19.4625 0 50688
36.9096 21.434 19.4562 0 51200
36.9275 21.342 19.5401 0 51712
36.9412 21.366 20.0603 0 52224
36.954 21.384 20.0434 0 52736
36.9716 21.255 20.165 0 53248
36.9897 21.392 20.5774 0 53760
37.0027 21.501 20.4731 0 54272
37.0159 21.445 20.5266 0 54784
37.0345 21.399 21.112 0 55296
37.0512 21.363 21.1476 0 55808
37.0598 21.286 21.2241 0 56320
37.0784 21.225 21.8309 0 56832
37.0965 21.175 21.8824 0 57344
37.1086 21.136 21.9228 0 57856
37.1223 21.152 22.4539 0 58368
37.1408 21.166 22.439 0 58880
37.1582 21.176 22.9754 0 59392
37.1708 21.233 22.9138 0 59904
37.1845 21.23 22.917 0 60416
37.2031 21.228 23.4649 0 60928
37.2209 21.322 23.3614 0 61440
37.2322 21.287 23.3998 0 61952
37.2473 21.259 23.9755 0 62464
37.2651 21.333 23.8924 0 62976
37.2832 21.392 23.8265 0 63488
37.2961 21.535 24.2062 0 64000
37.3113 21.65 24.0776 0 64512
37.3723 21.516 12.383 0 32256
37.3795 21.456 12.4176 0 32768
37.3961 21.361 12.4728 0 33280
37.415 21.284 13.0622 0 33792
37.4234 21.271 13.0702 0 34304
37.4429 21.26 13.6218 0 34816
37.4586 21.3 13.5962 0 35328
37.4765 21.188 13.6681 0 35840
37.4958 23.082 13.0484 0 36352
37.5051 22.758 13.2342 0 36864
37.5206 22.402 13.4445 0 37376
37.5384 22.117 14.1415 0 37888
37.549 21.985 14.2264 0 38400
37.5669 21.832 14.3261 0 38912
37.5852 22.094 14.6805 0 39424
37.6004 21.871 14.8302 0 39936
37.6115 21.74 14.9196 0 40448
37.6303 21.636 15.5267 0 40960
37.645 21.504 15.622 0 41472
37.6628 21.447 15.6635 0 41984
37.6823 22.987 15.1181 0 42496
37.6918 22.586 15.3865 0 43008
37.7075 22.36 16.0601 0 43520
37.7255 22.084 16.2608 0 44032
37.7354 21.863 16.4252 0 44544
37.7549 21.83 16.9807 0 45056
37.769 21.77 17.0275 0 45568
37.7867 21.563 17.1909 0 46080
37.7983 21.542 17.7454 0 46592
37.816 21.526 17.7586 0 47104
37.8299 21.368 17.8899 0 47616
37.849 21.29 18.4996 0 48128
37.8603 21.228 18.5536 0 48640
37.8779 21.178 18.5974 0 49152
37.8919 21.138 19.1806 0 49664
37.9104 21.154 19.1661 0 50176
37.9233 21.167 19.7016 0 50688
37.9399 21.321 19.5593 0 51200
37.9541 21.301 19.5777 0 51712
37.9731 21.284 20.1376 0 52224
37.985 21.271 20.1499 0 52736
38.0011 21.246 20.1736 0 53248
38.017 21.227 20.7374 0 53760
38.035 22.364 19.6831 0 54272
38.0475 22.217 19.8133 0 54784
38.0641 22.196 20.3539 0 55296
38.0806 22.13 20.4146 0 55808
38.0936 22.126 20.4183 0 56320
38.1124 22.219 20.8542 0 56832
38.127 22.245 20.8298 0 57344
38.146 22.266 20.8102 0 57856
38.1604 22.427 21.1773 0 58368
38.1784 22.555 21.0571 0 58880
38.1948 22.754 21.3821 0 59392
38.2145 22.818 21.3221 0 59904
38.2282 22.964 21.1866 0 60416
38.2479 23.13 21.5353 0 60928
38.2635 23.31 21.369 0 61440
38.2842 23.454 21.2378 0 61952
38.2988 23.618 21.5808 0 62464
38.3176 23.893 21.3324 0 62976
38.3781 23.31 10.933 0 31744
38.3853 22.892 11.6387 0 32256
38.4037 22.557 11.8115 0 32768
38.4218 22.193 12.0052 0 33280
38.4415 22.142 12.556 0 33792
38.4478 21.958 12.6613 0 34304
38.4673 21.858 13.2492 0 34816
38.4852 21.778 13.2978 0 35328
38.5022 21.604 13.4049 0 35840
38.5107 21.527 13.991 0 36352
38.5293 21.513 14.0001 0 36864
38.5476 21.488 14.0164 0 37376
38.5653 21.564 14.5042 0 37888
38.5738 21.529 14.5278 0 38400
38.5925 21.597 14.482 0 38912
38.6125 21.699 14.9478 0 39424
38.6302 21.781 14.8915 0 39936
38.6391 21.895 14.814 0 40448
38.6593 22.034 15.2463 0 40960
38.6788 22.193 15.137 0 41472
38.686 22.32 15.0509 0 41984
38.7062 22.47 15.466 0 42496
38.7242 22.158 15.6837 0 43008
38.7435 21.922 16.381 0 43520
38.7503 21.829 16.4508 0 44032
38.7677 21.611 16.6167 0 44544
38.7869 21.58 17.1774 0 45056
38.806 21.46 17.2734 0 45568
38.812 21.316 17.3901 0 46080
38.8303 21.296 17.9504 0 46592
38.8494 21.281 17.9631 0 47104
38.8683 21.254 17.9859 0 47616
38.8746 21.281 18.5074 0 48128
38.8928 21.254 18.5309 0 48640
38.9118 21.281 18.5074 0 49152
38.932 21.398 18.9476 0 49664
38.9383 21.492 18.8647 0 50176
38.9575 21.664 19.2496 0 50688
38.9774 21.753 19.1709 0 51200
38.9974 21.872 19.0666 0 51712
39.0046 22.016 19.468 0 52224
39.0243 22.178 19.3258 0 52736
39.0447 22.357 19.1711 0 53248
39.0654 22.548 19.5224 0 53760
39.0721 22.7 19.3917 0 54272
39.0926 22.822 19.2881 0 54784
39.1137 23.016 19.6288 0 55296
39.1324 23.171 19.4975 0 55808
39.1418 23.295 19.3937 0 56320
39.1634 23.49 19.7258 0 56832
39.1846 23.599 19.6347 0 57344
39.1923 23.733 19.5239 0 57856
39.2142 23.985 19.8017 0 58368
39.2353 24.139 19.6754 0 58880
39.2581 24.358 19.9741 0 59392
39.2774 26.744 18.192 0 59904
39.2875 26.393 18.434 0 60416
39.3103 26.209 19.0054 0 60928
39.3727 25.115 9.686 0 30208
39.3773 24.288 10.4928 0 30720
39.3968 23.626 10.7868 0 31232
39.4156 23.144 11.0114 0 31744
39.436 22.889 11.6402 0 32256
39.4403 22.637 11.7698 0 32768
39.46 22.435 11.8757 0 33280
39.4805 22.322 12.4548 0 33792
39.5004 22.279 12.4788 0 34304
39.5055 22.293 12.9906 0 34816
39.5264 22.353 12.9558 0 35328
39.5466 22.352 12.9563 0 35840
39.568 22.496 13.3883 0 36352
39.573 22.61 13.3208 0 36864
39.5939 22.702 13.2668 0 37376
39.6153 22.872 13.6747 0 37888
39.6364 23.008 13.5939 0 38400
39.6417 23.068 13.5585 0 38912
39.6641 23.213 13.9729 0 39424
39.6852 23.377 13.8748 0 39936
39.6915 23.508 13.7975 0 40448
39.7131 23.66 14.1985 0 40960
39.7322 23.076 14.5578 0 41472
39.7505 22.608 14.8592 0 41984
39.7686 24.555 14.1527 0 42496
39.7753 23.84 14.5772 0 43008
39.7941 23.364 15.37 0 43520
39.8125 22.887 15.6903 0 44032
39.8192 22.505 15.9566 0 44544
39.8375 22.199 16.6984 0 45056
39.8561 22.099 16.774 0 45568
39.8742 21.827 16.983 0 46080
39.8821 21.801 17.5346 0 46592
39.9002 21.685 17.6284 0 47104
