0.698701 31.001 48.2028 0 185856
0.711438 31.001 48.2028 0 186368
0.734028 31.049 48.5014 0 186880
0.756618 31.087 48.4421 0 187392
0.778728 31.118 48.3939 0 187904
0.801798 31.191 48.652 0 188416
0.823908 31.249 48.5617 0 188928
0.846498 31.295 48.4903 0 189440
0.869569 31.381 48.7266 0 189952
0.891678 31.449 48.6212 0 190464
0.91571 31.503 48.5379 0 190976
0.940703 31.595 48.7632 0 191488
0.965216 31.669 48.6492 0 192000
0.990209 31.727 48.5603 0 192512
1.0152 31.822 48.7793 0 193024
1.03972 31.898 48.6631 0 193536
1.06471 32.007 48.8593 0 194048
1.08922 32.094 48.7269 0 194560
1.11421 32.164 48.6208 0 195072
1.13921 32.268 48.8231 0 195584
1.16372 32.351 48.6978 0 196096
1.18823 32.417 48.5987 0 196608
1.21323 32.518 48.804 0 197120
1.23822 32.599 48.6827 0 197632
1.26273 32.664 48.5858 0 198144
1.28773 32.764 48.7911 0 198656
1.31224 32.844 48.6723 0 199168
1.33675 32.908 48.5776 0 199680
1.36222 33.007 48.7829 0 200192
1.38674 33.087 48.6649 0 200704
1.41125 33.15 48.5724 0 201216
1.43624 33.249 48.7762 0 201728
1.46076 33.328 48.6606 0 202240
1.48623 33.439 48.8455 0 202752
1.51074 33.528 48.7158 0 203264
1.53526 33.6 48.6114 0 203776
1.56025 33.705 48.8037 0 204288
1.58476 33.789 48.6824 0 204800
1.60975 33.856 48.586 0 205312
1.63475 33.958 48.7812 0 205824
1.65926 34.039 48.6651 0 206336
1.68377 34.105 48.5709 0 206848
1.70877 34.205 48.7676 0 207360
1.77891 31.559 26.4282 0 103424
1.79093 29.443 28.3275 0 103936
1.80734 27.75 30.4732 0 104448
1.82327 26.396 32.0364 0 104960
1.83625 25.312 33.4083 0 105472
1.85242 24.445 35.0671 0 105984
1.86859 23.752 36.0903 0 106496
1.88453 23.149 37.0304 0 107008
1.89798 22.715 38.2479 0 107520
1.91391 22.368 38.8412 0 108032
1.92961 22.042 39.4157 0 108544
1.94578 21.829 40.3309 0 109056
1.95876 21.659 40.6475 0 109568
1.97469 21.523 41.4425 0 110080
1.99062 21.414 41.6535 0 110592
2.00631 21.278 41.9197 0 111104
2.02073 21.218 42.5842 0 111616
2.03642 21.17 42.6808 0 112128
2.05187 21.084 42.8549 0 112640
2.06829 21.063 43.4476 0 113152
2.08174 21.046 43.4827 0 113664
2.09743 20.984 43.6111 0 114176
2.11313 20.983 44.1653 0 114688
2.12706 20.982 44.1674 0 115200
2.14204 20.933 44.2708 0 115712
2.15797 20.942 44.8049 0 116224
2.17318 20.901 44.8928 0 116736
2.1876 20.869 44.9616 0 117248
2.20377 20.89 45.4709 0 117760
2.21946 20.908 45.4318 0 118272
2.23539 20.922 45.9551 0 118784
2.24981 20.933 45.9309 0 119296
2.26574 20.942 45.9112 0 119808
2.28144 20.949 46.4488 0 120320
2.29665 20.955 46.4355 0 120832
2.31107 20.96 46.4244 0 121344
2.32652 20.963 46.9704 0 121856
2.34149 20.966 46.9637 0 122368
2.35622 20.921 47.0647 0 122880
2.3716 20.932 47.5933 0 123392
2.38729 20.941 47.5729 0 123904
2.40274 20.901 47.6639 0 124416
2.41867 20.916 48.1836 0 124928
2.43405 20.928 48.156 0 125440
2.44943 20.924 48.1652 0 125952
2.46529 20.969 48.6142 0 126464
2.48068 21.005 48.5309 0 126976
2.49654 21.081 48.9055 0 127488
2.51192 21.143 48.762 0 128000
2.5273 21.192 48.6493 0 128512
2.54316 21.279 48.9948 0 129024
2.55854 21.349 48.8341 0 129536
2.57392 21.405 48.7064 0 130048
2.58978 21.498 49.0345 0 130560
2.60516 21.572 48.8663 0 131072
2.6215 21.631 48.733 0 131584
2.63833 21.727 49.0509 0 132096
2.65467 21.803 48.8799 0 132608
2.67101 21.864 48.7435 0 133120
2.68783 21.961 49.0557 0 133632
2.70417 22.039 48.8821 0 134144
2.77119 21.779 26.5944 0 72192
2.78033 21.619 27.3271 0 72704
2.7977 21.49 27.4911 0 73216
2.81483 21.34 27.6843 0 73728
2.82397 21.268 28.3227 0 74240
2.84158 21.21 28.4002 0 74752
2.85895 21.115 28.528 0 75264
2.87681 21.088 29.1138 0 75776
2.88546 21.066 29.1442 0 76288
2.90307 21.048 29.7195 0 76800
2.92021 21.034 29.7393 0 77312
2.93758 20.975 29.8229 0 77824
2.94719 20.976 30.3738 0 78336
2.96457 20.976 30.3738 0 78848
2.9817 20.928 30.4434 0 79360
2.99883 20.938 30.9821 0 79872
3.00845 20.946 30.9703 0 80384
3.02534 20.905 31.031 0 80896
3.04319 20.919 31.564 0 81408
3.05985 20.883 31.6184 0 81920
3.06994 20.854 31.6624 0 82432
3.08707 20.879 32.1793 0 82944
3.10397 20.851 32.2225 0 83456
3.11358 20.828 32.2581 0 83968
3.13095 20.858 32.7671 0 84480
3.14833 20.882 32.7294 0 84992
3.16546 20.901 33.2539 0 85504
3.17555 20.917 33.2285 0 86016
3.19269 20.929 33.2094 0 86528
3.20958 20.939 33.7468 0 87040
3.22647 20.947 33.7339 0 87552
3.23705 20.953 33.7242 0 88064
3.25418 20.958 34.2689 0 88576
3.27131 20.962 34.2624 0 89088
3.28773 20.917 34.3361 0 89600
3.29878 20.929 34.8699 0 90112
3.31519 20.939 34.8532 0 90624
3.33185 20.899 34.9199 0 91136
3.34898 20.915 35.4471 0 91648
3.36004 20.927 35.4268 0 92160
3.37645 20.889 35.4912 0 92672
3.39382 20.907 36.0147 0 93184
3.40488 20.921 35.9906 0 93696
3.42153 20.933 36.5234 0 94208
3.4377 20.942 36.5077 0 94720
3.45411 20.901 36.5793 0 95232
3.46613 20.916 37.1069 0 95744
3.48254 20.929 37.0839 0 96256
3.4992 20.891 37.1513 0 96768
3.51585 20.908 37.6751 0 97280
3.52738 20.922 37.6499 0 97792
3.5438 20.885 37.7166 0 98304
3.56021 20.904 38.2365 0 98816
3.57638 20.871 38.297 0 99328
3.58792 20.844 38.3466 0 99840
3.60505 20.871 38.852 0 100352
3.62122 20.892 38.8129 0 100864
3.63811 20.909 39.3354 0 101376
3.65013 20.923 39.3091 0 101888
3.66654 20.934 39.2884 0 102400
3.6832 20.943 39.8247 0 102912
3.69889 21.685 38.462 0 103424
3.71138 21.544 38.7137 0 103936
3.7623 21.382 36.2982 0 96768
3.77432 21.302 36.9783 0 97280
3.79049 21.237 37.0915 0 97792
3.8069 21.137 37.267 0 98304
3.81892 21.105 37.8724 0 98816
3.83485 21.08 37.9173 0 99328
3.85102 21.011 38.0418 0 99840
3.86768 21.005 38.6041 0 100352
3.88017 20.999 38.6152 0 100864
3.89707 20.995 39.1743 0 101376
3.913 20.992 39.1799 0 101888
3.92917 20.941 39.2753 0 102400
3.94167 20.948 39.8152 0 102912
3.95784 20.954 39.8038 0 103424
3.97377 20.911 39.8856 0 103936
3.9897 20.924 40.4145 0 104448
4.0022 20.935 40.3932 0 104960
4.01837 20.896 40.4686 0 105472
4.03502 20.912 40.9916 0 105984
4.05096 20.877 41.0603 0 106496
4.06393 20.849 41.1154 0 107008
4.08035 20.875 41.6192 0 107520
4.09628 20.896 41.5773 0 108032
4.10926 20.912 41.5455 0 108544
4.12543 20.925 42.0733 0 109056
4.14112 20.936 42.0512 0 109568
4.15657 20.944 42.5882 0 110080
4.17003 20.951 42.574 0 110592
4.18644 20.956 42.5638 0 111104
4.20261 20.961 43.1063 0 111616
4.2183 20.964 43.1002 0 112128
4.23224 20.967 43.094 0 112640
4.24818 20.969 43.6423 0 113152
4.26411 20.971 43.6382 0 113664
4.27932 20.924 43.7362 0 114176
4.29374 20.935 44.2665 0 114688
4.30895 20.944 44.2475 0 115200
4.3244 20.902 44.3364 0 115712
4.33985 20.918 44.8563 0 116224
4.35379 20.93 44.8306 0 116736
4.36948 20.891 44.9143 0 117248
4.38565 20.909 45.4296 0 117760
4.40158 20.874 45.5058 0 118272
4.41648 20.895 46.0145 0 118784
4.43194 20.912 45.977 0 119296
4.44715 20.877 46.0541 0 119808
4.46205 20.897 46.5644 0 120320
4.47726 20.913 46.5288 0 120832
4.49223 20.878 46.6068 0 121344
4.50768 20.898 47.1165 0 121856
4.52258 20.914 47.0804 0 122368
4.53731 20.879 47.1593 0 122880
4.55252 20.899 47.6685 0 123392
4.56821 20.915 47.632 0 123904
4.58359 20.927 47.6047 0 124416
4.59952 20.937 48.1353 0 124928
4.61497 20.946 48.1146 0 125440
4.63036 20.938 48.133 0 125952
4.64622 20.98 48.5888 0 126464
4.6616 21.013 48.5124 0 126976
4.67746 21.088 48.8892 0 127488
4.69284 21.148 48.7505 0 128000
4.70822 21.196 48.6401 0 128512
4.76394 21.153 42.7151 0 112128
4.7774 21.118 42.7859 0 112640
4.79333 21.09 43.3919 0 113152
4.80927 21.067 43.4393 0 113664
4.82272 21.05 43.4744 0 114176
4.8389 21.035 44.0561 0 114688
4.85411 21.024 44.0791 0 115200
4.86956 20.967 44.199 0 115712
4.8835 20.969 44.7472 0 116224
4.89895 20.971 44.7429 0 116736
4.91464 20.924 44.8434 0 117248
4.93129 20.935 45.3732 0 117760
4.94571 20.944 45.3537 0 118272
4.96164 20.95 45.8937 0 118784
4.9771 20.956 45.8805 0 119296
4.99231 20.912 45.977 0 119808
5.00721 20.925 46.5021 0 120320
5.02242 20.936 46.4776 0 120832
5.03739 20.896 46.5666 0 121344
5.05284 20.913 47.0827 0 121856
5.06774 20.926 47.0534 0 122368
5.08247 20.888 47.139 0 122880
5.09768 20.906 47.6525 0 123392
5.11306 20.921 47.6184 0 123904
5.12851 20.884 47.7027 0 124416
5.14444 20.903 48.2136 0 124928
5.15982 20.904 48.2113 0 125440
5.1752 20.904 48.2113 0 125952
5.19106 20.953 48.6514 0 126464
5.20645 20.992 48.561 0 126976
5.22231 21.071 48.9287 0 127488
5.23769 21.135 48.7805 0 128000
5.25307 21.185 48.6654 0 128512
5.26893 21.274 49.0063 0 129024
5.28431 21.345 48.8433 0 129536
5.29969 21.401 48.7155 0 130048
5.31555 21.495 49.0414 0 130560
5.33093 21.57 48.8708 0 131072
5.34727 21.629 48.7375 0 131584
5.3641 21.725 49.0554 0 132096
5.38044 21.802 48.8821 0 132608
5.39726 21.863 48.7457 0 133120
5.41408 21.961 49.0557 0 133632
5.43042 22.038 48.8843 0 134144
5.44677 22.101 48.7449 0 134656
5.46359 22.198 49.0538 0 135168
5.47993 22.277 48.8798 0 135680
5.49675 22.387 49.1571 0 136192
5.51357 22.476 48.9624 0 136704
5.52992 22.547 48.8083 0 137216
5.54674 22.651 49.0956 0 137728
5.56308 22.735 48.9142 0 138240
5.57942 22.802 48.7705 0 138752
5.59624 22.904 49.059 0 139264
5.61259 22.985 48.8861 0 139776
5.63037 23.05 48.7483 0 140288
5.64815 23.15 49.0381 0 140800
5.66594 23.23 48.8692 0 141312
5.68372 23.295 48.7329 0 141824
5.7015 23.394 49.0218 0 142336
5.71929 23.473 48.8568 0 142848
5.76949 22.926 31.8325 0 91136
5.78126 22.537 32.8959 0 91648
5.79792 22.225 33.3578 0 92160
5.81433 21.927 33.8111 0 92672
5.82586 21.738 34.638 0 93184
5.84276 21.586 34.8819 0 93696
5.85941 21.464 35.6198 0 94208
5.87558 21.367 35.7815 0 94720
5.88712 21.289 35.9126 0 95232
5.90401 21.227 36.5632 0 95744
5.92042 21.177 36.6496 0 96256
5.93708 21.089 36.8025 0 96768
5.94909 21.067 37.3908 0 97280
5.96526 21.049 37.4228 0 97792
5.98168 20.987 37.5333 0 98304
5.99809 20.985 38.0889 0 98816
6.00962 20.984 38.0907 0 99328
6.0258 20.935 38.1799 0 99840
6.04245 20.943 38.7184 0 100352
6.05886 20.902 38.7944 0 100864
6.07184 20.917 39.3204 0 101376
6.08777 20.929 39.2978 0 101888
6.10394 20.891 39.3693 0 102400
6.11987 21.596 38.6205 0 102912
6.13261 21.472 38.8435 0 103424
6.14854 21.325 39.1113 0 103936
6.16447 21.256 39.7832 0 104448
6.17697 21.2 39.8883 0 104960
6.19314 21.108 40.0622 0 105472
6.2098 21.082 40.661 0 105984
6.22597 21.061 40.7016 0 106496
6.23895 21.044 40.7345 0 107008
6.25536 21.031 41.3104 0 107520
6.27129 21.021 41.3301 0 108032
6.28698 20.964 41.4425 0 108544
6.30044 20.967 41.989 0 109056
6.31613 20.969 41.985 0 109568
6.33206 20.971 42.5334 0 110080
6.34751 20.972 42.5314 0 110592
6.36145 20.973 42.5293 0 111104
6.37762 20.974 43.0796 0 111616
6.39332 20.975 43.0776 0 112128
6.40925 20.928 43.1743 0 112640
6.42319 20.938 43.7069 0 113152
6.43912 20.946 43.6903 0 113664
6.45433 20.904 43.778 0 114176
6.47026 21.221 43.6699 0 114688
6.48396 21.173 43.769 0 115200
6.49941 21.086 43.9495 0 115712
6.51486 21.064 44.5454 0 116224
6.5288 21.047 44.5814 0 116736
6.54449 20.985 44.7131 0 117248
6.56114 20.984 45.2673 0 117760
6.5766 20.935 45.3732 0 118272
6.5915 20.943 45.909 0 118784
6.60695 20.95 45.8937 0 119296
6.62216 20.908 45.9858 0 119808
6.63785 20.922 46.5087 0 120320
6.65227 20.933 46.4843 0 120832
6.66724 20.894 46.5711 0 121344
6.68269 20.911 47.0872 0 121856
6.6979 20.876 47.1661 0 122368
6.71232 20.848 47.2295 0 122880
6.763 20.826 41.7171 0 108544
6.77622 20.857 42.2105 0 109056
6.79191 20.881 42.162 0 109568
6.80784 20.9 42.6779 0 110080
6.8213 20.916 42.6452 0 110592
6.83723 20.928 42.6208 0 111104
6.85388 20.938 43.1537 0 111616
6.86958 20.946 43.1372 0 112128
6.88351 20.953 43.1228 0 112640
6.89945 20.958 43.6652 0 113152
6.91538 20.962 43.6569 0 113664
6.93059 20.917 43.7508 0 114176
6.94453 20.929 44.2792 0 114688
6.96022 20.939 44.2581 0 115200
6.97519 20.899 44.3428 0 115712
6.99112 20.915 44.8627 0 116224
7.00506 20.927 44.837 0 116736
7.02075 20.889 44.9186 0 117248
7.03692 20.907 45.434 0 117760
7.05237 20.873 45.508 0 118272
7.06775 20.894 46.0167 0 118784
7.08321 20.911 45.9792 0 119296
7.09842 20.876 46.0563 0 119808
7.11411 20.945 46.4577 0 120320
7.12853 20.951 46.4444 0 120832
7.1435 20.909 46.5377 0 121344
7.15895 20.923 47.0602 0 121856
7.17337 20.934 47.0354 0 122368
7.1881 20.894 47.1255 0 122880
7.20379 20.911 47.6411 0 123392
7.21948 20.925 47.6093 0 123904
7.23486 20.935 47.5865 0 124416
7.25079 20.944 48.1192 0 124928
7.26625 20.951 48.1031 0 125440
7.28163 20.942 48.1238 0 125952
7.29749 20.983 48.5818 0 126464
7.31287 21.016 48.5055 0 126976
7.32873 21.09 48.8846 0 127488
7.34411 21.15 48.7459 0 128000
7.35949 21.198 48.6355 0 128512
7.37535 21.284 48.9833 0 129024
7.39073 21.353 48.825 0 129536
7.40611 21.408 48.6996 0 130048
7.42197 21.5 49.03 0 130560
7.43735 21.574 48.8618 0 131072
7.45369 21.633 48.7285 0 131584
7.47052 21.728 49.0486 0 132096
7.48686 21.804 48.8776 0 132608
7.5032 21.865 48.7413 0 133120
7.5205 21.962 49.0535 0 133632
7.53685 22.039 48.8821 0 134144
7.55319 22.101 48.7449 0 134656
7.57001 22.199 49.0516 0 135168
7.58635 22.277 48.8798 0 135680
7.60317 22.388 49.1549 0 136192
7.61952 22.476 48.9624 0 136704
7.63586 22.547 48.8083 0 137216
7.65316 22.652 49.0934 0 137728
7.6695 22.735 48.9142 0 138240
7.68584 22.802 48.7705 0 138752
7.70267 22.904 49.059 0 139264
7.71901 22.985 48.8861 0 139776
7.76656 22.584 37.4439 0 104448
7.77882 22.263 37.9837 0 104960
7.79499 21.958 38.5113 0 105472
7.81164 21.762 39.3905 0 105984
7.82462 21.605 39.6767 0 106496
7.84055 21.432 39.997 0 107008
7.85697 21.341 40.7104 0 107520
7.87266 21.22 40.9425 0 108032
7.88563 21.124 41.1286 0 108544
7.90181 21.095 41.7342 0 109056
7.9175 21.071 41.7818 0 109568
7.93343 21.053 42.3677 0 110080
7.94641 21.038 42.3979 0 110592
7.96282 21.026 42.4221 0 111104
7.97899 21.016 42.9935 0 111616
7.99516 21.009 43.0079 0 112128
8.00862 21.003 43.0201 0 112640
8.02503 20.998 43.5821 0 113152
8.04049 20.994 43.5904 0 113664
8.05618 20.943 43.6965 0 114176
8.07012 20.95 44.2348 0 114688
8.08533 20.955 44.2243 0 115200
8.10078 20.912 44.3152 0 115712
8.11472 20.925 44.8413 0 116224
8.13065 20.936 44.8177 0 116736
8.14634 20.896 44.9035 0 117248
8.16251 20.912 45.4231 0 117760
8.17693 20.926 45.3927 0 118272
8.19286 20.936 45.9243 0 118784
8.20831 20.944 45.9068 0 119296
8.22353 20.903 45.9968 0 119808
8.23843 20.918 46.5176 0 120320
8.25412 20.93 46.491 0 120832
8.26909 20.892 46.5755 0 121344
8.28454 20.909 47.0917 0 121856
8.29896 20.923 47.0602 0 122368
8.31369 20.886 47.1435 0 122880
8.3289 20.904 47.6571 0 123392
8.34435 20.871 47.7325 0 123904
8.35973 20.844 47.7943 0 124416
8.37566 20.871 48.2875 0 124928
8.39111 20.892 48.2389 0 125440
8.40649 20.895 48.232 0 125952
8.42236 20.946 48.6676 0 126464
8.43774 20.986 48.5749 0 126976
8.4536 21.067 48.938 0 127488
8.46898 21.131 48.7897 0 128000
8.48436 21.182 48.6723 0 128512
8.50022 21.271 49.0132 0 129024
8.5156 21.343 48.8479 0 129536
8.53098 21.4 48.7178 0 130048
8.54684 21.494 49.0436 0 130560
8.56222 21.569 48.8731 0 131072
8.57856 21.629 48.7375 0 131584
8.59587 21.725 49.0554 0 132096
8.61221 21.802 48.8821 0 132608
8.62855 21.863 48.7457 0 133120
8.64537 21.96 49.0579 0 133632
8.66171 22.038 48.8843 0 134144
8.67806 22.1 48.7471 0 134656
8.69488 22.198 49.0538 0 135168
8.7117 22.276 48.882 0 135680
8.76526 21.969 40.0739 0 109568
8.77824 21.771 40.9705 0 110080
8.79417 21.612 41.2719 0 110592
8.80986 21.437 41.6088 0 111104
8.82428 21.345 42.3309 0 111616
8.83998 21.272 42.4761 0 112128
8.85591 21.165 42.6909 0 112640
8.87184 21.128 43.3139 0 113152
8.88578 21.098 43.3755 0 113664
8.90099 21.026 43.524 0 114176
8.91716 21.016 44.0959 0 114688
8.93237 21.009 44.1106 0 115200
8.94583 21.002 44.1253 0 115712
8.96176 20.998 44.6854 0 116224
8.97721 20.994 44.6939 0 116736
8.9929 20.942 44.8049 0 117248
9.0078 20.95 45.3407 0 117760
9.02398 20.955 45.3299 0 118272
9.03991 20.96 45.8718 0 118784
9.05536 20.963 45.8652 0 119296
9.06978 20.966 45.8586 0 119808
9.08547 20.969 46.4045 0 120320
9.10068 20.971 46.4001 0 120832
9.11565 20.924 46.5043 0 121344
9.13055 20.935 47.0332 0 121856
9.14552 20.943 47.0152 0 122368
9.16073 20.902 47.1075 0 122880
9.17563 20.917 47.6275 0 123392
9.19132 20.93 47.5979 0 123904
9.20677 20.891 47.6868 0 124416
9.22271 20.909 48.1997 0 124928
9.23809 20.922 48.1698 0 125440
9.25347 20.919 48.1767 0 125952
9.26933 20.965 48.6235 0 126464
9.28471 21.002 48.5379 0 126976
9.30057 21.079 48.9101 0 127488
9.31595 21.141 48.7667 0 128000
9.33133 21.19 48.6539 0 128512
9.34719 21.278 48.9971 0 129024
9.36257 21.348 48.8364 0 129536
9.37795 21.404 48.7087 0 130048
9.39381 21.497 49.0368 0 130560
9.40919 21.571 48.8686 0 131072
9.42554 21.631 48.733 0 131584
9.44236 21.726 49.0531 0 132096
9.4587 21.803 48.8799 0 132608
9.47552 21.864 48.7435 0 133120
9.49235 21.961 49.0557 0 133632
9.50869 22.039 48.8821 0 134144
9.52503 22.101 48.7449 0 134656
9.54185 22.199 49.0516 0 135168
9.55819 22.277 48.8798 0 135680
9.57502 22.387 49.1571 0 136192
9.59136 22.476 48.9624 0 136704
9.60818 22.547 48.8083 0 137216
9.625 22.651 49.0956 0 137728
9.64134 22.735 48.9142 0 138240
9.65769 22.802 48.7705 0 138752
9.67451 22.904 49.059 0 139264
9.69085 22.985 48.8861 0 139776
9.70863 23.05 48.7483 0 140288
9.76893 22.588 32.8217 0 92160
9.77998 22.218 33.3683 0 92672
9.79687 21.97 34.2722 0 93184
9.81305 21.723 34.6619 0 93696
9.82506 21.574 35.4382 0 94208
9.84123 21.455 35.6348 0 94720
9.85717 21.312 35.8739 0 95232
9.87406 21.245 36.5323 0 95744
9.88607 21.192 36.6236 0 96256
9.90225 21.101 36.7816 0 96768
9.9189 21.076 37.3748 0 97280
9.93555 21.057 37.4086 0 97792
9.94709 21.041 37.437 0 98304
9.96398 21.028 38.011 0 98816
9.97991 21.018 38.0291 0 99328
9.9956 20.962 38.1307 0 99840
10.0086 20.965 38.6778 0 100352
10.0252 20.968 38.6723 0 100864
10.0416 20.97 39.221 0 101376
10.0581 20.972 39.2172 0 101888
10.0701 20.973 39.2154 0 102400
10.0867 20.974 39.7658 0 102912
10.1029 20.975 39.7639 0 103424
10.1192 21.216 39.3122 0 103936
10.1322 21.346 39.6155 0 104448
10.1512 21.883 38.6433 0 104960
10.1743 23.034 36.7123 0 105472
10.1964 24.675 34.7403 0 105984
10.2154 26.325 32.5628 0 106496
10.2507 29.087 29.4708 0 107008
10.2889 32.449 26.7743 0 107520
10.3122 36.389 23.8753 0 108032
10.3709 42.089 20.642 0 108544
10.4369 49.388 17.8259 0 109056
10.5001 57.582 15.2892 0 109568
10.567 66.925 13.3279 0 110080
10.6657 77.092 11.5702 0 110592
10.7643 87.051 10.2465 0 111104
11.1276 91.99 4.91114 0 55296
11.1661 97.144 4.65058 0 55808
11.2725 101.843 4.436 0 56320
11.3812 106.083 4.3679 0 56832
11.4177 109.042 4.24937 0 57344
11.5275 111.458 4.15726 0 57856
11.6349 113.487 4.18501 0 58368
11.7383 115.11 4.126 0 58880
11.7808 116.793 4.16573 0 59392
12.1115 116.889 2.08115 0 29696
12.1283 116.918 2.08064 0 30208
12.2401 117.086 2.17659 0 30720
12.3518 117.172 2.17499 0 31232
12.4201 108.733 2.3438 0 31744
12.4263 99.339 2.68205 0 32256
12.4842 91.776 2.90307 0 32768
12.5441 85.725 3.10798 0 33280
12.6046 80.98 3.43314 0 33792
12.6085 77.185 3.60194 0 34304
12.6698 74.244 3.90065 0 34816
12.7298 71.844 4.03096 0 35328
12.9101 69.539 2.16558 0 17408
12.9139 67.695 2.22457 0 17920
12.9709 66.172 2.27577 0 18432
13.0307 65.05 2.4931 0 18944
13.0901 64.152 2.528 0 19456
13.0939 63.433 2.55665 0 19968
13.1528 62.955 2.76007 0 20480
13.2119 62.524 2.77909 0 20992
13.2722 62.227 2.79236 0 21504
13.3323 72.468 2.5576 0 22016
13.3357 70.279 2.63726 0 22528
13.3669 62.711 2.95553 0 23040
13.3984 56.658 3.47573 0 23552
13.4059 51.863 3.79708 0 24064
13.433 48.075 4.09627 0 24576
13.4655 45.093 4.62404 0 25088
13.4969 42.755 4.8769 0 25600
13.5284 40.981 5.37068 0 26112
13.5376 39.562 5.56332 0 26624
13.565 38.378 5.73495 0 27136
13.5979 37.576 6.16564 0 27648
13.6306 36.982 6.26467 0 28160
13.6387 36.458 6.35471 0 28672
13.6678 36.088 6.74086 0 29184
13.7003 35.839 6.78769 0 29696
13.7329 35.641 6.8254 0 30208
13.799 35.097 3.63062 0 14848
13.8286 34.614 3.68129 0 15360
13.837 34.276 3.71759 0 15872
13.8694 34.63 4.01409 0 16384
13.8968 34.337 4.04834 0 16896
13.9288 34.247 4.39723 0 17408
13.9617 34.174 4.40662 0 17920
13.9692 34.068 4.42034 0 18432
14.0026 34.656 4.67959 0 18944
14.0302 34.598 4.68744 0 19456
14.0629 34.552 4.69368 0 19968
14.0953 34.61 5.02051 0 20480
14.1018 34.609 5.02066 0 20992
14.1333 34.657 5.01371 0 21504
14.1677 34.791 5.32735 0 22016
14.1994 34.898 5.31102 0 22528
14.2092 34.984 5.29796 0 23040
14.2405 35.148 5.60282 0 23552
14.2729 35.328 5.57428 0 24064
14.3056 35.424 5.55917 0 24576
14.3381 39.971 5.21658 0 25088
14.3409 37.936 5.49642 0 25600
14.3612 34.545 6.37128 0 26112
14.3805 31.831 6.91452 0 26624
14.4 29.613 7.43241 0 27136
14.4041 27.934 8.29384 0 27648
14.4232 26.543 8.72848 0 28160
14.4427 25.43 9.1105 0 28672
14.4627 24.669 9.86112 0 29184
14.4667 24.013 10.1305 0 29696
14.4867 23.536 10.3358 0 30208
14.5074 23.155 11.0062 0 30720
14.5271 22.945 11.1069 0 31232
14.5309 22.682 11.2357 0 31744
14.5518 22.567 11.8063 0 32256
14.5725 22.524 11.8288 0 32768
14.5934 22.537 11.822 0 33280
14.5977 22.596 12.3038 0 33792
14.6184 22.594 12.3049 0 34304
14.6403 22.69 12.7633 0 34816
14.6619 22.814 12.694 0 35328
14.6657 22.913 12.6391 0 35840
14.6881 23.089 13.0445 0 36352
14.7097 23.181 12.9927 0 36864
14.7731 22.774 6.61245 0 18432
14.7757 22.545 7.19344 0 18944
14.7956 22.266 7.28357 0 19456
14.8161 22.09 7.3416 0 19968
14.8372 22.046 7.8817 0 20480
14.8403 22.058 7.87741 0 20992
14.8605 22.069 7.87349 0 21504
14.8817 22.077 8.39534 0 22016
14.9031 22.131 8.37486 0 22528
14.9062 22.223 8.34019 0 23040
14.9281 22.344 8.81346 0 23552
14.9494 22.489 8.75664 0 24064
14.9711 22.558 8.72985 0 24576
14.9934 22.804 9.14366 0 25088
14.9968 22.906 9.10294 0 25600
15.0187 23.083 9.53498 0 26112
15.0415 23.224 9.47709 0 26624
15.0629 23.386 9.41144 0 27136
15.0682 23.515 9.85243 0 27648
15.0903 23.618 9.80947 0 28160
15.1131 23.749 9.75536 0 28672
15.1367 23.998 10.1368 0 29184
15.1407 24.197 10.0535 0 29696
15.1638 24.356 9.98785 0 30208
15.1874 24.483 10.4092 0 30720
15.2112 24.681 10.3257 0 31232
15.2152 24.84 10.2596 0 31744
15.2393 25.063 10.6305 0 32256
15.2633 25.241 10.5555 0 32768
15.2864 25.384 10.4961 0 33280
15.3109 29.054 9.56894 0 33792
15.3169 28.579 9.72798 0 34304
15.3362 27.058 10.7029 0 34816
15.355 25.842 11.2066 0 35328
15.3605 24.869 11.645 0 35840
15.3791 24.091 12.5019 0 36352
15.3979 23.469 12.8333 0 36864
15.4167 22.922 13.1395 0 37376
15.423 22.63 13.8209 0 37888
15.4408 22.299 14.0261 0 38400
15.4594 21.987 14.2251 0 38912
15.479 21.785 14.8888 0 39424
15.4847 21.576 15.033 0 39936
15.5026 21.408 15.151 0 40448
15.5219 21.322 15.7554 0 40960
15.5405 21.205 15.8423 0 41472
15.5453 21.112 15.9121 0 41984
15.5643 21.085 16.4819 0 42496
15.5831 21.016 16.536 0 43008
15.6024 21.008 17.0937 0 43520
15.6072 21.002 17.0986 0 44032
15.6258 20.949 17.1418 0 44544
15.6449 20.955 17.6897 0 45056
15.6639 21.104 17.5648 0 45568
15.6692 21.079 17.5857 0 46080
15.688 21.059 18.1524 0 46592
15.7068 21.042 18.1671 0 47104
15.7698 21.03 9.36415 0 23552
15.7724 21.019 9.36905 0 24064
15.792 20.963 9.39408 0 24576
15.812 20.966 9.94524 0 25088
15.8315 20.92 9.96711 0 25600
15.8351 20.932 10.5148 0 26112
15.8544 20.941 10.5103 0 26624
15.8739 20.9 10.5309 0 27136
15.894 20.964 11.0513 0 27648
15.8983 21.111 10.9744 0 28160
15.9166 21.036 11.0135 0 28672
15.9364 21.025 11.5702 0 29184
15.9557 21.015 11.5757 0 29696
15.9591 20.96 11.6061 0 30208
15.9791 20.963 12.157 0 30720
15.9981 20.966 12.1553 0 31232
16.0174 20.921 12.1814 0 31744
16.0232 21.028 12.6703 0 32256
16.0411 21.018 12.6764 0 32768
16.0601 20.962 12.7102 0 33280
16.0796 20.965 13.261 0 33792
16.0852 20.968 13.2591 0 34304
16.1033 20.97 13.8102 0 34816
16.1226 20.972 13.8089 0 35328
16.142 21.007 13.7859 0 35840
16.1471 21.241 14.1794 0 36352
16.1654 21.189 14.2142 0 36864
16.1847 21.098 14.2755 0 37376
16.2042 21.122 14.8077 0 37888
16.2091 21.19 14.7602 0 38400
16.2283 21.229 14.7331 0 38912
16.2482 21.357 15.1872 0 39424
16.2679 21.411 15.1488 0 39936
16.2732 21.503 15.084 0 40448
16.2932 21.624 15.5353 0 40960
16.3134 21.769 15.4319 0 41472
16.3326 21.611 15.5447 0 41984
16.3384 21.532 16.1397 0 42496
16.357 21.422 16.2226 0 43008
16.3758 21.333 16.8333 0 43520
16.3949 21.31 16.8514 0 44032
16.4006 21.292 16.8657 0 44544
16.4194 21.277 17.422 0 45056
16.438 21.217 17.4713 0 45568
16.4568 21.121 17.5507 0 46080
16.4631 21.093 18.1232 0 46592
16.4817 21.118 18.1017 0 47104
16.5002 21.124 18.0966 0 47616
16.5194 21.129 18.6405 0 48128
16.5256 21.18 18.5957 0 48640
16.5441 21.222 18.5589 0 49152
16.5638 21.351 18.9893 0 49664
16.5838 21.503 18.855 0 50176
16.5903 21.72 19.2 0 50688
16.6098 21.798 19.1313 0 51200
16.6292 21.908 19.0352 0 51712
16.6489 22.141 19.3581 0 52224
16.6566 22.327 19.1968 0 52736
16.6766 22.475 19.0704 0 53248
16.6972 22.594 19.4827 0 53760
16.7165 24.997 17.6098 0 54272
16.7799 24.481 9.46367 0 28160
16.7835 23.877 9.70306 0 28672
16.8037 23.297 10.4419 0 29184
16.823 22.833 10.6541 0 29696
16.8404 22.462 10.83 0 30208
16.8469 22.261 11.4482 0 30720
16.8659 22.053 11.5562 0 31232
16.8852 21.79 11.6956 0 31744
16.9045 21.676 12.2916 0 32256
16.9091 21.584 12.344 0 32768
16.9282 21.463 12.4135 0 33280
16.9481 21.448 12.9623 0 33792
16.9673 21.436 12.9696 0 34304
16.9724 21.474 13.4861 0 34816
16.9921 21.505 13.4666 0 35328
17.0123 21.578 13.4211 0 35840
17.032 21.972 13.7076 0 36352
17.037 22.048 13.6604 0 36864
17.0577 22.06 13.6529 0 37376
17.0786 22.166 14.1103 0 37888
17.0973 22.347 13.996 0 38400
17.1043 22.443 13.9361 0 38912
17.1255 22.617 14.3411 0 39424
17.1466 22.708 14.2836 0 39936
17.1658 22.828 14.2085 0 40448
17.1738 23.069 14.5622 0 40960
17.1949 23.213 14.4719 0 41472
17.2165 23.329 14.3999 0 41984
17.2382 23.758 14.6275 0 42496
17.2442 23.861 14.5644 0 43008
17.2668 23.943 14.9983 0 43520
17.2891 24.057 14.9272 0 44032
17.3093 24.196 14.8415 0 44544
17.3177 24.403 15.1903 0 45056
17.3381 24.137 15.3577 0 45568
17.3586 23.923 15.495 0 46080
17.378 23.897 15.9967 0 46592
17.386 23.828 16.043 0 47104
17.4071 23.724 16.1133 0 47616
17.429 23.786 16.5583 0 48128
17.4355 23.835 16.5243 0 48640
17.4564 23.874 16.4973 0 49152
17.4787 24.002 16.8919 0 49664
17.4996 24.104 16.8204 0 50176
17.5073 24.186 17.2424 0 50688
17.529 24.299 17.1622 0 51200
17.5516 24.438 17.0646 0 51712
17.5741 24.693 17.3575 0 52224
17.5816 24.849 17.2485 0 52736
17.6037 24.926 17.1952 0 53248
17.627 25.083 17.5494 0 53760
17.6496 25.258 17.4278 0 54272
17.6573 25.397 17.3324 0 54784
17.6811 25.604 17.6447 0 55296
17.7046 25.722 17.5638 0 55808
17.7719 25.096 9.23175 0 28160
17.7753 24.547 9.43822 0 28672
17.7969 24.155 10.071 0 29184
17.8173 23.842 10.2032 0 29696
17.838 23.64 10.2904 0 30208
17.856 26.025 9.79243 0 30720
17.8647 25.53 9.9823 0 31232
17.8858 25.038 10.1784 0 31744
17.9079 24.741 10.7688 0 32256
17.9128 24.551 10.8522 0 32768
17.9341 24.351 10.9413 0 33280
17.9562 24.287 11.4471 0 33792
17.9788 24.284 11.4485 0 34304
17.9844 24.378 11.8796 0 34816
18.0065 24.356 11.8903 0 35328
18.0288 24.388 11.8747 0 35840
18.0517 24.557 12.2647 0 36352
18.0572 24.692 12.1976 0 36864
18.0805 24.8 12.1445 0 37376
18.1036 24.887 12.5675 0 37888
18.1266 25.1 12.4609 0 38400
18.1329 25.223 12.4001 0 38912
18.1562 25.369 12.7854 0 39424
18.18 25.534 12.7027 0 39936
18.2035 25.666 12.6374 0 40448
18.2105 25.868 12.9865 0 40960
18.2341 25.981 12.9301 0 41472
18.2581 26.12 12.8613 0 41984
18.2836 26.375 13.1761 0 42496
18.2891 26.531 13.0986 0 43008
18.3146 26.656 13.4718 0 43520
18.3329 25.521 14.0709 0 44032
18.3514 24.564 14.6191 0 44544
18.3582 23.943 15.4821 0 45056
18.3763 23.35 15.8753 0 45568
18.3943 22.861 16.2149 0 46080
18.4139 22.533 16.965 0 46592
18.4192 22.222 17.2024 0 47104
18.4378 21.925 17.4354 0 47616
18.4568 21.736 18.12 0 48128
18.4754 21.584 18.2476 0 48640
18.4811 21.449 18.3624 0 49152
18.5002 21.403 18.9431 0 49664
18.5185 21.318 19.0187 0 50176
18.5373 21.25 19.6247 0 50688
18.5433 21.195 19.6756 0 51200
18.5619 21.152 19.7156 0 51712
18.5812 21.213 20.205 0 52224
18.5995 21.262 20.1584 0 52736
18.6058 21.206 20.2116 0 53248
18.6244 21.16 20.803 0 53760
18.6429 21.124 20.8385 0 54272
18.6492 21.095 20.8671 0 54784
18.668 21.071 21.4407 0 55296
18.6866 21.101 21.4102 0 55808
18.7044 21.062 21.4498 0 56320
18.7116 21.079 21.9821 0 56832
18.7697 21.059 11.0015 0 28160
18.7726 21.043 11.0098 0 28672
18.7928 21.03 11.5675 0 29184
18.8121 21.019 11.5735 0 29696
18.8312 20.963 11.6044 0 30208
18.8358 21.014 12.1275 0 30720
18.8546 21.007 12.1316 0 31232
18.8739 20.953 12.1628 0 31744
18.8937 20.958 12.7127 0 32256
18.8975 20.962 12.7102 0 32768
18.9166 20.917 12.7376 0 33280
18.9361 20.929 13.2838 0 33792
18.9554 20.891 13.3079 0 34304
18.9597 20.908 13.8512 0 34816
18.979 20.922 13.8419 0 35328
18.9981 20.885 13.8664 0 35840
19.0171 20.904 14.408 0 36352
19.0214 20.919 14.3976 0 36864
19.0407 20.883 14.4224 0 37376
19.06 20.902 14.9635 0 37888
19.0789 20.917 14.9528 0 38400
19.0837 20.929 14.9442 0 38912
19.1027 20.939 15.4903 0 39424
19.1222 21.029 15.424 0 39936
19.141 20.971 15.4667 0 40448
19.1463 20.972 16.0183 0 40960
19.1653 21.007 15.9916 0 41472
19.1845 21.083 15.934 0 41984
19.2049 21.24 16.3616 0 42496
19.2097 21.366 16.2651 0 43008
19.2299 21.467 16.7282 0 43520
19.2499 21.595 16.629 0 44032
19.2698 21.746 16.5136 0 44544
19.2758 21.915 16.9148 0 45056
19.2962 22.098 16.7747 0 45568
19.3164 22.196 16.7007 0 46080
19.3355 22.049 17.3374 0 46592
19.341 21.834 17.5081 0 47104
19.3598 21.663 17.6463 0 47616
19.3791 21.574 18.256 0 48128
19.3854 21.503 18.3163 0 48640
19.4032 21.35 18.4476 0 49152
19.422 21.276 19.0562 0 49664
19.4404 21.216 19.1101 0 50176
19.4474 21.265 19.6108 0 50688
19.4654 21.255 19.62 0 51200
19.4844 21.282 19.5952 0 51712
19.5037 21.303 20.1196 0 52224
19.5101 21.368 20.0584 0 52736
19.5289 21.42 20.0097 0 53248
19.5486 21.558 20.419 0 53760
19.5685 21.716 20.2704 0 54272
19.5748 21.843 20.1525 0 54784
19.595 21.944 20.5877 0 55296
19.6149 22.073 20.4674 0 55808
19.6339 22.225 20.3274 0 56320
19.6418 22.394 20.6913 0 56832
19.6627 22.577 20.5235 0 57344
19.6829 22.676 20.4339 0 57856
19.7034 22.947 20.6974 0 58368
19.7111 23.068 20.5889 0 58880
19.7689 22.65 13.8087 0 38400
19.7732 22.301 14.0248 0 38912
19.793 22.085 14.6865 0 39424
19.8118 21.911 14.8032 0 39936
19.8173 21.759 14.9066 0 40448
19.8365 21.733 15.4574 0 40960
19.8562 21.664 15.5066 0 41472
19.8757 21.657 15.5117 0 41984
19.8952 24.391 14.2479 0 42496
19.9014 23.934 14.5199 0 43008
19.9216 23.665 15.1745 0 43520
19.9418 23.402 15.345 0 44032
19.9478 23.24 15.452 0 44544
19.9685 23.254 15.9408 0 45056
19.9887 23.217 15.9662 0 45568
20.0098 23.188 15.9862 0 46080
20.0163 23.262 16.4333 0 46592
20.0379 23.514 16.2572 0 47104
20.0586 23.667 16.1521 0 47616
20.0817 23.932 16.4573 0 48128
20.0901 24.337 16.1834 0 48640
20.1134 24.804 15.8787 0 49152
20.1365 25.323 16.0107 0 49664
20.1629 25.978 15.6071 0 50176
20.1759 26.982 15.4556 0 50688
20.205 28.411 14.6783 0 51200
20.2307 29.746 14.0195 0 51712
20.2684 31.967 13.4078 0 52224
20.2912 34.37 12.4704 0 52736
20.3227 37.156 11.5354 0 53248
20.3689 39.915 11.0282 0 53760
20.4292 44.861 9.81235 0 54272
20.4662 50.067 8.79206 0 54784
20.5268 57.261 7.88977 0 55296
20.6171 65.947 6.85059 0 55808
20.7154 75.684 5.96924 0 56320
20.7832 86.021 5.38659 0 56832
21.1213 92.609 2.5017 0 28160
21.1413 97.061 2.38695 0 28672
21.2607 102.69 2.36892 0 29184
21.3753 107.242 2.26837 0 29696
21.4842 109.969 2.21211 0 30208
21.5258 113.978 2.23594 0 30720
21.6219 115.407 2.20825 0 31232
21.737 116.549 2.18662 0 31744
22.0994 117.127 1.08791 0 15872
22.1244 119.464 1.1636 0 16384
22.2342 119.507 1.16318 0 16896
22.3489 119.637 1.25874 0 17408
22.4625 119.742 1.25764 0 17920
22.4827 119.633 1.25878 0 18432
22.5438 109.789 1.47716 0 18944
22.5957 101.049 1.60492 0 19456
22.6476 93.239 1.73936 0 19968
22.7041 87.136 1.99412 0 20480
22.73 82.254 2.11248 0 20992
22.903 78.155 1.18575 0 10240
22.9629 84.826 1.0925 0 10752
22.9739 80.213 1.15532 0 11264
23.0362 76.715 1.359 0 11776
23.0886 73.965 1.40953 0 12288
23.1496 71.716 1.45373 0 12800
23.2131 70.062 1.65339 0 13312
23.2236 68.642 1.6876 0 13824
23.2775 67.603 1.71353 0 14336
23.3411 66.915 1.90427 0 14848
23.4041 66.413 1.91866 0 15360
23.4147 66.011 1.93034 0 15872
23.4471 59.442 2.33855 0 16384
23.4709 54.234 2.56312 0 16896
23.5048 50.261 2.9962 0 17408
23.5368 47.033 3.20184 0 17920
23.5483 44.452 3.38774 0 18432
23.5819 42.531 3.81312 0 18944
23.6146 42.532 3.81303 0 19456
23.6401 40.995 3.95599 0 19968
23.6735 39.957 4.34867 0 20480
23.687 39.127 4.44092 0 20992
23.7201 38.415 4.52323 0 21504
23.8223 37.749 2.45495 0 10752
23.8242 37.169 2.49326 0 11264
23.859 36.8 2.83304 0 11776
23.8927 36.457 2.8597 0 12288
23.927 36.279 2.87373 0 12800
23.9624 36.329 3.18864 0 13312
23.9967 42.665 2.71511 0 13824
24.0006 41.438 2.7955 0 14336
24.0359 40.456 3.14969 0 14848
24.0717 39.766 3.20435 0 15360
24.1075 39.263 3.2454 0 15872
24.1445 39.052 3.55956 0 16384
24.1479 38.788 3.58379 0 16896
24.1844 38.624 3.89892 0 17408
24.2212 38.59 3.90236 0 17920
24.2584 38.61 3.90034 0 18432
24.2957 45.355 3.5757 0 18944
24.3003 44.166 3.67196 0 19456
24.338 43.168 3.75686 0 19968
24.3738 41.984 4.13872 0 20480
24.4089 41.085 4.22928 0 20992
24.4118 40.077 4.33565 0 21504
24.4329 36.388 5.09355 0 22016
24.4533 33.484 5.5353 0 22528
24.474 31.209 5.9388 0 23040
24.4947 29.581 6.65725 0 23552
24.499 28.231 6.97559 0 24064
24.5202 27.055 7.2788 0 24576
24.5423 26.354 7.91197 0 25088
24.5627 25.793 8.08405 0 25600
24.5687 25.441 8.65123 0 26112
24.5908 25.207 8.73154 0 26624
24.6134 24.972 8.81371 0 27136
24.6358 25.072 9.24059 0 27648
24.6403 25.056 9.24649 0 28160
24.6634 25.044 9.25092 0 28672
24.6879 25.226 9.64338 0 29184
24.7115 25.323 9.60644 0 29696
24.7158 25.353 9.59508 0 30208
24.7831 25.089 5.07888 0 14848
24.7848 24.829 5.13206 0 15360
24.8081 24.718 5.15511 0 15872
24.8316 24.581 5.6551 0 16384
24.8549 24.567 5.65832 0 16896
24.8583 24.652 6.10871 0 17408
24.883 24.816 6.06834 0 17920
24.9066 24.996 6.02464 0 18432
24.9316 25.091 6.46351 0 18944
24.9554 29.349 5.52578 0 19456
24.9595 28.718 5.64719 0 19968
24.9849 28.358 6.12737 0 20480
25.0104 28.117 6.17989 0 20992
25.0352 27.877 6.2331 0 21504
25.0616 31.962 5.79889 0 22016
25.0657 31.097 5.96019 0 22528
25.0916 30.405 6.09584 0 23040
25.1188 30.043 6.55487 0 23552
25.1234 29.754 6.61854 0 24064
25.1496 29.475 6.68119 0 24576
25.1767 29.347 7.10505 0 25088
25.2041 29.294 7.11791 0 25600
25.232 29.443 7.47533 0 26112
25.2375 29.562 7.44523 0 26624
25.2649 29.61 7.43316 0 27136
25.2937 29.696 7.80172 0 27648
25.3211 34.282 6.75807 0 28160
25.3272 33.578 6.89976 0 28672
25.3548 32.822 7.41161 0 29184
25.3812 31.785 7.65342 0 29696
25.4007 29.946 8.12342 0 30208
25.405 28.234 9.02628 0 30720
25.4241 26.783 9.51529 0 31232
25.4434 25.574 9.96512 0 31744
25.4631 24.655 10.8064 0 32256
25.467 23.919 11.1389 0 32768
25.486 23.283 11.4432 0 33280
25.5061 22.918 12.1309 0 33792
25.5246 22.53 12.3398 0 34304
25.5297 22.22 13.0333 0 34816
25.549 21.971 13.181 0 35328
25.5678 21.773 13.3009 0 35840
25.5876 21.71 13.8731 0 36352
25.5919 21.612 13.936 0 36864
25.6107 21.437 14.0497 0 37376
25.6309 21.427 14.5969 0 37888
25.6506 21.563 14.5048 0 38400
25.6554 21.624 14.4639 0 38912
25.6761 21.818 14.8663 0 39424
25.6963 21.876 14.8268 0 39936
25.7167 22.019 14.7306 0 40448
25.7806 21.762 7.45226 0 19968
25.783 21.606 8.04221 0 20480
25.8033 21.48 8.08939 0 20992
25.8228 21.332 8.14551 0 21504
25.843 21.295 8.70364 0 22016
25.8464 21.28 8.70977 0 22528
25.8661 21.363 8.67594 0 23040
25.8868 21.368 9.21602 0 23552
25.9075 21.468 9.17309 0 24064
25.9111 21.596 9.11873 0 24576
25.9322 21.843 9.54594 0 25088
25.9536 22.089 9.43963 0 25600
25.975 22.237 9.89774 0 26112
25.9971 22.548 9.76122 0 26624
26.0005 22.748 9.6754 0 27136
26.0233 23.005 10.0709 0 27648
26.0464 23.306 9.94079 0 28160
26.0682 23.499 9.85914 0 28672
26.0733 23.702 10.2634 0 29184
26.0959 23.912 10.1733 0 29696
26.1199 24.176 10.0622 0 30208
26.1442 24.628 10.3479 0 30720
26.1487 24.893 10.2377 0 31232
26.1718 25.009 10.1903 0 31744
26.1966 25.198 10.5735 0 32256
26.2204 25.446 10.4705 0 32768
26.2261 25.691 10.3706 0 33280
26.2516 26.032 10.6798 0 33792
26.2766 26.257 10.5883 0 34304
26.3028 26.533 10.9147 0 34816
26.3076 26.705 10.8444 0 35328
26.3328 26.94 10.7498 0 35840
26.3559 26.454 11.3852 0 36352
26.3778 26.258 11.4702 0 36864
26.3826 25.861 11.6463 0 37376
26.4019 24.884 12.569 0 37888
26.4212 24.103 12.9763 0 38400
26.4387 23.43 13.349 0 38912
26.445 22.94 14.1391 0 39424
26.4641 22.547 14.3856 0 39936
26.4824 22.185 14.6203 0 40448
26.5009 21.992 15.2754 0 40960
26.507 21.789 15.4177 0 41472
26.5256 21.579 15.5677 0 41984
26.5446 21.459 16.1946 0 42496
26.5629 21.363 16.2674 0 43008
26.5692 21.286 16.8704 0 43520
26.5875 21.224 16.9197 0 44032
26.6061 21.127 16.9974 0 44544
26.6249 23.645 15.6772 0 45056
26.6309 23.193 15.9828 0 45568
26.6499 22.736 16.304 0 46080
26.6693 22.514 16.9793 0 46592
26.6753 22.337 17.1138 0 47104
26.6946 22.292 17.1484 0 47616
26.715 22.303 17.6593 0 48128
26.7772 21.99 8.95534 0 24064
26.7798 21.74 9.05833 0 24576
26.8003 21.587 9.65915 0 25088
26.8196 21.417 9.73582 0 25600
26.8392 21.33 10.3186 0 26112
26.8428 21.259 10.3531 0 26624
26.8621 21.203 10.3804 0 27136
26.8821 21.158 10.95 0 27648
26.902 21.204 10.9262 0 28160
26.9056 21.289 10.8826 0 28672
26.9256 21.309 11.416 0 29184
26.9458 21.421 11.3563 0 29696
26.966 21.51 11.3093 0 30208
26.9869 24.946 10.216 0 30720
26.9912 24.427 10.433 0 31232
27.0116 24.011 10.6138 0 31744
27.0335 23.823 11.1838 0 32256
27.0378 23.673 11.2547 0 32768
27.0592 23.648 11.2666 0 33280
27.0816 23.677 11.742 0 33792
27.1039 23.7 11.7306 0 34304
27.109 23.814 12.1609 0 34816
27.1311 23.954 12.0898 0 35328
27.1544 24.162 11.9858 0 35840
27.1782 24.376 12.3558 0 36352
27.2005 28.056 10.7351 0 36864
27.2058 27.491 10.9557 0 37376
27.2301 27.184 11.5056 0 37888
27.2544 27.034 11.5694 0 38400
27.2596 26.914 11.621 0 38912
27.2844 26.866 12.073 0 39424
27.3087 26.828 12.0901 0 39936
27.3339 26.894 12.0604 0 40448
27.3392 26.898 12.4893 0 40960
27.3603 26.18 12.8318 0 41472
27.382 25.606 13.1194 0 41984
27.401 24.681 14.0805 0 42496
27.4063 23.94 14.5163 0 43008
27.4251 23.348 15.3805 0 43520
27.4439 22.874 15.6992 0 44032
27.4625 22.447 15.9979 0 44544
27.4688 22.249 16.6609 0 45056
27.4869 21.995 16.8533 0 45568
27.5057 21.743 17.0486 0 46080
27.5245 21.59 17.706 0 46592
27.5303 21.468 17.8066 0 47104
27.5483 21.322 17.9285 0 47616
27.5674 21.253 18.5318 0 48128
27.5857 21.232 18.5501 0 48640
27.5915 21.133 18.637 0 49152
27.6105 21.136 19.1824 0 49664
27.6293 21.104 19.2115 0 50176
27.6481 21.175 19.6942 0 50688
27.6546 21.232 19.6413 0 51200
27.6736 21.359 19.5245 0 51712
27.6935 21.509 19.9269 0 52224
27.7128 21.725 19.7288 0 52736
27.7193 21.802 19.6591 0 53248
27.7783 21.637 10.1722 0 26624
27.7815 21.505 10.2346 0 27136
27.8015 21.4 10.8262 0 27648
27.821 21.316 10.8688 0 28160
27.8401 21.2 10.9283 0 28672
27.8442 21.156 11.4986 0 29184
27.8635 21.12 11.5182 0 29696
27.8825 21.044 11.5598 0 30208
27.9027 21.079 12.0901 0 30720
27.9061 21.092 12.0827 0 31232
27.9258 21.118 12.0678 0 31744
27.9463 21.22 12.5557 0 32256
27.966 21.301 12.508 0 32768
27.9701 21.367 12.4693 0 33280
27.9905 21.467 12.9509 0 33792
28.0114 21.644 12.8449 0 34304
28.0328 21.977 13.1774 0 34816
28.0371 22.196 13.0474 0 35328
28.0585 22.371 12.9453 0 35840
28.0804 22.559 13.3509 0 36352
28.1022 22.805 13.2069 0 36864
28.1066 23.002 13.0938 0 37376
28.1294 23.304 13.4212 0 37888
28.1517 23.546 13.2833 0 38400
28.1743 23.787 13.1487 0 38912
28.1803 24.028 13.4989 0 39424
28.2027 24.269 13.3649 0 39936
28.2262 24.51 13.2335 0 40448
28.2503 24.895 13.4941 0 40960
28.2556 25.155 13.3546 0 41472
28.2796 25.267 13.2954 0 41984
28.3041 25.5 13.6282 0 42496
28.3284 25.783 13.4786 0 43008
28.3344 26.058 13.781 0 43520
28.3551 25.412 14.1313 0 44032
28.3752 24.8 14.48 0 44544
28.3954 27.241 13.6077 0 45056
28.4007 26.215 14.1403 0 45568
28.4198 25.168 14.7285 0 46080
28.4388 24.378 15.681 0 46592
28.4446 23.746 16.0984 0 47104
28.4627 23.144 16.5171 0 47616
28.4818 22.711 17.3421 0 48128
28.5006 22.412 17.5734 0 48640
28.5063 22.174 17.7621 0 49152
28.5256 22.031 18.4032 0 49664
28.5444 21.82 18.5811 0 50176
28.5628 21.652 19.2603 0 50688
28.5693 21.517 19.3811 0 51200
28.5874 21.409 19.4789 0 51712
28.6064 21.371 20.0556 0 52224
28.6252 21.374 20.0528 0 52736
28.6314 21.377 20.05 0 53248
28.6506 21.331 20.6363 0 53760
28.6694 21.391 20.5784 0 54272
28.6886 21.534 20.4417 0 54784
28.6958 21.697 20.822 0 55296
28.716 21.924 20.6065 0 55808
28.7775 21.735 10.6593 0 27648
28.7804 21.583 10.7344 0 28160
28.7997 21.414 10.8191 0 28672
28.8195 21.327 11.4064 0 29184
28.8392 21.257 11.4439 0 29696
28.8426 21.201 11.4742 0 30208
28.8621 21.157 12.0456 0 30720
28.8817 21.121 12.0661 0 31232
28.9011 21.078 12.0907 0 31744
28.9059 21.092 12.6319 0 32256
28.9248 21.069 12.6457 0 32768
28.9443 21.099 12.6277 0 33280
28.9645 21.205 13.1109 0 33792
28.9686 21.29 13.0585 0 34304
28.9895 21.502 13.4685 0 34816
29.0097 21.575 13.4229 0 35328
29.0299 21.778 13.2978 0 35840
29.0351 21.94 13.7276 0 36352
29.0558 22.166 13.5877 0 36864
29.0774 22.443 13.42 0 37376
29.0995 22.617 13.8289 0 37888
29.1043 22.803 13.7161 0 38400
29.126 23.001 13.598 0 38912
29.1486 23.303 13.9189 0 39424
29.1709 23.593 13.7478 0 39936
29.1769 23.873 13.5866 0 40448
29.1995 24.049 13.9688 0 40960
29.2226 24.286 13.8325 0 41472
29.2286 24.523 13.6988 0 41984
29.2524 24.809 14.0078 0 42496
29.2759 25.134 13.8267 0 43008
29.3005 25.346 14.1681 0 43520
29.324 25.66 13.9947 0 44032
29.33 25.719 13.9626 0 44544
29.3502 24.997 14.8293 0 45056
29.3701 24.467 15.1505 0 45568
29.3757 24.092 15.3864 0 46080
29.3963 23.791 16.0679 0 46592
29.4147 23.229 16.4567 0 47104
29.4332 22.731 16.8172 0 47616
29.4513 24.701 15.9449 0 48128
29.4581 23.957 16.4401 0 48640
29.4766 23.361 16.8596 0 49152
29.4959 22.98 17.6432 0 49664
29.5017 22.676 17.8797 0 50176
29.5205 22.337 18.6697 0 50688
29.5391 22.113 18.8588 0 51200
29.5577 21.886 19.0544 0 51712
29.5644 21.752 19.7043 0 52224
29.583 21.646 19.8008 0 52736
29.6013 21.512 19.9241 0 53248
29.6199 21.501 20.4731 0 53760
29.6266 21.397 20.5726 0 54272
29.6449 21.347 20.6208 0 54784
29.6646 21.451 21.0608 0 55296
29.6819 21.583 20.932 0 55808
29.6903 21.688 20.8307 0 56320
29.7103 21.82 21.2356 0 56832
29.7722 21.652 10.7002 0 28160
29.7751 21.517 10.7673 0 28672
29.7954 21.409 11.3627 0 29184
29.8147 21.323 11.4085 0 29696
29.8337 21.206 11.4715 0 30208
29.8385 21.257 11.9889 0 30720
29.8571 21.201 12.0206 0 31232
29.8764 21.108 12.0735 0 31744
29.8962 21.082 12.6379 0 32256
29.9 21.061 12.6505 0 32768
29.9191 20.997 12.6891 0 33280
29.9386 20.993 13.2433 0 33792
29.9579 20.942 13.2755 0 34304
29.9622 20.949 13.824 0 34816
29.9815 20.955 13.8201 0 35328
30.0006 20.913 13.8478 0 35840
30.0196 20.926 14.3928 0 36352
30.024 20.937 14.3853 0 36864
30.0433 20.897 14.4128 0 37376
30.0626 20.913 14.9557 0 37888
30.0814 20.926 14.9464 0 38400
30.0862 20.935 14.94 0 38912
30.1052 20.943 15.4874 0 39424
30.1243 20.95 15.4822 0 39936
30.1431 20.908 15.5133 0 40448
30.1484 20.922 16.0566 0 40960
30.1672 20.933 16.0482 0 41472
30.1858 20.894 16.0781 0 41984
30.2053 20.911 16.619 0 42496
30.2101 20.924 16.6087 0 43008
30.2294 20.935 17.1533 0 43520
30.2482 20.944 17.1459 0 44032
30.2668 20.902 17.1804 0 44544
30.2728 20.966 17.6804 0 45056
30.2912 20.968 17.6787 0 45568
30.3095 20.922 17.7176 0 46080
30.3288 20.933 18.2617 0 46592
30.3341 20.942 18.2538 0 47104
30.3527 20.901 18.2897 0 47616
30.3717 20.917 18.8295 0 48128
30.3782 20.881 18.8619 0 48640
30.3958 20.852 18.8882 0 49152
30.4146 20.877 19.4204 0 49664
30.4327 20.849 19.4465 0 50176
30.4397 20.875 19.9772 0 50688
30.4576 20.896 19.9571 0 51200
30.4761 20.912 19.9419 0 51712
30.4949 20.925 20.4831 0 52224
30.5014 20.936 20.4723 0 52736
30.5195 20.944 20.4645 0 53248
30.5381 20.951 21.0105 0 53760
30.5567 20.956 21.0055 0 54272
30.5629 20.961 21.0005 0 54784
30.5817 20.964 21.5501 0 55296
30.6001 20.967 21.547 0 55808
30.6177 20.921 21.5944 0 56320
30.6249 20.933 22.1354 0 56832
30.6435 20.942 22.1259 0 57344
30.6613 20.901 22.1693 0 57856
30.6797 20.916 22.7072 0 58368
30.6869 20.929 22.6931 0 58880
30.7047 20.939 23.2355 0 59392
30.7638 20.898 17.1837 0 44544
30.7698 20.914 17.7244 0 45056
30.7884 20.927 17.7134 0 45568
30.8067 20.889 17.7456 0 46080
30.8125 20.907 18.2844 0 46592
30.8313 20.921 18.2722 0 47104
30.8499 20.884 18.3045 0 47616
30.869 20.903 18.8421 0 48128
30.8742 20.918 18.8286 0 48640
30.8931 20.882 18.861 0 49152
30.9119 20.901 19.3981 0 49664
30.93 20.869 19.4279 0 50176
30.9367 20.89 19.9629 0 50688
30.9548 20.908 19.9457 0 51200
30.9731 20.874 19.9782 0 51712
30.9919 20.895 20.5125 0 52224
30.9982 20.911 20.4968 0 52736
31.0163 20.877 20.5302 0 53248
31.0349 20.897 21.0648 0 53760
31.053 20.913 21.0487 0 54272
31.0597 20.926 21.0356 0 54784
31.078 20.937 21.5779 0 55296
31.0964 20.945 21.5696 0 55808
31.1144 20.903 21.613 0 56320
31.1217 20.918 22.1513 0 56832
31.1397 20.93 22.1386 0 57344
31.1576 20.892 22.1788 0 57856
31.1764 20.909 22.7148 0 58368
31.1831 20.923 22.6996 0 58880
31.2017 20.934 23.241 0 59392
31.2198 20.943 23.2311 0 59904
31.2277 20.95 23.2233 0 60416
31.2454 20.955 23.7706 0 60928
31.2632 20.96 23.7649 0 61440
31.2808 20.916 23.8149 0 61952
31.2897 21.072 24.1883 0 62464
31.3066 21.053 24.2101 0 62976
31.3246 21.024 24.2435 0 63488
31.343 21.015 24.8051 0 64000
31.3507 21.008 24.8134 0 64512
31.3683 20.954 24.8774 0 65024
31.3869 21.055 25.3082 0 65536
31.4042 20.991 25.3854 0 66048
31.4124 20.941 25.446 0 66560
31.4303 20.948 25.9905 0 67072
31.4481 20.954 25.983 0 67584
31.4664 21.055 26.4085 0 68096
31.4746 21.088 26.3672 0 68608
31.4922 21.066 26.3948 0 69120
31.5103 21.096 26.9063 0 69632
31.5185 21.121 26.8745 0 70144
31.5366 21.14 26.8503 0 70656
31.5549 21.156 27.3776 0 71168
31.5723 21.168 27.3621 0 71680
31.5809 21.178 27.3491 0 72192
31.5988 21.138 27.9489 0 72704
31.6163 21.14 27.9463 0 73216
31.6346 21.19 27.8803 0 73728
31.6437 21.277 28.3108 0 74240
31.6618 21.396 28.1533 0 74752
31.68 21.442 28.0929 0 75264
31.699 21.576 28.4553 0 75776
31.7081 21.682 28.3162 0 76288
31.7634 21.541 23.6617 0 62976
31.7706 21.429 23.7853 0 63488
31.7889 21.339 24.4285 0 64000
31.807 21.3 24.4732 0 64512
31.8251 21.284 24.4916 0 65024
31.8332 21.319 24.9948 0 65536
31.851 21.285 25.0347 0 66048
31.8695 21.305 25.0112 0 66560
31.8883 21.466 25.3633 0 67072
31.8964 21.547 25.2679 0 67584
31.9159 21.707 25.6153 0 68096
31.9346 21.787 25.5213 0 68608
31.9517 21.9 25.3896 0 69120
31.9623 22.038 25.7562 0 69632
31.982 22.196 25.5729 0 70144
32.0015 22.371 25.3728 0 70656
32.0192 24.193 23.9408 0 71168
32.0298 23.969 24.1645 0 71680
32.0495 23.789 24.3474 0 72192
32.0699 23.741 24.8845 0 72704
32.0796 23.703 24.9244 0 73216
32.0993 23.721 24.9055 0 73728
32.1202 23.831 25.2767 0 74240
32.1404 23.871 25.2343 0 74752
32.1495 23.903 25.2005 0 75264
32.1709 24.025 25.5547 0 75776
32.192 24.17 25.4014 0 76288
32.2139 24.431 25.6042 0 76800
32.223 24.591 25.4376 0 77312
32.2442 24.672 25.3541 0 77824
32.2665 24.832 25.6572 0 78336
32.2884 25.056 25.4278 0 78848
32.2978 25.188 25.2946 0 79360
32.3206 25.389 25.5506 0 79872
32.3377 24.507 26.4702 0 80384
32.3481 23.849 27.2005 0 80896
32.365 23.323 28.3106 0 81408
32.3826 22.902 28.831 0 81920
32.3992 22.469 29.3866 0 82432
32.4103 22.171 30.3041 0 82944
32.4265 21.932 30.6343 0 83456
32.4436 21.742 30.902 0 83968
32.4612 21.637 31.5874 0 84480
32.4718 21.553 31.7105 0 84992
32.4891 21.472 32.3696 0 85504
32.5061 21.455 32.3952 0 86016
32.5234 21.49 32.3425 0 86528
32.535 21.566 32.7656 0 87040
32.552 21.674 32.6024 0 87552
32.5703 21.713 32.5438 0 88064
32.5888 21.985 32.6681 0 88576
32.5994 22.058 32.56 0 89088
32.6176 22.164 32.4043 0 89600
32.6371 22.345 32.6602 0 90112
32.6482 22.49 32.4496 0 90624
32.666 22.558 32.3518 0 91136
32.6854 22.709 32.6468 0 91648
32.7051 22.877 32.407 0 92160
32.7167 23.012 32.2169 0 92672
32.7726 22.557 16.4334 0 46080
32.7791 22.241 17.1877 0 46592
32.7967 21.989 17.3847 0 47104
32.8153 21.738 17.5854 0 47616
32.8344 23.283 16.916 0 48128
32.8411 22.87 17.2215 0 48640
32.8585 22.443 17.5492 0 49152
32.8773 22.15 18.3043 0 49664
32.8886 21.964 18.4593 0 50176
32.9031 21.815 19.1164 0 50688
32.9216 21.84 19.0945 0 51200
32.9385 21.619 19.2897 0 51712
32.9474 21.539 19.8992 0 52224
32.965 21.427 20.0032 0 52736
32.9817 21.289 20.1328 0 53248
33.0003 21.227 20.7374 0 53760
33.0094 21.225 20.7393 0 54272
33.0268 21.128 20.8345 0 54784
33.0437 21.098 21.4132 0 55296
33.062 21.074 21.4376 0 55808
33.0711 21.055 21.4569 0 56320
33.089 21.087 21.9737 0 56832
33.1058 21.066 21.9956 0 57344
33.1239 21.048 22.0144 0 57856
33.1326 21.082 22.5284 0 58368
33.1507 21.061 22.5509 0 58880
33.168 21.141 23.0135 0 59392
33.1859 22.262 21.8546 0 59904
33.1941 21.957 22.1582 0 60416
33.2125 21.857 22.7896 0 60928
33.23 21.73 22.9228 0 61440
33.2427 21.661 22.9958 0 61952
33.2569 21.655 23.5371 0 62464
33.2754 21.697 23.4915 0 62976
33.2937 21.684 23.5056 0 63488
33.3069 21.817 23.8933 0 64000
33.3213 21.875 23.8299 0 64512
33.3387 21.696 24.0265 0 65024
33.357 21.6 24.6696 0 65536
33.3666 21.524 24.7567 0 66048
33.3833 21.415 24.8827 0 66560
33.4014 21.375 25.4713 0 67072
33.4185 21.296 25.5657 0 67584
33.4286 21.28 26.1293 0 68096
33.4455 21.22 26.2032 0 68608
33.4624 21.124 26.3223 0 69120
33.48 21.191 26.7857 0 69632
33.4906 21.244 26.7189 0 70144
33.507 21.191 26.7857 0 70656
33.5246 21.148 27.3879 0 71168
33.5415 22.378 25.8826 0 71680
33.5509 22.098 26.2105 0 72192
33.5687 21.97 26.8905 0 72704
33.5866 21.82 27.0753 0 73216
33.5972 21.7 27.2251 0 73728
33.6133 21.555 27.9456 0 74240
33.6305 21.44 28.0955 0 74752
33.6476 21.347 28.2179 0 75264
33.6591 21.322 28.7943 0 75776
33.6753 21.301 28.8227 0 76288
33.6924 21.236 29.4564 0 76800
33.7096 21.185 29.5273 0 77312
33.773 21.143 18.6282 0 48128
33.7792 21.11 18.6573 0 48640
33.7983 21.084 18.6803 0 49152
33.8159 21.063 19.2489 0 49664
33.8238 21.094 19.2206 0 50176
33.8424 21.119 19.7464 0 50688
33.8605 21.187 19.683 0 51200
33.8772 21.097 19.767 0 51712
33.8868 21.169 20.247 0 52224
33.9042 21.131 20.2834 0 52736
33.9215 21.052 20.3595 0 53248
33.9389 21.038 20.9237 0 53760
33.9478 21.122 20.8405 0 54272
33.9654 21.045 20.9167 0 54784
33.9821 21.032 21.4804 0 55296
34.0002 21.021 21.4917 0 55808
34.0088 20.964 21.5501 0 56320
34.0271 20.967 22.0995 0 56832
34.0436 20.969 22.0974 0 57344
34.0614 20.923 22.146 0 57856
34.0708 20.934 22.6877 0 58368
34.0882 20.895 22.73 0 58880
34.1059 20.993 23.1757 0 59392
34.124 20.99 23.179 0 59904
34.1322 20.988 23.1812 0 60416
34.1508 21.034 23.6813 0 60928
34.1679 21.071 23.6397 0 61440
34.1778 21.052 23.661 0 61952
34.1951 21.134 24.1173 0 62464
34.2128 21.199 24.0434 0 62976
34.2299 21.154 24.0945 0 63488
34.2405 21.249 24.532 0 64000
34.2573 21.277 24.4997 0 64512
34.2753 21.347 24.4194 0 65024
34.2936 21.452 24.8398 0 65536
34.3027 21.487 24.7994 0 66048
34.321 21.515 24.7671 0 66560
34.3383 21.504 25.3185 0 67072
34.3557 21.399 25.4427 0 67584
34.3663 21.363 26.0278 0 68096
34.3832 21.334 26.0632 0 68608
34.3996 21.215 26.2094 0 69120
34.4174 21.215 26.7554 0 69632
34.4271 21.264 26.6938 0 70144
34.4444 21.207 26.7655 0 70656
34.4616 21.209 27.3092 0 71168
34.4777 22.379 25.8814 0 71680
34.4883 22.05 26.2676 0 72192
34.5064 21.884 26.9962 0 72704
34.5231 21.751 27.1612 0 73216
34.5341 21.644 27.2955 0 73728
34.5513 21.607 27.8784 0 74240
34.5681 21.529 27.9794 0 74752
34.5848 21.371 28.1862 0 75264
34.5966 21.341 28.7687 0 75776
34.6132 21.316 28.8024 0 76288
34.6304 21.345 29.306 0 76800
34.647 21.319 29.3417 0 77312
34.6585 21.251 29.4356 0 77824
34.6754 21.197 30.0571 0 78336
34.6914 21.249 29.9835 0 78848
34.7083 21.195 30.0599 0 79360
34.7682 21.151 24.6456 0 64512
34.7782 21.069 24.7416 0 65024
34.7955 21.099 25.2554 0 65536
34.8136 21.157 25.1862 0 66048
34.8234 21.203 25.1315 0 66560
34.841 21.158 25.7325 0 67072
34.8579 21.17 25.7179 0 67584
34.8758 21.18 26.2527 0 68096
34.8856 21.235 26.1847 0 68608
34.9035 21.28 26.1293 0 69120
34.9199 21.22 26.7491 0 69632
34.9375 21.267 26.69 0 70144
34.9476 21.258 26.7013 0 70656
34.9655 21.298 27.195 0 71168
34.9821 21.33 27.1542 0 71680
34.9992 21.342 27.139 0 72192
35.0105 21.351 27.6701 0 72704
35.0278 21.454 27.5372 0 73216
35.0448 21.489 27.4924 0 73728
35.0633 21.709 27.7474 0 74240
35.0749 21.837 27.5847 0 74752
35.0922 21.94 27.4552 0 75264
35.1109 22.022 27.879 0 75776
35.1275 22.183 27.6767 0 76288
35.1415 22.313 28.0346 0 76800
35.1592 22.464 27.8462 0 77312
35.1782 22.633 27.6382 0 77824
35.1907 22.817 27.923 0 78336
35.2095 22.916 27.8024 0 78848
35.228 23.091 27.5917 0 79360
35.2482 23.279 27.8665 0 79872
35.2592 23.429 27.6881 0 80384
35.2792 23.598 27.4898 0 80896
35.2989 23.733 27.8215 0 81408
35.3188 23.937 27.5844 0 81920
35.3308 23.956 27.5625 0 82432
35.3482 23.456 28.6439 0 82944
35.3639 22.961 29.2614 0 83456
35.3774 22.564 29.7763 0 83968
35.3933 22.295 30.6551 0 84480
35.4094 22.08 30.9536 0 84992
35.426 21.941 31.6777 0 85504
35.4419 22.119 31.4228 0 86016
35.4554 21.925 31.7008 0 86528
35.4715 21.865 32.3176 0 87040
35.4888 21.866 32.3161 0 87552
35.5013 21.867 32.3146 0 88064
35.5202 21.963 32.7008 0 88576
35.5366 21.992 32.6577 0 89088
35.5541 22.064 32.5511 0 89600
35.5671 22.169 32.9195 0 90112
35.5858 22.301 32.7246 0 90624
35.6024 22.455 32.5002 0 91136
35.6217 22.674 32.6972 0 91648
35.6346 22.753 32.5837 0 92160
35.6541 22.913 32.3561 0 92672
35.6719 23.088 32.6126 0 93184
35.6904 23.277 32.3478 0 93696
35.7048 23.476 32.567 0 94208
35.7661 22.928 24.7565 0 70656
35.7819 22.586 25.6442 0 71168
35.7998 22.361 25.9022 0 71680
35.8099 22.084 26.2271 0 72192
35.827 21.911 26.9629 0 72704
35.8438 21.758 27.1525 0 73216
35.8609 21.684 27.2452 0 73728
35.8734 21.721 27.7321 0 74240
35.8897 21.751 27.6938 0 74752
35.9075 21.726 27.7257 0 75264
35.925 21.899 28.0356 0 75776
35.9375 21.941 27.982 0 76288
35.9548 22.071 28.342 0 76800
35.9734 22.222 28.1494 0 77312
35.9904 22.344 27.9957 0 77824
36.0046 22.441 28.3909 0 78336
36.0221 22.663 28.1128 0 78848
36.0414 22.793 27.9524 0 79360
36.0558 23.377 27.7497 0 79872
36.0728 23.7 27.3715 0 80384
36.0906 23.67 27.4062 0 80896
36.1115 23.742 27.811 0 81408
36.1236 23.8 27.7432 0 81920
36.1425 23.895 27.6329 0 82432
36.1627 24.066 27.9179 0 82944
36.1822 24.203 27.7599 0 83456
36.1954 24.265 27.6889 0 83968
36.2149 24.411 27.9979 0 84480
36.236 24.575 27.811 0 84992
36.2567 24.899 27.9144 0 85504
36.2704 25.062 27.7328 0 86016
36.2901 25.144 27.6424 0 86528
36.3112 25.258 27.9762 0 87040
36.3283 25.109 28.1423 0 87552
36.3414 24.283 29.0995 0 88064
36.3563 23.67 30.3425 0 88576
36.3736 23.18 30.984 0 89088
36.3886 22.739 31.5849 0 89600
36.4031 22.435 32.5292 0 90112
36.4182 22.24 32.8144 0 90624
36.4351 21.973 33.2131 0 91136
36.4485 21.904 33.8466 0 91648
36.4641 21.897 33.8574 0 92160
36.481 21.843 33.9411 0 92672
36.4995 21.897 34.3864 0 93184
36.512 21.939 34.3206 0 93696
36.5283 21.973 34.7947 0 94208
36.5456 22 34.752 0 94720
36.5636 22.07 34.6418 0 95232
36.5776 22.222 34.9261 0 95744
36.5939 22.344 34.7354 0 96256
36.6129 22.489 34.5115 0 96768
36.6316 22.605 34.8468 0 97280
36.6451 22.698 34.704 0 97792
36.6622 22.821 34.517 0 98304
36.6814 23.015 34.7294 0 98816
36.6984 23.218 34.4257 0 99328
36.7136 23.381 34.1857 0 99840
36.7715 22.9 17.7048 0 49664
36.7796 22.564 17.9684 0 50176
36.7982 22.295 18.7048 0 50688
36.8156 22.128 18.846 0 51200
36.8264 21.946 19.0023 0 51712
36.8416 21.752 19.7043 0 52224
36.8602 21.645 19.8017 0 52736
36.8771 21.512 19.9241 0 53248
36.8886 21.838 20.1572 0 53760
36.9038 21.666 20.3172 0 54272
36.9222 21.48 20.4931 0 54784
36.9376 21.38 21.1308 0 55296
36.948 21.347 21.1634 0 55808
36.9658 21.274 21.2361 0 56320
36.9844 21.311 21.7428 0 56832
36.9989 21.196 21.8607 0 57344
37.0097 21.201 21.8556 0 57856
37.0283 21.204 22.3988 0 58368
37.0444 21.159 22.4464 0 58880
37.0608 21.205 22.944 0 59392
37.0719 21.207 22.9419 0 59904
37.0895 21.113 23.044 0 60416
37.1069 21.183 23.5147 0 60928
37.1227 21.19 23.5069 0 61440
37.1334 21.147 23.5547 0 61952
37.1517 21.162 24.0854 0 62464
37.1679 21.221 24.0185 0 62976
37.1785 21.22 24.0196 0 63488
37.1954 21.172 24.6212 0 64000
37.2135 21.181 24.6107 0 64512
37.2291 21.237 24.5458 0 65024
37.2409 21.315 24.9995 0 65536
37.2579 21.282 25.0382 0 66048
37.2759 21.351 24.9573 0 66560
37.2928 21.454 25.3775 0 67072
37.3033 21.537 25.2797 0 67584
37.3223 21.7 25.6236 0 68096
37.3397 21.796 25.5107 0 68608
37.3556 21.632 25.7041 0 69120
37.3667 21.549 26.3407 0 69632
37.3845 21.531 26.3627 0 70144
37.4007 21.421 26.4981 0 70656
37.4174 21.428 27.0301 0 71168
37.4287 21.386 27.0831 0 71680
37.4463 21.305 27.1861 0 72192
37.4622 21.335 27.6908 0 72704
37.4733 21.216 27.8462 0 73216
37.4904 21.12 27.9727 0 73728
37.5087 21.14 28.4942 0 74240
37.5227 21.108 28.5374 0 74752
37.535 21.082 28.5726 0 75264
37.5533 21.157 29.0189 0 75776
37.5707 21.121 29.0683 0 76288
37.585 21.093 29.6561 0 76800
37.597 21.07 29.6885 0 77312
37.6146 21.051 29.7153 0 77824
37.6317 21.133 30.1481 0 78336
37.6464 21.15 30.1239 0 78848
37.6594 21.164 30.104 0 79360
37.6766 21.127 30.705 0 79872
37.6915 21.241 30.5402 0 80384
37.7072 21.188 30.6166 0 80896
37.7638 21.146 25.1993 0 65536
37.7795 21.161 25.1814 0 66048
37.7952 21.124 25.2255 0 66560
37.8119 21.143 25.7507 0 67072
37.8241 21.206 25.6742 0 67584
37.8422 21.161 26.2763 0 68096
37.8572 21.172 26.2626 0 68608
37.8734 21.085 26.371 0 69120
37.8863 21.112 26.8859 0 69632
37.904 21.229 26.7378 0 70144
37.9182 21.179 26.8009 0 70656
37.9346 21.97 26.3632 0 71168
37.9483 21.82 26.5445 0 71680
37.9652 21.651 26.7517 0 72192
37.9797 21.613 27.3347 0 72704
37.9929 21.582 27.3739 0 73216
38.0102 21.447 27.5462 0 73728
38.0275 21.676 27.7896 0 74240
38.0412 21.618 27.8642 0 74752
38.0552 21.572 27.9236 0 75264
38.0739 21.631 28.383 0 75776
38.0895 21.727 28.2576 0 76288
38.1064 21.803 28.6904 0 76800
38.1203 21.864 28.6103 0 77312
38.1388 21.961 28.4839 0 77824
38.1551 22.183 28.7211 0 78336
38.1727 22.409 28.4314 0 78848
38.1871 22.541 28.2649 0 79360
38.2068 22.647 28.6441 0 79872
38.2217 22.828 28.417 0 80384
38.2361 22.972 28.2389 0 80896
38.2561 23.136 28.5394 0 81408
38.2751 23.315 28.3203 0 81920
38.2919 23.458 28.1477 0 82432
38.3068 23.669 28.3862 0 82944
38.3267 23.79 28.2418 0 83456
38.3405 23.227 28.9263 0 83968
38.3562 22.826 29.942 0 84480
38.3716 22.504 30.3704 0 84992
38.3889 22.247 31.242 0 85504
38.4039 22.137 31.3972 0 86016
38.4167 21.857 31.7994 0 86528
38.4335 21.682 32.5904 0 87040
38.4507 21.589 32.7307 0 87552
38.4628 21.467 32.9168 0 88064
38.4791 21.417 33.5345 0 88576
38.4962 21.425 33.522 0 89088
38.5126 21.288 33.7377 0 89600
38.5242 21.226 34.382 0 90112
38.5408 21.224 34.3852 0 90624
38.5577 21.257 34.3318 0 91136
38.5752 21.427 34.6001 0 91648
38.587 21.516 34.457 0 92160
38.6045 21.538 34.4218 0 92672
38.6225 21.652 34.7755 0 93184
38.6377 21.792 34.5521 0 93696
38.6519 21.951 34.8296 0 94208
38.6704 22.127 34.5525 0 94720
38.6882 22.22 34.4079 0 95232
38.7028 22.438 34.5899 0 95744
38.7189 22.516 34.4701 0 96256
38.7696 22.305 27.5253 0 75776
38.7797 22.087 27.797 0 76288
38.7973 21.866 28.6077 0 76800
38.8144 21.688 28.8425 0 77312
38.8245 21.546 29.0326 0 77824
38.8414 21.432 29.7275 0 78336
38.8592 21.424 29.7386 0 78848
38.8765 21.32 29.8837 0 79360
38.8864 21.334 30.407 0 79872
38.9037 21.345 30.3914 0 80384
38.9214 21.401 30.3119 0 80896
38.9404 21.543 30.6498 0 81408
38.95 21.656 30.4898 0 81920
38.9683 21.699 30.4294 0 82432
38.9868 21.829 30.7789 0 82944
39.0034 21.981 30.566 0 83456
39.0152 22.103 30.3973 0 83968
39.0346 22.296 30.6537 0 84480
39.0539 22.403 30.5073 0 84992
39.0712 23.786 29.2205 0 85504
39.0834 23.691 29.3377 0 86016
39.1031 23.663 29.3724 0 86528
39.1231 23.737 29.7689 0 87040
39.1341 23.796 29.6951 0 87552
39.1534 23.795 29.6963 0 88064
39.1735 23.842 30.1236 0 88576
39.194 23.928 30.0154 0 89088
39.205 23.997 29.9291 0 89600
39.2252 24.148 30.2216 0 90112
39.2456 24.317 30.0116 0 90624
39.2663 24.452 29.8459 0 91136
39.2783 24.608 30.1274 0 91648
39.2987 24.733 29.9752 0 92160
39.3199 24.881 29.7969 0 92672
39.3375 24.197 31.1179 0 93184
39.3486 23.601 31.9037 0 93696
39.3655 23.125 33.0614 0 94208
39.3816 22.695 33.6878 0 94720
39.3932 22.352 34.2047 0 95232
39.4103 22.125 35.0792 0 95744
39.4271 21.978 35.3139 0 96256
39.4447 21.908 35.4267 0 96768
39.4567 21.9 35.9686 0 97280
39.4735 21.846 36.0575 0 97792
39.491 21.85 36.0509 0 98304
39.5088 21.95 36.4144 0 98816
39.5208 22.03 36.2822 0 99328
39.5384 22.142 36.0986 0 99840
39.5567 22.231 36.4752 0 100352
39.5752 22.351 36.2794 0 100864
39.5881 22.495 36.5621 0 101376
39.6064 22.658 36.2991 0 101888
39.6254 22.837 36.0145 0 102400
39.6434 23.124 36.0685 0 102912
39.6566 23.209 35.9364 0 103424
39.6754 23.277 35.8314 0 103936
39.6944 23.428 36.0949 0 104448
39.7073 23.597 35.8364 0 104960
39.7734 23.169 18.4992 0 52224
39.7828 22.731 18.8557 0 52736
39.8016 22.38 19.1514 0 53248
39.8204 22.148 19.875 0 53760
39.8266 21.962 20.0433 0 54272
39.845 21.717 20.2695 0 54784
39.8636 21.617 20.8991 0 55296
39.8819 21.538 20.9758 0 55808
39.8889 21.474 21.0383 0 56320
39.9079 21.471 21.5807 0 56832
39.926 21.372 21.6807 0 57344
39.9431 21.245 21.8103 0 57856
39.9516 21.192 22.4115 0 58368
39.9694 21.149 22.457 0 58880
39.988 21.115 23.0418 0 59392
40.0049 21.808 22.3096 0 59904
40.0133 21.641 22.4818 0 60416
40.0316 21.508 23.1594 0 60928
40.0495 21.402 23.2741 0 61440
40.0628 21.269 23.4196 0 61952
40.0748 21.211 24.0298 0 62464
40.0929 21.164 24.0832 0 62976
40.1103 21.079 24.1803 0 63488
40.1238 21.059 24.7533 0 64000
40.1363 21.043 24.7721 0 64512
40.1539 20.982 24.8442 0 65024
40.172 20.981 25.3975 0 65536
40.1802 20.98 25.3987 0 66048
40.1975 20.932 25.4569 0 66560
40.2159 20.941 25.9991 0 67072
40.2325 20.9 26.0501 0 67584
40.2417 20.916 26.5841 0 68096
40.2598 20.928 26.5688 0 68608
40.2771 20.89 26.6171 0 69120
40.2945 20.908 27.1483 0 69632
40.3032 20.922 27.1301 0 70144
40.3208 20.885 27.1782 0 70656
40.3384 20.904 27.7076 0 71168
40.3553 21.639 26.7665 0 71680
40.3644 21.459 26.991 0 72192
40.3823 21.363 27.6545 0 72704
40.3996 21.286 27.7546 0 73216
40.4124 21.176 27.8988 0 73728
40.4264 21.137 28.4983 0 74240
40.4435 21.105 28.5415 0 74752
40.4609 21.031 28.6419 0 75264
40.4744 21.021 29.2066 0 75776
40.4879 21.012 29.2191 0 76288
40.5055 21.005 29.7803 0 76800
40.5226 21 29.7874 0 77312
40.5317 20.996 29.7931 0 77824
40.5491 20.992 30.3506 0 78336
40.5665 20.989 30.3549 0 78848
40.5831 20.939 30.4274 0 79360
40.5937 20.947 30.9688 0 79872
40.6104 20.953 30.96 0 80384
40.6273 20.91 31.0236 0 80896
40.6446 20.924 31.5565 0 81408
40.6547 20.934 31.5414 0 81920
40.6719 20.895 31.6003 0 82432
40.689 20.912 32.1285 0 82944
40.7018 20.877 32.1824 0 83456
40.7155 20.849 32.2256 0 83968
40.7705 20.875 26.0813 0 67072
40.7782 20.896 26.0551 0 67584
40.7963 20.912 26.5891 0 68096
40.8139 20.925 26.5726 0 68608
40.8221 20.936 26.5587 0 69120
40.8399 20.944 27.1016 0 69632
40.8578 20.951 27.0925 0 70144
40.8749 20.908 27.1483 0 70656
40.8841 20.922 27.6838 0 71168
40.9012 20.933 27.6692 0 71680
40.9186 20.894 27.7209 0 72192
40.9364 20.911 28.2523 0 72704
40.9456 20.924 28.2348 0 73216
40.9627 20.887 28.2848 0 73728
40.9803 20.905 28.8145 0 74240
40.9972 20.872 28.8601 0 74752
41.0063 20.845 28.8975 0 75264
41.0242 20.872 29.4151 0 75776
41.0413 20.845 29.4532 0 76288
41.0589 22.472 27.8362 0 76800
41.0681 22.173 28.2116 0 77312
41.085 21.886 28.5816 0 77824
41.1028 21.704 29.355 0 78336
41.1124 21.559 29.5524 0 78848
41.1293 21.443 29.7123 0 79360
41.1469 21.35 30.3843 0 79872
41.1641 21.276 30.4899 0 80384
41.1737 21.216 30.5762 0 80896
41.191 21.168 31.1927 0 81408
41.2084 21.13 31.2488 0 81920
41.2251 21.052 31.3646 0 82432
41.2356 21.037 31.9376 0 82944
41.2523 21.025 31.9559 0 83456
41.2692 20.968 32.0427 0 83968
41.2866 20.97 32.5921 0 84480
41.2967 20.971 32.5905 0 84992
41.3143 20.973 33.1398 0 85504
41.3309 20.974 33.1382 0 86016
41.341 20.975 33.1366 0 86528
41.3584 20.975 33.6889 0 87040
41.3748 20.976 33.6873 0 87552
41.3919 20.928 33.7645 0 88064
41.403 20.938 34.3017 0 88576
41.4196 20.946 34.2886 0 89088
41.4361 20.905 34.3558 0 89600
41.4534 20.919 34.8866 0 90112
41.464 20.931 34.8666 0 90624
41.4802 20.892 34.9316 0 91136
41.4973 20.909 35.4573 0 91648
41.5142 20.875 35.515 0 92160
41.5253 20.848 35.561 0 92672
41.5422 20.874 36.0717 0 93184
41.5588 20.847 36.1184 0 93696
41.5755 20.873 36.6284 0 94208
41.5865 20.894 36.5916 0 94720
41.6024 20.863 36.6459 0 95232
41.6198 20.886 37.1602 0 95744
41.6314 20.904 37.1282 0 96256
41.6478 20.919 37.1016 0 96768
41.6649 20.931 37.6337 0 97280
41.6811 20.94 37.6176 0 97792
41.6926 20.948 37.6032 0 98304
41.7095 20.954 38.1453 0 98816
41.7623 20.911 34.8999 0 91136
41.7739 20.924 35.4318 0 91648
41.7905 20.935 35.4132 0 92160
41.8069 20.895 35.481 0 92672
41.8224 20.912 36.0061 0 93184
41.8354 20.925 35.9838 0 93696
41.852 20.936 36.5182 0 94208
41.8682 20.944 36.5042 0 94720
41.8797 20.951 36.492 0 95232
41.8966 20.956 37.0361 0 95744
41.913 20.961 37.0272 0 96256
41.9297 20.916 37.1069 0 96768
41.9417 20.929 37.6373 0 97280
41.9579 20.938 37.6212 0 97792
41.9743 20.898 37.6932 0 98304
41.9907 20.914 38.2182 0 98816
42.0022 20.927 38.1945 0 99328
42.0184 20.889 38.264 0 99840
42.0351 20.907 38.7851 0 100352
42.0515 20.873 38.8483 0 100864
42.0645 20.894 39.3636 0 101376
42.0804 20.911 39.3316 0 101888
42.0966 20.876 39.3976 0 102400
42.1127 21.185 39.3697 0 102912
42.1252 21.144 39.4461 0 103424
42.1412 21.062 39.5997 0 103936
42.1571 21.046 40.1802 0 104448
42.1696 21.032 40.2069 0 104960
42.1858 20.973 40.32 0 105472
42.2024 20.974 40.8704 0 105984
42.2186 20.975 40.8685 0 106496
42.2316 20.976 40.8665 0 107008
42.248 20.976 41.4188 0 107520
42.2639 20.976 41.4188 0 108032
42.2796 20.929 41.5118 0 108544
42.2931 20.939 42.0452 0 109056
42.3087 20.946 42.0311 0 109568
42.3247 20.953 42.5699 0 110080
42.3401 20.958 42.5598 0 110592
42.3541 20.962 42.5517 0 111104
42.3702 20.965 43.0981 0 111616
42.3859 20.968 43.0919 0 112128
42.4019 20.922 43.1867 0 112640
42.4158 20.933 43.7174 0 113152
42.4317 20.942 43.6986 0 113664
42.4469 20.901 43.7843 0 114176
42.4631 21.157 43.8021 0 114688
42.4766 21.121 43.8767 0 115200
42.492 21.044 44.0373 0 115712
42.5075 21.031 44.6153 0 116224
42.5214 21.021 44.6365 0 116736
42.5371 20.964 44.7579 0 117248
42.5538 20.967 45.304 0 117760
42.5692 20.921 45.4036 0 118272
42.5841 20.932 45.9331 0 118784
42.5996 20.942 45.9112 0 119296
42.6148 20.901 46.0012 0 119808
42.6305 20.916 46.5221 0 120320
42.6449 20.929 46.4932 0 120832
42.6599 20.89 46.58 0 121344
42.6753 20.908 47.0939 0 121856
42.6908 20.922 47.0624 0 122368
42.7052 20.933 47.0377 0 122880
42.7631 20.894 41.5813 0 108544
42.7764 20.911 42.1015 0 109056
42.792 20.924 42.0753 0 109568
42.8079 20.935 42.6065 0 110080
42.8214 20.944 42.5882 0 110592
42.8373 20.951 42.574 0 111104
42.854 20.956 43.1166 0 111616
42.8696 20.96 43.1084 0 112128
42.8836 20.964 43.1002 0 112640
42.8995 20.967 43.6465 0 113152
42.9154 20.969 43.6423 0 113664
42.9307 20.923 43.7383 0 114176
42.9446 20.934 44.2687 0 114688
42.9603 20.943 44.2496 0 115200
42.9753 20.902 44.3364 0 115712
42.9912 20.917 44.8584 0 116224
43.0051 20.929 44.8327 0 116736
43.0208 20.891 44.9143 0 117248
43.037 20.908 45.4318 0 117760
43.0524 20.874 45.5058 0 118272
43.0678 20.895 46.0145 0 118784
43.0833 20.912 45.977 0 119296
43.0985 20.877 46.0541 0 119808
43.1142 20.945 46.4577 0 120320
43.1286 20.952 46.4422 0 120832
43.1436 20.909 46.5377 0 121344
43.159 20.923 47.0602 0 121856
43.1734 20.934 47.0354 0 122368
43.1882 20.895 47.1232 0 122880
43.2039 20.911 47.6411 0 123392
43.2195 20.925 47.6093 0 123904
43.2349 20.935 47.5865 0 124416
43.2509 20.944 48.1192 0 124928
43.2663 20.951 48.1031 0 125440
43.2817 20.942 48.1238 0 125952
43.2976 20.983 48.5818 0 126464
43.3129 21.016 48.5055 0 126976
43.3288 21.09 48.8846 0 127488
43.3442 21.15 48.7459 0 128000
43.3596 21.198 48.6355 0 128512
43.3754 21.284 48.9833 0 129024
43.3908 21.353 48.825 0 129536
43.4062 21.408 48.6996 0 130048
43.422 21.5 49.03 0 130560
43.4374 21.574 48.8618 0 131072
43.4538 21.633 48.7285 0 131584
43.4706 21.728 49.0486 0 132096
43.4869 21.804 48.8776 0 132608
43.5033 21.865 48.7413 0 133120
43.5206 21.962 49.0535 0 133632
43.5369 22.039 48.8821 0 134144
43.5533 22.101 48.7449 0 134656
43.5701 22.199 49.0516 0 135168
43.5864 22.277 48.8798 0 135680
43.6032 22.388 49.1549 0 136192
43.6196 22.476 48.9624 0 136704
43.6359 22.547 48.8083 0 137216
43.6532 22.652 49.0934 0 137728
43.6696 22.735 48.9142 0 138240
43.6859 22.802 48.7705 0 138752
43.7027 22.904 49.059 0 139264
43.7191 22.985 48.8861 0 139776
43.771 22.584 28.2111 0 78848
43.7803 22.263 28.6179 0 79360
43.7979 22.006 29.4785 0 79872
43.8151 21.8 29.7571 0 80384
43.8247 21.636 29.9826 0 80896
43.8421 21.504 30.7054 0 81408
43.8594 21.399 30.856 0 81920
43.8761 21.267 31.0475 0 82432
43.8867 21.209 31.6786 0 82944
43.9033 21.163 31.7475 0 83456
43.9202 21.078 31.8755 0 83968
43.9376 21.058 32.4559 0 84480
43.9477 21.042 32.4806 0 84992
43.9653 21.029 33.0515 0 85504
43.9819 21.019 33.0672 0 86016
43.9984 20.963 33.1556 0 86528
44.0094 20.966 33.7033 0 87040
44.0258 20.968 33.7001 0 87552
44.043 20.922 33.7742 0 88064
44.0601 20.981 34.2314 0 88576
44.0707 20.981 34.2314 0 89088
44.0871 20.932 34.3115 0 89600
44.1044 20.941 34.8499 0 90112
44.115 20.949 34.8366 0 90624
44.1312 20.906 34.9083 0 91136
44.1483 20.921 35.4369 0 91648
44.1652 20.884 35.4997 0 92160
44.1763 20.855 35.5491 0 92672
44.1932 20.88 36.0613 0 93184
44.2093 20.851 36.1115 0 93696
44.2265 20.877 36.6214 0 94208
44.2375 20.897 36.5863 0 94720
44.2537 20.913 36.5583 0 95232
44.2706 20.926 37.0892 0 95744
44.2875 20.936 37.0715 0 96256
44.299 20.945 37.0555 0 96768
44.3162 20.951 37.5978 0 97280
44.3323 20.957 37.5871 0 97792
44.348 20.913 37.6661 0 98304
44.3608 20.926 38.1963 0 98816
44.3767 20.936 38.1781 0 99328
44.3924 20.897 38.2493 0 99840
44.4054 20.913 38.774 0 100352
44.422 20.926 38.7499 0 100864
44.4384 20.936 39.2847 0 101376
44.4548 20.945 39.2678 0 101888
44.4669 20.951 39.2566 0 102400
44.4835 20.957 39.7981 0 102912
44.4997 20.961 39.7905 0 103424
44.5151 20.916 39.8761 0 103936
44.5281 20.929 40.4048 0 104448
44.544 20.939 40.3855 0 104960
44.5602 20.898 40.4647 0 105472
44.5769 20.914 40.9877 0 105984
44.5898 20.927 40.9622 0 106496
44.6053 20.889 41.0367 0 107008
44.6217 20.907 41.5555 0 107520
44.6374 20.873 41.6231 0 108032
44.6504 20.846 41.6771 0 108544
44.6665 20.872 42.1801 0 109056
44.682 20.846 42.2328 0 109568
44.6955 20.872 42.7351 0 110080
44.7114 20.893 42.6922 0 110592
44.7633 20.91 38.7795 0 100352
44.7753 20.924 38.7536 0 100864
44.7922 20.935 39.2866 0 101376
44.8081 20.943 39.2715 0 101888
44.8224 20.902 39.3486 0 102400
44.8368 20.917 39.8742 0 102912
44.8529 20.93 39.8494 0 103424
44.8689 20.891 39.9238 0 103936
44.8814 20.909 40.4434 0 104448
44.8973 20.922 40.4183 0 104960
44.9135 20.886 40.488 0 105472
44.9301 20.904 41.0073 0 105984
44.9431 20.919 40.9779 0 106496
44.959 20.883 41.0485 0 107008
44.9755 20.902 41.5654 0 107520
44.9911 20.869 41.6311 0 108032
45.0041 20.843 41.6831 0 108544
45.0203 20.87 42.1842 0 109056
45.0357 20.843 42.2388 0 109568
45.0517 20.87 42.7392 0 110080
45.0647 20.892 42.6942 0 110592
45.0811 20.909 42.6595 0 111104
45.0972 20.923 43.1846 0 111616
45.1134 21.318 42.3845 0 112128
45.1269 21.25 42.5201 0 112640
45.1428 21.196 43.1749 0 113152
45.1587 21.152 43.2648 0 113664
45.1722 21.117 43.3365 0 114176
45.1884 21.09 43.9412 0 114688
45.2036 21.067 43.9892 0 115200
45.219 21.001 44.1274 0 115712
45.233 20.997 44.6875 0 116224
45.2484 20.993 44.696 0 116736
45.2641 20.942 44.8049 0 117248
45.2808 20.949 45.3429 0 117760
45.2952 20.955 45.3299 0 118272
45.3111 20.96 45.8718 0 118784
45.3266 20.963 45.8652 0 119296
45.3418 20.918 45.9639 0 119808
45.3567 20.93 46.491 0 120320
45.3719 20.94 46.4688 0 120832
45.3869 20.899 46.5599 0 121344
45.4028 20.915 47.0782 0 121856
45.4172 20.928 47.0489 0 122368
45.4319 20.89 47.1345 0 122880
45.4471 20.907 47.6503 0 123392
45.4625 20.921 47.6184 0 123904
45.478 20.885 47.7005 0 124416
45.4939 20.903 48.2136 0 124928
45.5093 20.904 48.2113 0 125440
45.5247 20.905 48.2089 0 125952
45.5405 20.953 48.6514 0 126464
45.5559 20.992 48.561 0 126976
45.5718 21.071 48.9287 0 127488
45.5872 21.135 48.7805 0 128000
45.6025 21.185 48.6654 0 128512
45.6184 21.274 49.0063 0 129024
45.6338 21.345 48.8433 0 129536
45.6492 21.402 48.7132 0 130048
45.665 21.495 49.0414 0 130560
45.6804 21.57 48.8708 0 131072
45.6967 21.629 48.7375 0 131584
45.7136 21.725 49.0554 0 132096
45.7681 21.528 32.8235 0 88064
45.7794 21.418 33.5329 0 88576
45.796 21.33 33.6713 0 89088
45.8124 21.211 33.8602 0 89600
45.824 21.165 34.4811 0 90112
45.8404 21.127 34.5431 0 90624
45.8566 21.05 34.6695 0 91136
45.8737 21.035 35.2449 0 91648
45.8852 21.024 35.2633 0 92160
45.9017 20.967 35.3592 0 92672
45.9185 20.969 35.9082 0 93184
45.9347 20.923 35.9872 0 93696
45.9467 20.934 36.5216 0 94208
45.9629 20.943 36.5059 0 94720
45.9788 20.902 36.5776 0 95232
45.9957 20.917 37.1051 0 95744
46.0077 20.929 37.0839 0 96256
46.0239 20.891 37.1513 0 96768
46.0411 20.908 37.6751 0 97280
46.0567 20.874 37.7365 0 97792
46.0685 20.847 37.7854 0 98304
46.0854 20.873 38.2933 0 98816
46.1011 20.846 38.3429 0 99328
46.1126 20.824 38.3834 0 99840
46.1298 20.855 38.8818 0 100352
46.1464 20.88 38.8352 0 100864
46.1628 20.899 39.3542 0 101376
46.1753 20.915 39.3241 0 101888
46.1913 20.928 39.2997 0 102400
46.2079 20.938 39.8342 0 102912
46.2241 20.946 39.819 0 103424
46.2361 20.952 39.8076 0 103936
46.2525 20.957 40.3508 0 104448
46.2684 20.962 40.3412 0 104960
46.2846 20.917 40.428 0 105472
46.2981 20.929 40.9583 0 105984
46.3143 20.939 40.9387 0 106496
46.3297 20.899 41.0171 0 107008
46.3461 20.915 41.5396 0 107520
46.3591 20.927 41.5157 0 108032
46.3748 20.889 41.5913 0 108544
46.391 20.907 42.1095 0 109056
46.4039 20.921 42.0814 0 109568
46.4199 20.933 42.6106 0 110080
46.4358 20.942 42.5923 0 110592
46.4515 20.901 42.6759 0 111104
46.4659 20.916 43.1991 0 111616
46.4816 20.929 43.1722 0 112128
46.4975 20.891 43.2508 0 112640
46.5135 20.908 43.7697 0 113152
46.5269 20.922 43.7404 0 113664
46.5426 20.885 43.8179 0 114176
46.5583 20.904 44.3322 0 114688
46.5738 20.871 44.4023 0 115200
46.5872 20.844 44.4598 0 115712
46.6031 20.871 44.9573 0 116224
46.6186 20.892 44.9121 0 116736
46.6343 20.861 44.9789 0 117248
46.6492 20.885 45.4818 0 117760
46.6649 20.903 45.4427 0 118272
46.6808 20.918 45.9639 0 118784
46.6963 20.93 45.9375 0 119296
46.7112 20.94 45.9156 0 119808
46.7635 20.947 40.9231 0 105984
46.776 20.954 40.9094 0 106496
46.792 20.91 40.9955 0 107008
46.8084 20.924 41.5217 0 107520
46.8217 20.887 41.5953 0 108032
46.837 20.857 41.6551 0 108544
46.8532 20.881 42.162 0 109056
46.8687 20.852 42.2206 0 109568
46.8822 20.878 42.7229 0 110080
46.898 20.898 42.682 0 110592
46.9137 20.866 42.7474 0 111104
46.9304 20.888 43.257 0 111616
46.9439 20.906 43.2197 0 112128
46.9595 20.921 43.1888 0 112640
46.976 20.932 43.7195 0 113152
46.9914 20.941 43.7007 0 113664
47.0053 20.949 43.684 0 114176
47.021 20.954 44.2264 0 114688
47.0367 20.959 44.2158 0 115200
47.0517 20.915 44.3089 0 115712
47.0661 20.928 44.8349 0 116224
47.0816 20.938 44.8134 0 116736
47.0973 20.898 44.8992 0 117248
47.1134 21.168 44.8738 0 117760
47.1278 21.13 44.9545 0 118272
47.1438 21.1 45.5674 0 118784
47.1592 21.075 45.6214 0 119296
47.1741 21.056 45.6626 0 119808
47.1898 21.04 46.2479 0 120320
47.205 21.028 46.2743 0 120832
47.22 20.97 46.4023 0 121344
47.2349 20.972 46.9502 0 121856
47.2499 20.973 46.948 0 122368
47.2646 20.926 47.0534 0 122880
47.2803 20.936 47.5843 0 123392
47.2957 20.945 47.5638 0 123904
47.3111 20.903 47.6594 0 124416
47.3271 20.918 48.179 0 124928
47.3424 20.916 48.1836 0 125440
47.3578 20.914 48.1882 0 125952
47.3737 20.961 48.6328 0 126464
47.3891 20.998 48.5471 0 126976
47.4049 21.076 48.9171 0 127488
47.4203 21.139 48.7713 0 128000
47.4357 21.188 48.6585 0 128512
47.4515 21.276 49.0017 0 129024
47.4669 21.347 48.8387 0 129536
47.4823 21.403 48.7109 0 130048
47.4982 21.496 49.0391 0 130560
47.5135 21.571 48.8686 0 131072
47.5299 21.63 48.7353 0 131584
47.5467 21.726 49.0531 0 132096
47.5631 21.803 48.8799 0 132608
47.5794 21.864 48.7435 0 133120
47.5962 21.961 49.0557 0 133632
47.6126 22.039 48.8821 0 134144
47.6294 22.101 48.7449 0 134656
47.6462 22.199 49.0516 0 135168
47.6625 22.277 48.8798 0 135680
47.6794 22.387 49.1571 0 136192
47.6957 22.476 48.9624 0 136704
47.7121 22.547 48.8083 0 137216
47.7699 22.185 30.285 0 83456
47.7796 21.895 30.6861 0 83968
47.7969 21.712 31.4783 0 84480
47.8141 21.517 31.7635 0 84992
47.8246 21.409 32.4649 0 85504
47.8413 21.323 32.5958 0 86016
47.8582 21.206 32.7756 0 86528
47.8751 21.16 33.3943 0 87040
47.8857 21.124 33.4512 0 87552
47.9023 21.047 33.5736 0 88064
47.9194 21.033 34.1467 0 88576
47.9366 21.022 34.1646 0 89088
47.9471 21.013 34.1792 0 89600
47.964 21.006 34.7421 0 90112
47.9804 21.001 34.7503 0 90624
47.9971 20.948 34.8383 0 91136
48.0086 20.954 35.3811 0 91648
48.0253 20.959 35.3727 0 92160
48.0417 20.915 35.4471 0 92672
48.0591 20.927 35.9803 0 93184
48.0701 20.937 35.9631 0 93696
48.0868 20.946 36.5007 0 94208
48.103 20.952 36.4903 0 94720
48.1145 20.957 36.4816 0 95232
48.1314 20.961 37.0272 0 95744
48.1478 20.965 37.0202 0 96256
48.1645 20.919 37.1016 0 96768
48.1765 20.931 37.6337 0 97280
48.1926 20.94 37.6176 0 97792
48.2091 20.9 37.6896 0 98304
48.2255 20.916 38.2146 0 98816
48.2375 20.928 38.1927 0 99328
48.2532 20.89 38.2621 0 99840
48.2698 20.908 38.7832 0 100352
48.2862 20.874 38.8464 0 100864
48.2992 20.895 39.3618 0 101376
48.3151 20.911 39.3316 0 101888
48.3313 20.877 39.3957 0 102400
48.3475 20.897 39.9123 0 102912
48.36 20.913 39.8818 0 103424
48.3759 20.878 39.9487 0 103936
48.3918 20.898 40.4647 0 104448
48.4043 20.914 40.4338 0 104960
48.4208 20.927 40.4087 0 105472
48.4374 20.937 40.9426 0 105984
48.4536 20.945 40.927 0 106496
48.4666 20.952 40.9133 0 107008
48.483 20.957 41.4563 0 107520
48.4989 20.961 41.4484 0 108032
48.5146 20.917 41.5356 0 108544
48.5281 20.929 42.0653 0 109056
48.5437 20.939 42.0452 0 109568
48.5597 20.947 42.5821 0 110080
48.5751 20.953 42.5699 0 110592
48.5891 20.958 42.5598 0 111104
48.6052 20.962 43.1043 0 111616
48.6214 20.965 43.0981 0 112128
48.6369 20.92 43.1908 0 112640
48.6508 20.931 43.7216 0 113152
48.6667 20.941 43.7007 0 113664
48.6819 20.9 43.7864 0 114176
48.6981 20.916 44.3068 0 114688
48.7116 20.928 44.2813 0 115200
48.7632 20.89 39.9257 0 103936
48.7757 20.908 40.4454 0 104448
48.7916 20.922 40.4183 0 104960
48.8078 20.885 40.4899 0 105472
48.8223 20.904 41.0073 0 105984
48.8374 20.918 40.9798 0 106496
48.8534 20.882 41.0505 0 107008
48.8698 20.901 41.5674 0 107520
48.8833 20.869 41.6311 0 108032
48.8985 20.843 41.6831 0 108544
48.9146 20.87 42.1842 0 109056
48.9301 20.843 42.2388 0 109568
48.9431 20.87 42.7392 0 110080
48.959 20.892 42.6942 0 110592
48.9752 20.861 42.7577 0 111104
48.9913 20.884 43.2653 0 111616
49.0048 20.903 43.2259 0 112128
49.021 20.918 43.195 0 112640
49.0369 20.93 43.7237 0 113152
49.0528 20.94 43.7028 0 113664
49.0663 20.947 43.6882 0 114176
49.0825 20.954 44.2264 0 114688
49.0977 20.958 44.218 0 115200
49.1116 20.962 44.2095 0 115712
49.1271 20.965 44.7557 0 116224
49.1425 20.968 44.7493 0 116736
49.1582 20.922 44.8477 0 117248
49.1731 20.933 45.3775 0 117760
49.1893 20.942 45.358 0 118272
49.2052 20.949 45.8958 0 118784
49.2207 20.955 45.8827 0 119296
49.2351 20.96 45.8718 0 119808
49.2508 20.963 46.4178 0 120320
49.266 20.966 46.4111 0 120832
49.281 20.921 46.511 0 121344
49.2959 20.932 47.0399 0 121856
49.3113 20.941 47.0197 0 122368
49.326 20.901 47.1097 0 122880
49.3412 20.916 47.6298 0 123392
49.3566 20.928 47.6024 0 123904
49.3721 20.89 47.689 0 124416
49.388 20.908 48.202 0 124928
49.4034 20.908 48.202 0 125440
49.4188 20.908 48.202 0 125952
49.4346 20.956 48.6444 0 126464
49.45 20.994 48.5563 0 126976
49.4659 21.073 48.924 0 127488
49.4813 21.136 48.7782 0 128000
49.4966 21.186 48.6631 0 128512
49.5125 21.275 49.004 0 129024
49.5279 21.345 48.8433 0 129536
49.5433 21.402 48.7132 0 130048
49.5591 21.495 49.0414 0 130560
49.5745 21.57 48.8708 0 131072
49.5908 21.63 48.7353 0 131584
49.6077 21.726 49.0531 0 132096
49.624 21.802 48.8821 0 132608
49.6408 21.864 48.7435 0 133120
49.6576 21.961 49.0557 0 133632
49.674 22.038 48.8843 0 134144
49.6903 22.101 48.7449 0 134656
49.7072 22.198 49.0538 0 135168
49.7694 21.954 32.1866 0 87552
49.7799 21.759 32.475 0 88064
49.7971 21.603 33.2458 0 88576
49.8137 21.478 33.4392 0 89088
49.8248 21.378 33.5957 0 89600
49.8417 21.298 34.2658 0 90112
49.8581 21.234 34.369 0 90624
49.8743 21.135 34.53 0 91136
49.8863 21.103 35.1313 0 91648
49.9029 21.078 35.173 0 92160
